0.000E+0 0
1.000E-2 6.63354026E-15
2.000E-2 1.62567978E-14
3.000E-2 3.02341557E-14
4.000E-2 5.05489594E-14
5.000E-2 8.00821403E-14
6.000E-2 1.23015519E-13
7.000E-2 1.85415593E-13
8.000E-2 2.76078896E-13
9.000E-2 4.07747837E-13
1.000E-1 5.9892289E-13
1.100E-1 8.7638817E-13
1.200E-1 1.27904611E-12
1.300E-1 1.86335201E-12
1.400E-1 2.71139821E-12
1.500E-1 3.9427179E-12
1.600E-1 5.73165762E-12
1.700E-1 8.33297157E-12
1.800E-1 1.21195777E-11
1.900E-1 1.76383034E-11
2.000E-1 2.5692238E-11
2.100E-1 3.7462434E-11
2.200E-1 5.46878002E-11
2.300E-1 7.99310606E-11
2.400E-1 1.16972021E-10
2.500E-1 1.71389175E-10
2.600E-1 2.51419976E-10
2.700E-1 3.69233461E-10
2.800E-1 5.42813083E-10
2.900E-1 7.98742563E-10
3.000E-1 1.17632806E-9
3.100E-1 1.73369776E-9
3.200E-1 2.55682701E-9
3.300E-1 3.7728912E-9
3.400E-1 5.57001796E-9
3.500E-1 8.22649735E-9
3.600E-1 1.21539606E-8
3.700E-1 1.79611665E-8
3.800E-1 2.6548146E-8
3.900E-1 3.92449773E-8
4.000E-1 5.80160096E-8
4.100E-1 8.5759767E-8
4.200E-1 1.2674832E-7
4.300E-1 1.87269539E-7
4.400E-1 2.76564677E-7
4.500E-1 4.08197647E-7
