0.000E+0 0
1.000E-2 1.12817425E-13
2.000E-2 2.72898741E-13
3.000E-2 5.00434444E-13
4.000E-2 8.2418259E-13
5.000E-2 1.28501926E-12
6.000E-2 1.94102528E-12
7.000E-2 2.87466431E-12
8.000E-2 4.2029712E-12
9.000E-2 6.09203313E-12
1.000E-1 8.77762651E-12
1.100E-1 1.25947191E-11
1.200E-1 1.80197948E-11
1.300E-1 2.5731791E-11
1.400E-1 3.6700134E-11
1.500E-1 5.23122922E-11
1.600E-1 7.455902E-11
1.700E-1 1.06303839E-10
1.800E-1 1.51675502E-10
1.900E-1 2.16639977E-10
2.000E-1 3.09834404E-10
2.100E-1 4.43783384E-10
2.200E-1 6.36673297E-10
2.300E-1 9.14941219E-10
2.400E-1 1.3170533E-9
2.500E-1 1.89902024E-9
2.600E-1 2.74245017E-9
2.700E-1 3.96630826E-9
2.800E-1 5.74409238E-9
2.900E-1 8.32892194E-9
3.000E-1 1.20901908E-8
3.100E-1 1.75671189E-8
3.200E-1 2.55469999E-8
3.300E-1 3.71795425E-8
3.400E-1 5.41439617E-8
3.500E-1 7.88931692E-8
3.600E-1 1.15010646E-7
3.700E-1 1.6773201E-7
3.800E-1 2.447073E-7
3.900E-1 3.5711506E-7
4.000E-1 5.21290575E-7
4.100E-1 7.61105472E-7
4.200E-1 1.11144519E-6
4.300E-1 1.62329043E-6
4.400E-1 2.37114125E-6
4.500E-1 3.46386174E-6
