0.000E+0 0
1.000E-2 4.856225E-16
2.000E-2 1.18942529E-15
3.000E-2 2.21202259E-15
4.000E-2 3.70018208E-15
5.000E-2 5.86786923E-15
6.000E-2 9.02684834E-15
7.000E-2 1.36311883E-14
8.000E-2 2.03420272E-14
9.000E-2 3.01219101E-14
1.000E-1 4.43724077E-14
1.100E-1 6.51352622E-14
1.200E-1 9.53870822E-14
1.300E-1 1.39472236E-13
1.400E-1 2.03740496E-13
1.500E-1 2.97488761E-13
1.600E-1 4.34355055E-13
1.700E-1 6.34385921E-13
1.800E-1 9.27106703E-13
1.900E-1 1.35608549E-12
2.000E-1 1.98572137E-12
2.100E-1 2.91134459E-12
2.200E-1 4.27424829E-12
2.300E-1 6.2840638E-12
2.400E-1 9.25207279E-12
2.500E-1 1.36408107E-11
2.600E-1 2.01379392E-11
2.700E-1 2.97662774E-11
2.800E-1 4.40477067E-11
2.900E-1 6.52473445E-11
3.000E-1 9.67373103E-11
3.100E-1 1.43538646E-10
3.200E-1 2.13128583E-10
3.300E-1 3.16642869E-10
3.400E-1 4.70666004E-10
3.500E-1 6.99895615E-10
3.600E-1 1.041105E-9
3.700E-1 1.54903003E-9
3.800E-1 2.30510048E-9
3.900E-1 3.43035854E-9
4.000E-1 5.10450117E-9
4.100E-1 7.59379179E-9
4.200E-1 1.12916242E-8
4.300E-1 1.67767057E-8
4.400E-1 2.48948254E-8
4.500E-1 3.68700873E-8
