0.000E+0 0
1.000E-2 3.30490381E-15
2.000E-2 8.12422494E-15
3.000E-2 1.51608828E-14
4.000E-2 2.54419734E-14
5.000E-2 4.04670466E-14
6.000E-2 6.24238E-14
7.000E-2 9.45018637E-14
8.000E-2 1.41349509E-13
9.000E-2 2.09739016E-13
1.000E-1 3.09537482E-13
1.100E-1 4.55126069E-13
1.200E-1 6.67479883E-13
1.300E-1 9.77224209E-13
1.400E-1 1.42913797E-12
1.500E-1 2.0888073E-12
1.600E-1 3.05247838E-12
1.700E-1 4.4616749E-12
1.800E-1 6.52491292E-12
1.900E-1 9.54998804E-12
2.000E-1 1.39920081E-11
2.100E-1 2.05248738E-11
2.200E-1 3.01476767E-11
2.300E-1 4.43430994E-11
2.400E-1 6.53132728E-11
2.500E-1 9.63310246E-11
2.600E-1 1.42263053E-10
2.700E-1 2.10349296E-10
2.800E-1 3.11364088E-10
2.900E-1 4.61346342E-10
3.000E-1 6.84177814E-10
3.100E-1 1.01542549E-9
3.200E-1 1.50806822E-9
3.300E-1 2.2410321E-9
3.400E-1 3.33191273E-9
3.500E-1 4.95593893E-9
3.600E-1 7.37424051E-9
3.700E-1 1.09759863E-8
3.800E-1 1.63411987E-8
3.900E-1 2.43343919E-8
4.000E-1 3.62441592E-8
4.100E-1 5.39912567E-8
4.200E-1 8.04387874E-8
4.300E-1 1.19854572E-7
4.400E-1 1.78600329E-7
4.500E-1 2.66158847E-7
