0.000E+0 0
1.000E-2 8.74178354E-15
2.000E-2 2.14333411E-14
3.000E-2 3.9885452E-14
4.000E-2 6.67317242E-14
5.000E-2 1.0579816E-13
6.000E-2 1.62637141E-13
7.000E-2 2.45296413E-13
8.000E-2 3.65443229E-13
9.000E-2 5.39964834E-13
1.000E-1 7.93314451E-13
1.100E-1 1.16090626E-12
1.200E-1 1.69406556E-12
1.300E-1 2.46726755E-12
1.400E-1 3.58876167E-12
1.500E-1 5.21621919E-12
1.600E-1 7.57985028E-12
1.700E-1 1.101664E-11
1.800E-1 1.60211425E-11
1.900E-1 2.33209313E-11
2.000E-1 3.39887569E-11
2.100E-1 4.96093424E-11
2.200E-1 7.25275103E-11
2.300E-1 1.06217383E-10
2.400E-1 1.55831857E-10
2.500E-1 2.29020564E-10
2.600E-1 3.37147747E-10
2.700E-1 4.9710596E-10
2.800E-1 7.3401752E-10
2.900E-1 1.08525886E-9
3.000E-1 1.60645635E-9
3.100E-1 2.38042033E-9
3.200E-1 3.53045831E-9
3.300E-1 5.24021539E-9
3.400E-1 7.78324366E-9
3.500E-1 1.15670738E-8
3.600E-1 1.71989034E-8
3.700E-1 2.55835086E-8
3.800E-1 3.80691883E-8
3.900E-1 5.66653075E-8
4.000E-1 8.43665667E-8
4.100E-1 1.25636349E-7
4.200E-1 1.87127166E-7
4.300E-1 2.78754447E-7
4.400E-1 4.15296825E-7
4.500E-1 6.18780759E-7
