0.000E+0 0
1.000E-2 2.96156527E-13
2.000E-2 7.11873356E-13
3.000E-2 1.29570179E-12
4.000E-2 2.11589989E-12
5.000E-2 3.26842993E-12
6.000E-2 4.88820645E-12
7.000E-2 7.16492171E-12
8.000E-2 1.03653202E-11
9.000E-2 1.48645656E-11
1.000E-1 2.11904316E-11
1.100E-1 3.00855935E-11
1.200E-1 4.25954708E-11
1.300E-1 6.01921582E-11
1.400E-1 8.49493293E-11
1.500E-1 1.19789145E-10
1.600E-1 1.68830887E-10
1.700E-1 2.37883282E-10
1.800E-1 3.3513982E-10
1.900E-1 4.72160814E-10
2.000E-1 6.6526051E-10
2.100E-1 9.37466379E-10
2.200E-1 1.32128667E-9
2.300E-1 1.86261974E-9
2.400E-1 2.62627635E-9
2.500E-1 3.70378033E-9
2.600E-1 5.22438765E-9
2.700E-1 7.37065141E-9
2.800E-1 1.04004069E-8
2.900E-1 1.46778226E-8
3.000E-1 2.07172503E-8
3.100E-1 2.92451385E-8
3.200E-1 4.12874283E-8
3.300E-1 5.82928742E-8
3.400E-1 8.23069677E-8
3.500E-1 1.16217055E-7
3.600E-1 1.64097459E-7
3.700E-1 2.31694777E-7
3.800E-1 3.27109152E-7
3.900E-1 4.61748644E-7
4.000E-1 6.51662887E-7
4.100E-1 9.19401911E-7
4.200E-1 1.29660097E-6
4.300E-1 1.82757077E-6
4.400E-1 2.57428818E-6
4.500E-1 3.6233553E-6
