0.000E+0 0
1.000E-2 4.31416905E-13
2.000E-2 1.03696842E-12
3.000E-2 1.88735791E-12
4.000E-2 3.08198285E-12
5.000E-2 4.76057785E-12
6.000E-2 7.11958947E-12
7.000E-2 1.04352137E-11
8.000E-2 1.50958209E-11
9.000E-2 2.1647614E-11
1.000E-1 3.08589546E-11
1.100E-1 4.38110304E-11
1.200E-1 6.20257165E-11
1.300E-1 8.76459593E-11
1.400E-1 1.2369035E-10
1.500E-1 1.74412501E-10
1.600E-1 2.45808475E-10
1.700E-1 3.46333354E-10
1.800E-1 4.87913256E-10
1.900E-1 6.87374686E-10
2.000E-1 9.68463419E-10
2.100E-1 1.36469615E-9
2.200E-1 1.92338854E-9
2.300E-1 2.71134503E-9
2.400E-1 3.82289617E-9
2.500E-1 5.39125204E-9
2.600E-1 7.6045398E-9
2.700E-1 1.07284575E-8
2.800E-1 1.51382717E-8
2.900E-1 2.13640107E-8
3.000E-1 3.01542851E-8
3.100E-1 4.25663999E-8
3.200E-1 6.00935555E-8
3.300E-1 8.48443371E-8
3.400E-1 1.19795861E-7
3.500E-1 1.69150549E-7
3.600E-1 2.3883848E-7
3.700E-1 3.37223803E-7
3.800E-1 4.76096466E-7
3.900E-1 6.7206157E-7
4.000E-1 9.48481013E-7
4.100E-1 1.33817977E-6
4.200E-1 1.88720918E-6
4.300E-1 2.66007329E-6
4.400E-1 3.74699188E-6
4.500E-1 5.27402274E-6
