0.000E+0 0
1.000E-2 8.63806338E-12
2.000E-2 2.07150652E-11
3.000E-2 3.76126321E-11
4.000E-2 6.12668806E-11
5.000E-2 9.43908121E-11
6.000E-2 1.40786106E-10
7.000E-2 2.05780492E-10
8.000E-2 2.968417E-10
9.000E-2 4.24439927E-10
1.000E-1 6.03260407E-10
1.100E-1 8.53909607E-10
1.200E-1 1.20531789E-9
1.300E-1 1.69812533E-9
1.400E-1 2.38945576E-9
1.500E-1 3.35965143E-9
1.600E-1 4.72177679E-9
1.700E-1 6.63503293E-9
1.800E-1 9.32369533E-9
1.900E-1 1.31038514E-8
2.000E-1 1.84211532E-8
2.100E-1 2.59041272E-8
2.200E-1 3.6439454E-8
2.300E-1 5.12782783E-8
2.400E-1 7.21863448E-8
2.500E-1 1.01656034E-7
2.600E-1 1.43205823E-7
2.700E-1 2.01803212E-7
2.800E-1 2.84462021E-7
2.900E-1 4.01085873E-7
3.000E-1 5.65659254E-7
3.100E-1 7.97929098E-7
3.200E-1 1.1257784E-6
3.300E-1 1.58857553E-6
3.400E-1 2.24189825E-6
3.500E-1 3.1641921E-6
3.600E-1 4.46614684E-6
3.700E-1 6.30388373E-6
3.800E-1 8.8974698E-6
3.900E-1 1.25568496E-5
4.000E-1 1.77180503E-5
4.100E-1 2.49935193E-5
4.200E-1 3.52417353E-5
4.300E-1 4.9662953E-5
4.400E-1 6.99291583E-5
4.500E-1 9.83601246E-5
