0.000E+0 0
1.000E-2 3.11211817E-15
2.000E-2 7.59340617E-15
3.000E-2 1.4052451E-14
4.000E-2 2.33673865E-14
5.000E-2 3.6804779E-14
6.000E-2 5.61908548E-14
7.000E-2 8.41582069E-14
8.000E-2 1.24501477E-13
9.000E-2 1.82690615E-13
1.000E-1 2.666124E-13
1.100E-1 3.87643244E-13
1.200E-1 5.62203677E-13
1.300E-1 8.14014366E-13
1.400E-1 1.17737527E-12
1.500E-1 1.7019384E-12
1.600E-1 2.45966209E-12
1.700E-1 3.55495261E-12
1.800E-1 5.13946239E-12
1.900E-1 7.43369132E-12
2.000E-1 1.07585262E-11
2.100E-1 1.55812972E-11
2.200E-1 2.25830426E-11
2.300E-1 3.27567553E-11
2.400E-1 4.75508975E-11
2.500E-1 6.90790612E-11
2.600E-1 1.00426287E-10
2.700E-1 1.4609664E-10
2.800E-1 2.12667228E-10
2.900E-1 3.09743947E-10
3.000E-1 4.513582E-10
3.100E-1 6.58008149E-10
3.200E-1 9.59641993E-10
3.300E-1 1.40001805E-9
3.400E-1 2.04307706E-9
3.500E-1 2.98225516E-9
3.600E-1 4.354094E-9
3.700E-1 6.35812928E-9
3.800E-1 9.2859506E-9
3.900E-1 1.35636541E-8
4.000E-1 1.9813845E-8
4.100E-1 2.89461583E-8
4.200E-1 4.22893492E-8
4.300E-1 6.17839107E-8
4.400E-1 9.0262705E-8
4.500E-1 1.31859393E-7
