0.000E+0 -0.26275637
1.000E-2 -0.262728467
2.000E-2 -0.262700383
3.000E-2 -0.262671951
4.000E-2 -0.262643174
5.000E-2 -0.262613917
6.000E-2 -0.262584068
7.000E-2 -0.26255351
8.000E-2 -0.262522013
9.000E-2 -0.262489295
1.000E-1 -0.262454992
1.100E-1 -0.262418519
1.200E-1 -0.262379139
1.300E-1 -0.262335828
1.400E-1 -0.262287112
1.500E-1 -0.26223099
1.600E-1 -0.262164608
1.700E-1 -0.262083993
1.800E-1 -0.261983486
1.900E-1 -0.261855054
2.000E-1 -0.261687274
2.100E-1 -0.26146382
2.200E-1 -0.261161299
2.300E-1 -0.260746124
2.400E-1 -0.260169943
2.500E-1 -0.259363162
2.600E-1 -0.258225364
2.700E-1 -0.256611574
2.800E-1 -0.254312234
2.900E-1 -0.251024348
3.000E-1 -0.246309363
3.100E-1 -0.239532408
3.200E-1 -0.229773872
3.300E-1 -0.215701337
3.400E-1 -0.195383862
3.500E-1 -0.166022705
3.600E-1 -0.123561297
3.700E-1 -0.0621206191
3.800E-1 0.0268170253
