0.000E+0 0
1.000E-2 1.04310196E-12
2.000E-2 2.50832534E-12
3.000E-2 4.56740152E-12
4.000E-2 7.46189979E-12
5.000E-2 1.15316244E-11
6.000E-2 1.72545745E-11
7.000E-2 2.53031917E-11
8.000E-2 3.66235658E-11
9.000E-2 5.25470113E-11
1.000E-1 7.4947318E-11
1.100E-1 1.06462465E-10
1.200E-1 1.50807356E-10
1.300E-1 2.1321511E-10
1.400E-1 3.01059937E-10
1.500E-1 4.24736543E-10
1.600E-1 5.98901928E-10
1.700E-1 8.4422914E-10
1.800E-1 1.18988426E-9
1.900E-1 1.677025E-9
2.000E-1 2.36374263E-9
2.100E-1 3.33204254E-9
2.200E-1 4.69770501E-9
2.300E-1 6.62421455E-9
2.400E-1 9.34243685E-9
2.500E-1 1.31784151E-8
2.600E-1 1.85926353E-8
2.700E-1 2.62354925E-8
2.800E-1 3.70256372E-8
2.900E-1 5.22606331E-8
3.000E-1 7.37732341E-8
3.100E-1 1.0415205E-7
3.200E-1 1.47053051E-7
3.300E-1 2.07639166E-7
3.400E-1 2.93200328E-7
3.500E-1 4.14027476E-7
3.600E-1 5.84643385E-7
3.700E-1 8.25533887E-7
3.800E-1 1.16557897E-6
3.900E-1 1.6454597E-6
4.000E-1 2.32242079E-6
4.100E-1 3.27691001E-6
4.200E-1 4.62180914E-6
4.300E-1 6.5152435E-6
4.400E-1 9.17834964E-6
4.500E-1 1.29199567E-5
