0.000E+0 0
1.000E-2 1.35603838E-10
2.000E-2 3.24491125E-10
3.000E-2 5.87825666E-10
4.000E-2 9.55174006E-10
5.000E-2 1.46784184E-9
6.000E-2 2.18353764E-9
7.000E-2 3.18289386E-9
8.000E-2 4.57858946E-9
9.000E-2 6.52811774E-9
1.000E-1 9.25166491E-9
1.100E-1 1.30571579E-8
1.200E-1 1.83753719E-8
1.300E-1 2.58091577E-8
1.400E-1 3.62024865E-8
1.500E-1 5.07373069E-8
1.600E-1 7.10694207E-8
1.700E-1 9.95190715E-8
1.800E-1 1.39338199E-7
1.900E-1 1.95085004E-7
2.000E-1 2.73148522E-7
2.100E-1 3.82482448E-7
2.200E-1 5.35630079E-7
2.300E-1 7.50152638E-7
2.400E-1 1.05061342E-6
2.500E-1 1.47132171E-6
2.600E-1 2.06010344E-6
2.700E-1 2.88343635E-6
2.800E-1 4.03335477E-6
2.900E-1 5.63656644E-6
3.000E-1 7.86621723E-6
3.100E-1 1.09563137E-5
3.200E-1 1.52188322E-5
3.300E-1 2.10618185E-5
3.400E-1 2.90060325E-5
3.500E-1 3.96956564E-5
3.600E-1 5.3897564E-5
3.700E-1 7.24841486E-5
3.800E-1 9.63971238E-5
3.900E-1 0.000126590769
4.000E-1 0.000163942163
4.100E-1 0.000209070369
4.200E-1 0.000261891127
4.300E-1 0.000320595197
4.400E-1 0.000380326024
4.500E-1 0.000434542815
