0.000E+0 0
1.000E-2 5.90094842E-13
2.000E-2 1.42530177E-12
3.000E-2 2.60849894E-12
4.000E-2 4.28573395E-12
5.000E-2 6.66434199E-12
6.000E-2 1.00386816E-11
7.000E-2 1.48267037E-11
8.000E-2 2.16219376E-11
9.000E-2 3.12674299E-11
1.000E-1 4.49609636E-11
1.100E-1 6.44048762E-11
1.200E-1 9.20194946E-11
1.300E-1 1.31247353E-10
1.400E-1 1.86987E-10
1.500E-1 2.66211792E-10
1.600E-1 3.78852823E-10
1.700E-1 5.39058923E-10
1.800E-1 7.66994993E-10
1.900E-1 1.09140887E-9
2.000E-1 1.55329525E-9
2.100E-1 2.21112574E-9
2.200E-1 3.14831431E-9
2.300E-1 4.4838735E-9
2.400E-1 6.3876244E-9
2.500E-1 9.10190467E-9
2.600E-1 1.29725463E-8
2.700E-1 1.84930727E-8
2.800E-1 2.63677356E-8
2.900E-1 3.76013827E-8
3.000E-1 5.36274871E-8
3.100E-1 7.64903688E-8
3.200E-1 1.09104179E-7
3.300E-1 1.55620244E-7
3.400E-1 2.21946569E-7
3.500E-1 3.16479454E-7
3.600E-1 4.51127488E-7
3.700E-1 6.42731964E-7
3.800E-1 9.15011152E-7
3.900E-1 1.301169E-6
4.000E-1 1.84728892E-6
4.100E-1 2.61653413E-6
4.200E-1 3.69391225E-6
4.300E-1 5.190792E-6
4.400E-1 7.24729817E-6
4.500E-1 1.0029022E-5
