0.000E+0 0
1.000E-2 2.07649323E-15
2.000E-2 5.10451274E-15
3.000E-2 9.52672554E-15
4.000E-2 1.59906232E-14
5.000E-2 2.54426419E-14
6.000E-2 3.92653353E-14
7.000E-2 5.94773321E-14
8.000E-2 8.90249921E-14
9.000E-2 1.32208262E-13
1.000E-1 1.95303443E-13
1.100E-1 2.87475728E-13
1.200E-1 4.221195E-13
1.300E-1 6.1883196E-13
1.400E-1 9.06326798E-13
1.500E-1 1.3267459E-12
1.600E-1 1.94205263E-12
1.700E-1 2.84352627E-12
1.800E-1 4.16587704E-12
1.900E-1 6.10824483E-12
2.000E-1 8.96545135E-12
2.100E-1 1.31745239E-11
2.200E-1 1.93839649E-11
2.300E-1 2.85569028E-11
2.400E-1 4.21247181E-11
2.500E-1 6.22158762E-11
2.600E-1 9.19968301E-11
2.700E-1 1.3617994E-10
2.800E-1 2.01780317E-10
2.900E-1 2.99243689E-10
3.000E-1 4.44127298E-10
3.100E-1 6.59605165E-10
3.200E-1 9.80202211E-10
3.300E-1 1.45736025E-9
3.400E-1 2.16773485E-9
3.500E-1 3.22556323E-9
3.600E-1 4.80110135E-9
3.700E-1 7.14810896E-9
3.800E-1 1.06448234E-8
3.900E-1 1.58550433E-8
4.000E-1 2.36191926E-8
4.100E-1 3.51900808E-8
4.200E-1 5.24352979E-8
4.300E-1 7.81389506E-8
4.400E-1 1.16451497E-7
4.500E-1 1.73560362E-7
