0.000E+0 0
1.000E-2 2.37044877E-13
2.000E-2 5.74929821E-13
3.000E-2 1.05697024E-12
4.000E-2 1.74504421E-12
5.000E-2 2.72752815E-12
6.000E-2 4.13062639E-12
7.000E-2 6.13455446E-12
8.000E-2 8.99667239E-12
9.000E-2 1.30845828E-11
1.000E-1 1.8923537E-11
1.100E-1 2.72644155E-11
1.200E-1 3.91813304E-11
1.300E-1 5.62119232E-11
1.400E-1 8.05592516E-11
1.500E-1 1.15382561E-10
1.600E-1 1.65216371E-10
1.700E-1 2.36574799E-10
1.800E-1 3.38823314E-10
1.900E-1 4.85436511E-10
2.000E-1 6.95813131E-10
2.100E-1 9.97895437E-10
2.200E-1 1.43194976E-9
2.300E-1 2.05602332E-9
2.400E-1 2.95382133E-9
2.500E-1 4.2460783E-9
2.600E-1 6.10697511E-9
2.700E-1 8.78784186E-9
2.800E-1 1.26513816E-8
2.900E-1 1.82210872E-8
3.000E-1 2.62525975E-8
3.100E-1 3.78367372E-8
3.200E-1 5.45483082E-8
3.300E-1 7.86609492E-8
3.400E-1 1.13457395E-7
3.500E-1 1.63677484E-7
3.600E-1 2.36165026E-7
3.700E-1 3.40801736E-7
3.800E-1 4.91855442E-7
3.900E-1 7.09925961E-7
4.000E-1 1.0247528E-6
4.100E-1 1.4792648E-6
4.200E-1 2.13541766E-6
4.300E-1 3.08260211E-6
4.400E-1 4.4497412E-6
4.500E-1 6.42266901E-6
