0.000E+0 0
1.000E-2 9.89411716E-13
2.000E-2 2.38779615E-12
3.000E-2 4.36668001E-12
4.000E-2 7.16913103E-12
5.000E-2 1.11394113E-11
6.000E-2 1.67649024E-11
7.000E-2 2.47354271E-11
8.000E-2 3.6027281E-11
9.000E-2 5.20224541E-11
1.000E-1 7.46780979E-11
1.100E-1 1.06767934E-10
1.200E-1 1.52226919E-10
1.300E-1 2.16644443E-10
1.400E-1 3.07971485E-10
1.500E-1 4.37536317E-10
1.600E-1 6.21505362E-10
1.700E-1 8.82986347E-10
1.800E-1 1.2550582E-9
1.900E-1 1.78513785E-9
2.000E-1 2.54127575E-9
2.100E-1 3.62123338E-9
2.200E-1 5.16557463E-9
2.300E-1 7.37654851E-9
2.400E-1 1.0545329E-8
2.500E-1 1.50913164E-8
2.600E-1 2.16188484E-8
2.700E-1 3.09990422E-8
2.800E-1 4.44879147E-8
2.900E-1 6.38968786E-8
3.000E-1 9.18388493E-8
3.100E-1 1.32083513E-7
3.200E-1 1.90070183E-7
3.300E-1 2.73648148E-7
3.400E-1 3.94145387E-7
3.500E-1 5.67911184E-7
3.600E-1 8.18542524E-7
3.700E-1 1.18009675E-6
3.800E-1 1.70172606E-6
3.900E-1 2.45436028E-6
4.000E-1 3.54033717E-6
4.100E-1 5.10726788E-6
4.200E-1 7.36797403E-6
4.300E-1 1.06291016E-5
4.400E-1 1.53320771E-5
4.500E-1 2.21115052E-5
