0.000E+0 0
1.000E-2 1.51150325E-13
2.000E-2 3.63982473E-13
3.000E-2 6.63775745E-13
4.000E-2 1.08616998E-12
5.000E-2 1.68141267E-12
6.000E-2 2.52034853E-12
7.000E-2 3.70286771E-12
8.000E-2 5.36982377E-12
9.000E-2 7.71984964E-12
1.000E-1 1.10330892E-11
1.100E-1 1.57046948E-11
1.200E-1 2.22921175E-11
1.300E-1 3.15818799E-11
1.400E-1 4.4683868E-11
1.500E-1 6.31644942E-11
1.600E-1 8.92347589E-11
1.700E-1 1.2601584E-10
1.800E-1 1.77914139E-10
1.900E-1 2.51150824E-10
2.000E-1 3.5450934E-10
2.100E-1 5.00390288E-10
2.200E-1 7.06299343E-10
2.300E-1 9.96944618E-10
2.400E-1 1.40719029E-9
2.500E-1 1.98621046E-9
2.600E-1 2.80331991E-9
2.700E-1 3.9561361E-9
2.800E-1 5.58196038E-9
2.900E-1 7.87355906E-9
3.000E-1 1.11008697E-8
3.100E-1 1.56405079E-8
3.200E-1 2.20151888E-8
3.300E-1 3.0945034E-8
3.400E-1 4.34116801E-8
3.500E-1 6.07331473E-8
3.600E-1 8.4640987E-8
3.700E-1 1.17339129E-7
3.800E-1 1.6150429E-7
3.900E-1 2.20162181E-7
4.000E-1 2.96352973E-7
4.100E-1 3.92511994E-7
4.200E-1 5.09582641E-7
4.300E-1 6.46076142E-7
4.400E-1 7.97529167E-7
4.500E-1 9.56869543E-7
