0.000E+0 0
1.000E-2 1.80847074E-11
2.000E-2 4.33994793E-11
3.000E-2 7.88672781E-11
4.000E-2 1.28592475E-10
5.000E-2 1.98338504E-10
6.000E-2 2.9619903E-10
7.000E-2 4.33541426E-10
8.000E-2 6.26333649E-10
9.000E-2 8.97011311E-10
1.000E-1 1.27710628E-9
1.100E-1 1.81094956E-9
1.200E-1 2.56089019E-9
1.300E-1 3.6146544E-9
1.400E-1 5.09572684E-9
1.500E-1 7.17799939E-9
1.600E-1 1.01064467E-8
1.700E-1 1.42263119E-8
1.800E-1 2.00243076E-8
1.900E-1 2.81867807E-8
2.000E-1 3.96818216E-8
2.100E-1 5.58751631E-8
2.200E-1 7.86937515E-8
2.300E-1 1.10856542E-7
2.400E-1 1.5620003E-7
2.500E-1 2.2013717E-7
2.600E-1 3.10303855E-7
2.700E-1 4.37468614E-7
2.800E-1 6.16810771E-7
2.900E-1 8.69712339E-7
3.000E-1 1.22626236E-6
3.100E-1 1.72874155E-6
3.200E-1 2.43644059E-6
3.300E-1 3.4322633E-6
3.400E-1 4.83166086E-6
3.500E-1 6.79450027E-6
3.600E-1 9.54041632E-6
3.700E-1 1.3367997E-5
3.800E-1 1.8676938E-5
3.900E-1 2.59922093E-5
4.000E-1 3.59853589E-5
4.100E-1 4.94871727E-5
4.200E-1 6.74830604E-5
4.300E-1 9.10826677E-5
4.400E-1 0.000121456258
4.500E-1 0.000159725156
