0.000E+0 0
1.000E-2 2.67088512E-13
2.000E-2 6.45080158E-13
3.000E-2 1.18022583E-12
4.000E-2 1.93806363E-12
5.000E-2 3.01146274E-12
6.000E-2 4.53202417E-12
7.000E-2 6.68624195E-12
8.000E-2 9.738416E-12
9.000E-2 1.40631435E-11
1.000E-1 2.01914023E-11
1.100E-1 2.88759253E-11
1.200E-1 4.11839587E-11
1.300E-1 5.86288954E-11
1.400E-1 8.33570997E-11
1.500E-1 1.18413081E-10
1.600E-1 1.68115877E-10
1.700E-1 2.3859325E-10
1.800E-1 3.38539752E-10
1.900E-1 4.80292208E-10
2.000E-1 6.81354933E-10
2.100E-1 9.66561534E-10
2.200E-1 1.37113649E-9
2.300E-1 1.94502593E-9
2.400E-1 2.75901359E-9
2.500E-1 3.91333688E-9
2.600E-1 5.54978371E-9
2.700E-1 7.86859179E-9
2.800E-1 1.11518887E-8
2.900E-1 1.57958669E-8
3.000E-1 2.23542735E-8
3.100E-1 3.15958571E-8
3.200E-1 4.45775969E-8
3.300E-1 6.27328347E-8
3.400E-1 8.79670876E-8
3.500E-1 1.22741906E-7
3.600E-1 1.70106326E-7
3.700E-1 2.33607193E-7
3.800E-1 3.16985094E-7
3.900E-1 4.23573442E-7
4.000E-1 5.55417516E-7
4.100E-1 7.12355744E-7
4.200E-1 8.91585909E-7
4.300E-1 1.0883234E-6
4.400E-1 1.29777991E-6
4.500E-1 1.51797178E-6
