0.000E+0 0
1.000E-2 1.85516833E-14
2.000E-2 4.50981419E-14
3.000E-2 8.31098313E-14
4.000E-2 1.37561429E-13
5.000E-2 2.15582733E-13
6.000E-2 3.27391217E-13
7.000E-2 4.87628573E-13
8.000E-2 7.17277077E-13
9.000E-2 1.04640897E-12
1.000E-1 1.51813369E-12
1.100E-1 2.19426936E-12
1.200E-1 3.16349847E-12
1.300E-1 4.55310553E-12
1.400E-1 6.54588266E-12
1.500E-1 9.4044943E-12
1.600E-1 1.35066107E-11
1.700E-1 1.93955888E-11
1.800E-1 2.78536007E-11
1.900E-1 4.00071692E-11
2.000E-1 5.74794892E-11
2.100E-1 8.26102913E-11
2.200E-1 1.18773211E-10
2.300E-1 1.70833926E-10
2.400E-1 2.45811515E-10
2.500E-1 3.53833193E-10
2.600E-1 5.09512566E-10
2.700E-1 7.33939176E-10
2.800E-1 1.05755027E-9
2.900E-1 1.5242754E-9
3.000E-1 2.19751675E-9
3.100E-1 3.16877549E-9
3.200E-1 4.57008896E-9
3.300E-1 6.59195001E-9
3.400E-1 9.50909989E-9
3.500E-1 1.37176044E-8
3.600E-1 1.97880508E-8
3.700E-1 2.85416895E-8
3.800E-1 4.11590829E-8
3.900E-1 5.93345838E-8
4.000E-1 8.54951752E-8
4.100E-1 1.23109648E-7
4.200E-1 1.77125317E-7
4.300E-1 2.54587276E-7
4.400E-1 3.65523239E-7
4.500E-1 5.24217272E-7
