0.000E+0 0
1.000E-2 3.09166038E-14
2.000E-2 7.54856217E-14
3.000E-2 1.39796007E-13
4.000E-2 2.32644228E-13
5.000E-2 3.66733785E-13
6.000E-2 5.60405304E-13
7.000E-2 8.4013264E-13
8.000E-2 1.24412606E-12
9.000E-2 1.82753761E-12
1.000E-1 2.66998876E-12
1.100E-1 3.88646975E-12
1.200E-1 5.64314257E-12
1.300E-1 8.18028633E-12
1.400E-1 1.18456592E-11
1.500E-1 1.7143066E-11
1.600E-1 2.48031348E-11
1.700E-1 3.58865391E-11
1.800E-1 5.19346255E-11
1.900E-1 7.51892966E-11
2.000E-1 1.08914067E-10
2.100E-1 1.57862912E-10
2.200E-1 2.2896503E-10
2.300E-1 3.32325016E-10
2.400E-1 4.82683891E-10
2.500E-1 7.01553489E-10
2.600E-1 1.02033479E-9
2.700E-1 1.48487402E-9
2.800E-1 2.16211992E-9
2.900E-1 3.14985112E-9
3.000E-1 4.59089001E-9
3.100E-1 6.69387141E-9
3.200E-1 9.76358748E-9
3.300E-1 1.42453193E-8
3.400E-1 2.0789591E-8
3.500E-1 3.03467287E-8
3.600E-1 4.43048907E-8
3.700E-1 6.46914371E-8
3.800E-1 9.44664699E-8
3.900E-1 1.37950259E-7
4.000E-1 2.01444692E-7
4.100E-1 2.94135127E-7
4.200E-1 4.29396206E-7
4.300E-1 6.26678141E-7
4.400E-1 9.14226144E-7
4.500E-1 1.33299746E-6
