0.000E+0 -0.470447768
1.000E-2 -0.470415169
2.000E-2 -0.470380695
3.000E-2 -0.470343677
4.000E-2 -0.470303196
5.000E-2 -0.470257965
6.000E-2 -0.470206192
7.000E-2 -0.470145372
8.000E-2 -0.470072007
9.000E-2 -0.469981207
1.000E-1 -0.469866135
1.100E-1 -0.469717229
1.200E-1 -0.469521107
1.300E-1 -0.469259032
1.400E-1 -0.468904763
1.500E-1 -0.468421524
1.600E-1 -0.467757769
1.700E-1 -0.466841208
1.800E-1 -0.465570443
1.900E-1 -0.4638032
2.000E-1 -0.461339818
2.100E-1 -0.457900065
2.200E-1 -0.453090583
2.300E-1 -0.44635923
2.400E-1 -0.436931031
2.500E-1 -0.423718439
2.600E-1 -0.40519572
2.700E-1 -0.379223406
2.800E-1 -0.342803516
2.900E-1 -0.291739318
3.000E-1 -0.22016451
3.100E-1 -0.119895814
3.200E-1 0.0204493398
