0.000E+0 0
1.000E-2 9.05572887E-13
2.000E-2 2.18743389E-12
3.000E-2 4.00306813E-12
4.000E-2 6.57580359E-12
5.000E-2 1.02223162E-11
6.000E-2 1.53916399E-11
7.000E-2 2.2720517E-11
8.000E-2 3.31119757E-11
9.000E-2 4.78469522E-11
1.000E-1 6.87429617E-11
1.100E-1 9.83798148E-11
1.200E-1 1.40420938E-10
1.300E-1 2.00071092E-10
1.400E-1 2.84728763E-10
1.500E-1 4.04916456E-10
1.600E-1 5.75607737E-10
1.700E-1 8.18120681E-10
1.800E-1 1.16281996E-9
1.900E-1 1.65297327E-9
2.000E-1 2.35025576E-9
2.100E-1 3.34260693E-9
2.200E-1 4.75544621E-9
2.300E-1 6.7676834E-9
2.400E-1 9.6345751E-9
2.500E-1 1.37203555E-8
2.600E-1 1.95448231E-8
2.700E-1 2.78498536E-8
2.800E-1 3.96943642E-8
2.900E-1 5.65898992E-8
3.000E-1 8.0694213E-8
3.100E-1 1.15087651E-7
3.200E-1 1.64167724E-7
3.300E-1 2.34212391E-7
3.400E-1 3.34184065E-7
3.500E-1 4.76877071E-7
3.600E-1 6.80554829E-7
3.700E-1 9.71285009E-7
3.800E-1 1.38626855E-6
3.900E-1 1.97858234E-6
4.000E-1 2.82392934E-6
4.100E-1 4.03023348E-6
4.200E-1 5.75125421E-6
4.300E-1 8.20586039E-6
4.400E-1 1.1705236E-5
4.500E-1 1.6691144E-5
