0.000E+0 -0.637421757
1.000E-2 -0.637402832
2.000E-2 -0.637383841
3.000E-2 -0.637364654
4.000E-2 -0.637345244
5.000E-2 -0.637325582
6.000E-2 -0.637305619
7.000E-2 -0.637285294
8.000E-2 -0.637264518
9.000E-2 -0.637243163
1.000E-1 -0.637221055
1.100E-1 -0.637197936
1.200E-1 -0.637173447
1.300E-1 -0.63714707
1.400E-1 -0.637118065
1.500E-1 -0.637085365
1.600E-1 -0.637047443
1.700E-1 -0.637002089
1.800E-1 -0.636946125
1.900E-1 -0.63687495
2.000E-1 -0.63678192
2.100E-1 -0.636657418
2.200E-1 -0.636487519
2.300E-1 -0.636252045
2.400E-1 -0.63592176
2.500E-1 -0.635454263
2.600E-1 -0.634788063
2.700E-1 -0.633833964
2.800E-1 -0.632462557
2.900E-1 -0.630486085
3.000E-1 -0.627632129
3.100E-1 -0.62350547
3.200E-1 -0.617532837
3.300E-1 -0.608882971
3.400E-1 -0.596351139
3.500E-1 -0.578192664
3.600E-1 -0.551883653
3.700E-1 -0.51377842
3.800E-1 -0.458621213
3.900E-1 -0.378853897
4.000E-1 -0.263638835
4.100E-1 -0.0974837611
4.200E-1 0.141694219
