0.000E+0 0
1.000E-2 5.19769299E-15
2.000E-2 1.26569767E-14
3.000E-2 2.33671315E-14
4.000E-2 3.87500437E-14
5.000E-2 6.08493817E-14
6.000E-2 9.26026252E-14
7.000E-2 1.38232395E-13
8.000E-2 2.0380964E-13
9.000E-2 2.98064555E-13
1.000E-1 4.33554787E-13
1.100E-1 6.28349237E-13
1.200E-1 9.08456074E-13
1.300E-1 1.31132538E-12
1.400E-1 1.89090378E-12
1.500E-1 2.72493035E-12
1.600E-1 3.92546939E-12
1.700E-1 5.65411821E-12
1.800E-1 8.14396561E-12
1.900E-1 1.17313001E-11
2.000E-1 1.69013975E-11
2.100E-1 2.43546408E-11
2.200E-1 3.51020055E-11
2.300E-1 5.06029539E-11
2.400E-1 7.29645816E-11
2.500E-1 1.05229225E-10
2.600E-1 1.51789837E-10
2.700E-1 2.18989921E-10
2.800E-1 3.15989982E-10
2.900E-1 4.56018985E-10
3.000E-1 6.5818186E-10
3.100E-1 9.50070179E-10
3.200E-1 1.37153291E-9
3.300E-1 1.98012273E-9
3.400E-1 2.85896259E-9
3.500E-1 4.12810805E-9
3.600E-1 5.96095877E-9
3.700E-1 8.6079633E-9
3.800E-1 1.2430858E-8
3.900E-1 1.79521214E-8
4.000E-1 2.59264063E-8
4.100E-1 3.74437149E-8
4.200E-1 5.40784249E-8
4.300E-1 7.81045388E-8
4.400E-1 1.12806583E-7
4.500E-1 1.62928656E-7
