0.000E+0 0
1.000E-2 3.23301291E-11
2.000E-2 7.75964885E-11
3.000E-2 1.41059033E-10
4.000E-2 2.30114001E-10
5.000E-2 3.55161085E-10
6.000E-2 5.30823346E-10
7.000E-2 7.77664353E-10
8.000E-2 1.12460679E-9
9.000E-2 1.61234195E-9
1.000E-1 2.29814027E-9
1.100E-1 3.26264503E-9
1.200E-1 4.6194754E-9
1.300E-1 6.52881235E-9
1.400E-1 9.21663303E-9
1.500E-1 1.30019584E-8
1.600E-1 1.83354686E-8
1.700E-1 2.58542448E-8
1.800E-1 3.64593818E-8
1.900E-1 5.14260314E-8
2.000E-1 7.25594141E-8
2.100E-1 1.02415961E-7
2.200E-1 1.44616678E-7
2.300E-1 2.04290978E-7
2.400E-1 2.88704849E-7
2.500E-1 4.08148996E-7
2.600E-1 5.77192639E-7
2.700E-1 8.16449661E-7
2.800E-1 1.1550587E-6
2.900E-1 1.63415027E-6
3.000E-1 2.31166283E-6
3.100E-1 3.26897177E-6
3.200E-1 4.61989489E-6
3.300E-1 6.52269728E-6
3.400E-1 9.19572724E-6
3.500E-1 1.29366536E-5
3.600E-1 1.81454229E-5
3.700E-1 2.53483733E-5
3.800E-1 3.52200307E-5
3.900E-1 4.85962893E-5
4.000E-1 6.64719683E-5
4.100E-1 8.99782683E-5
4.200E-1 0.000120342762
4.300E-1 0.000158842891
4.400E-1 0.00020676298
4.500E-1 0.000265334383
