0.000E+0 0
1.000E-2 2.87403922E-14
2.000E-2 6.95920712E-14
3.000E-2 1.27750355E-13
4.000E-2 2.10636689E-13
5.000E-2 3.2885206E-13
6.000E-2 4.97539592E-13
7.000E-2 7.38333094E-13
8.000E-2 1.08214566E-12
9.000E-2 1.57316408E-12
1.000E-1 2.27457643E-12
1.100E-1 3.27679381E-12
1.200E-1 4.7092654E-12
1.300E-1 6.7574752E-12
1.400E-1 9.68741537E-12
1.500E-1 1.3880852E-11
1.600E-1 1.9886172E-11
1.700E-1 2.84917266E-11
1.800E-1 4.08316515E-11
1.900E-1 5.85385741E-11
2.000E-1 8.39640056E-11
2.100E-1 1.20496445E-10
2.200E-1 1.73020547E-10
2.300E-1 2.48579945E-10
2.400E-1 3.57334122E-10
2.500E-1 5.1393983E-10
2.600E-1 7.39545499E-10
2.700E-1 1.0646707E-9
2.800E-1 1.53336343E-9
2.900E-1 2.209202E-9
3.000E-1 3.18395962E-9
3.100E-1 4.59011114E-9
3.200E-1 6.61888258E-9
3.300E-1 9.5462923E-9
3.400E-1 1.37707061E-8
3.500E-1 1.98669628E-8
3.600E-1 2.86643105E-8
3.700E-1 4.13584757E-8
3.800E-1 5.96725031E-8
3.900E-1 8.60869289E-8
4.000E-1 1.24167815E-7
4.100E-1 1.79031413E-7
4.200E-1 2.57996484E-7
4.300E-1 3.71487945E-7
4.400E-1 5.34263685E-7
4.500E-1 7.67029118E-7
