0.000E+0 0
1.000E-2 1.93413597E-15
2.000E-2 4.73895509E-15
3.000E-2 8.81017748E-15
4.000E-2 1.47227627E-14
5.000E-2 2.33117641E-14
6.000E-2 3.5789582E-14
7.000E-2 5.39160498E-14
8.000E-2 8.02452912E-14
9.000E-2 1.18484286E-13
1.000E-1 1.74014258E-13
1.100E-1 2.54649795E-13
1.200E-1 3.71745749E-13
1.300E-1 5.41813707E-13
1.400E-1 7.88886204E-13
1.500E-1 1.14797927E-12
1.600E-1 1.67016941E-12
1.700E-1 2.43004414E-12
1.800E-1 3.53664292E-12
1.900E-1 5.14952965E-12
2.000E-1 7.50241013E-12
2.100E-1 1.09378414E-11
2.200E-1 1.59582486E-11
2.300E-1 2.33009177E-11
2.400E-1 3.40482437E-11
2.500E-1 4.97898208E-11
2.600E-1 7.28607758E-11
2.700E-1 1.06692233E-10
2.800E-1 1.56326703E-10
2.900E-1 2.29176054E-10
3.000E-1 3.36136285E-10
3.100E-1 4.93227157E-10
3.200E-1 7.24003818E-10
3.300E-1 1.06310403E-9
3.400E-1 1.56146578E-9
3.500E-1 2.29400183E-9
3.600E-1 3.37088809E-9
3.700E-1 4.95416703E-9
3.800E-1 7.28216722E-9
3.900E-1 1.07054158E-8
4.000E-1 1.57394458E-8
4.100E-1 2.31424319E-8
4.200E-1 3.40292962E-8
4.300E-1 5.00393525E-8
4.400E-1 7.3582472E-8
4.500E-1 1.08200293E-7
