0.000E+0 0
1.000E-2 6.3155687E-14
2.000E-2 1.52396571E-13
3.000E-2 2.78546518E-13
4.000E-2 4.56918428E-13
5.000E-2 7.09175227E-13
6.000E-2 1.06596296E-12
7.000E-2 1.57063714E-12
8.000E-2 2.28453796E-12
9.000E-2 3.29446043E-12
1.000E-1 4.72323712E-12
1.100E-1 6.74473607E-12
1.200E-1 9.60512427E-12
1.300E-1 1.36530251E-11
1.400E-1 1.93823031E-11
1.500E-1 2.74927782E-11
1.600E-1 3.89763992E-11
1.700E-1 5.52395652E-11
1.800E-1 7.82767711E-11
1.900E-1 1.10917112E-10
2.000E-1 1.57174213E-10
2.100E-1 2.22742926E-10
2.200E-1 3.15704299E-10
2.300E-1 4.47525912E-10
2.400E-1 6.34480997E-10
2.500E-1 8.996608E-10
2.600E-1 1.27582655E-9
2.700E-1 1.80944796E-9
2.800E-1 2.56641517E-9
2.900E-1 3.64010415E-9
3.000E-1 5.1627391E-9
3.100E-1 7.32134886E-9
3.200E-1 1.03800792E-8
3.300E-1 1.47112178E-8
3.400E-1 2.08380274E-8
3.500E-1 2.94933905E-8
3.600E-1 4.16994052E-8
3.700E-1 5.88747124E-8
3.800E-1 8.29791874E-8
3.900E-1 1.16711272E-7
4.000E-1 1.6378399E-7
4.100E-1 2.29323078E-7
4.200E-1 3.20451691E-7
4.300E-1 4.47140583E-7
4.400E-1 6.23399279E-7
4.500E-1 8.68863893E-7
