0.000E+0 -0.334768724
1.000E-2 -0.334764508
2.000E-2 -0.334760262
3.000E-2 -0.334755978
4.000E-2 -0.334751649
5.000E-2 -0.334747261
6.000E-2 -0.334742797
7.000E-2 -0.334738232
8.000E-2 -0.33473353
9.000E-2 -0.334728638
1.000E-1 -0.334723485
1.100E-1 -0.334717963
1.200E-1 -0.334711922
1.300E-1 -0.334705145
1.400E-1 -0.334697322
1.500E-1 -0.334688005
1.600E-1 -0.334676553
1.700E-1 -0.334662047
1.800E-1 -0.334643166
1.900E-1 -0.334618015
2.000E-1 -0.33458387
2.100E-1 -0.334536824
2.200E-1 -0.33447126
2.300E-1 -0.334379121
2.400E-1 -0.334248829
2.500E-1 -0.334063762
2.600E-1 -0.33380005
2.700E-1 -0.333423412
2.800E-1 -0.332884619
2.900E-1 -0.332112978
3.000E-1 -0.331006964
3.100E-1 -0.329420783
3.200E-1 -0.327145063
3.300E-1 -0.323879129
3.400E-1 -0.31919119
3.500E-1 -0.312461162
3.600E-1 -0.302798556
3.700E-1 -0.288924569
3.800E-1 -0.269002759
3.900E-1 -0.240395888
4.000E-1 -0.199316762
4.100E-1 -0.140326855
4.200E-1 -0.0556164094
4.300E-1 0.0660291882
