0.000E+0 0
1.000E-2 2.63862329E-15
2.000E-2 6.45574883E-15
3.000E-2 1.19818771E-14
4.000E-2 1.99860489E-14
5.000E-2 3.15830115E-14
6.000E-2 4.83886076E-14
7.000E-2 7.27452106E-14
8.000E-2 1.08049002E-13
9.000E-2 1.59225492E-13
1.000E-1 2.33421041E-13
1.100E-1 3.41009426E-13
1.200E-1 4.970583E-13
1.300E-1 7.23467402E-13
1.400E-1 1.05208837E-12
1.500E-1 1.5292792E-12
1.600E-1 2.2225556E-12
1.700E-1 3.23030712E-12
1.800E-1 4.69599245E-12
1.900E-1 6.82888055E-12
2.000E-1 9.93435843E-12
2.100E-1 1.44582195E-11
2.200E-1 2.10513858E-11
2.300E-1 3.06644947E-11
2.400E-1 4.46861399E-11
2.500E-1 6.51449176E-11
2.600E-1 9.5004744E-11
2.700E-1 1.38596515E-10
2.800E-1 2.02249066E-10
2.900E-1 2.95211481E-10
3.000E-1 4.31001305E-10
3.100E-1 6.29375376E-10
3.200E-1 9.19210831E-10
3.300E-1 1.34271667E-9
3.400E-1 1.96159051E-9
3.500E-1 2.86601893E-9
3.600E-1 4.18783488E-9
3.700E-1 6.1197524E-9
3.800E-1 8.94348575E-9
3.900E-1 1.30708566E-8
4.000E-1 1.91038898E-8
4.100E-1 2.79226653E-8
4.200E-1 4.08137539E-8
4.300E-1 5.96579741E-8
4.400E-1 8.72048756E-8
4.500E-1 1.27474011E-7
