0.000E+0 0
1.000E-2 7.39995514E-12
2.000E-2 1.7806253E-11
3.000E-2 3.24456734E-11
4.000E-2 5.30454087E-11
5.000E-2 8.2037134E-11
6.000E-2 1.2284437E-10
7.000E-2 1.80287228E-10
8.000E-2 2.61152627E-10
9.000E-2 3.74997907E-10
1.000E-1 5.35283735E-10
1.100E-1 7.60971774E-10
1.200E-1 1.07877855E-9
1.300E-1 1.52635601E-9
1.400E-1 2.1567808E-9
1.500E-1 3.04489213E-9
1.600E-1 4.29624069E-9
1.700E-1 6.0597249E-9
1.800E-1 8.54543485E-9
1.900E-1 1.20498489E-8
2.000E-1 1.69914105E-8
2.100E-1 2.39607548E-8
2.200E-1 3.37916041E-8
2.300E-1 4.76608087E-8
2.400E-1 6.72294568E-8
2.500E-1 9.48417941E-8
2.600E-1 1.33805402E-7
2.700E-1 1.88785359E-7
2.800E-1 2.6635783E-7
2.900E-1 3.75785768E-7
3.000E-1 5.30102381E-7
3.100E-1 7.4761789E-7
3.200E-1 1.05400282E-6
3.300E-1 1.48514676E-6
3.400E-1 2.09104477E-6
3.500E-1 2.94102446E-6
3.600E-1 4.13070261E-6
3.700E-1 5.79118003E-6
3.800E-1 8.10122245E-6
3.900E-1 1.1303703E-5
4.000E-1 1.57282756E-5
4.100E-1 2.18238857E-5
4.200E-1 3.02048045E-5
4.300E-1 4.17136792E-5
4.400E-1 5.75016549E-5
4.500E-1 7.91212255E-5
