0.000E+0 0
1.000E-2 9.21935605E-13
2.000E-2 2.20496476E-12
3.000E-2 3.99237375E-12
4.000E-2 6.48433026E-12
5.000E-2 9.96049504E-12
6.000E-2 1.48116541E-11
7.000E-2 2.15839927E-11
8.000E-2 3.10410979E-11
9.000E-2 4.42508387E-11
1.000E-1 6.27071751E-11
1.100E-1 8.850103E-11
1.200E-1 1.24560099E-10
1.300E-1 1.74985544E-10
1.400E-1 2.45524862E-10
1.500E-1 3.44236135E-10
1.600E-1 4.8242131E-10
1.700E-1 6.75937534E-10
1.800E-1 9.47039889E-10
1.900E-1 1.32697093E-9
2.000E-1 1.85959984E-9
2.100E-1 2.60653683E-9
2.200E-1 3.65432096E-9
2.300E-1 5.12452227E-9
2.400E-1 7.18794031E-9
2.500E-1 1.00845597E-8
2.600E-1 1.41515985E-8
2.700E-1 1.98629291E-8
2.800E-1 2.78844828E-8
2.900E-1 3.91521157E-8
3.000E-1 5.49810303E-8
3.100E-1 7.72195269E-8
3.200E-1 1.08465005E-7
3.300E-1 1.52367346E-7
3.400E-1 2.14054865E-7
3.500E-1 3.0073208E-7
3.600E-1 4.22517964E-7
3.700E-1 5.93620304E-7
3.800E-1 8.33978544E-7
3.900E-1 1.17155745E-6
4.000E-1 1.64554028E-6
4.100E-1 2.31075628E-6
4.200E-1 3.24378425E-6
4.300E-1 4.55129706E-6
4.400E-1 6.38133277E-6
4.500E-1 8.93825027E-6
