0.000E+0 0
1.000E-2 9.53075144E-12
2.000E-2 2.25149717E-11
3.000E-2 4.02506103E-11
4.000E-2 6.45220081E-11
5.000E-2 9.77822476E-11
6.000E-2 1.43404537E-10
7.000E-2 2.0602937E-10
8.000E-2 2.92044941E-10
9.000E-2 4.10253393E-10
1.000E-1 5.72796881E-10
1.100E-1 7.9644751E-10
1.200E-1 1.10440759E-9
1.300E-1 1.52882624E-9
1.400E-1 2.11432182E-9
1.500E-1 2.92291699E-9
1.600E-1 4.04095748E-9
1.700E-1 5.58881598E-9
1.800E-1 7.73450663E-9
1.900E-1 1.07127896E-8
2.000E-1 1.48519839E-8
2.100E-1 2.06116059E-8
2.200E-1 2.86352081E-8
2.300E-1 3.98245721E-8
2.400E-1 5.54438949E-8
2.500E-1 7.72661138E-8
2.600E-1 1.0777843E-7
2.700E-1 1.50471006E-7
2.800E-1 2.10242514E-7
2.900E-1 2.93969851E-7
3.000E-1 4.11308467E-7
3.100E-1 5.758166E-7
3.200E-1 8.06534373E-7
3.300E-1 1.13020142E-6
3.400E-1 1.5843705E-6
3.500E-1 2.22177741E-6
3.600E-1 3.11647105E-6
3.700E-1 4.37240575E-6
3.800E-1 6.13547211E-6
3.900E-1 8.61031634E-6
4.000E-1 1.20838031E-5
4.100E-1 1.69576455E-5
4.200E-1 2.37935878E-5
4.300E-1 3.33755871E-5
4.400E-1 4.6794647E-5
4.500E-1 6.55631319E-5
