0.000E+0 0
1.000E-2 1.7009928E-13
2.000E-2 4.1403103E-13
3.000E-2 7.64292376E-13
4.000E-2 1.26766709E-12
5.000E-2 1.99150034E-12
6.000E-2 3.0327313E-12
7.000E-2 4.53090042E-12
8.000E-2 6.68689001E-12
9.000E-2 9.78994255E-12
1.000E-1 1.42566436E-11
1.100E-1 2.06872166E-11
1.200E-1 2.99468926E-11
1.300E-1 4.32836334E-11
1.400E-1 6.24985966E-11
1.500E-1 9.01931561E-11
1.600E-1 1.30127078E-10
1.700E-1 1.87738107E-10
1.800E-1 2.70895926E-10
1.900E-1 3.90996435E-10
2.000E-1 5.64550107E-10
2.100E-1 8.154876E-10
2.200E-1 1.17850652E-9
2.300E-1 1.70392917E-9
2.400E-1 2.46475271E-9
2.500E-1 3.56687918E-9
2.600E-1 5.1639549E-9
2.700E-1 7.47888532E-9
2.800E-1 1.0835005E-8
2.900E-1 1.57011846E-8
3.000E-1 2.27569986E-8
3.100E-1 3.29866451E-8
3.200E-1 4.78138143E-8
3.300E-1 6.92943333E-8
3.400E-1 1.00389171E-7
3.500E-1 1.45346782E-7
3.600E-1 2.10229067E-7
3.700E-1 3.03615033E-7
3.800E-1 4.37500906E-7
3.900E-1 6.2836578E-7
4.000E-1 8.98254516E-7
4.100E-1 1.27549648E-6
4.200E-1 1.79428861E-6
4.300E-1 2.49187067E-6
4.400E-1 3.40172839E-6
4.500E-1 4.54199869E-6
