0.000E+0 0
1.000E-2 2.40314244E-13
2.000E-2 5.84758676E-13
3.000E-2 1.0791107E-12
4.000E-2 1.78924674E-12
5.000E-2 2.80995768E-12
6.000E-2 4.27763339E-12
7.000E-2 6.3885214E-12
8.000E-2 9.42502322E-12
9.000E-2 1.3793592E-11
1.000E-1 2.00793943E-11
1.100E-1 2.91252228E-11
1.200E-1 4.21455311E-11
1.300E-1 6.089138E-11
1.400E-1 8.78892422E-11
1.500E-1 1.26787009E-10
1.600E-1 1.82855644E-10
1.700E-1 2.6371684E-10
1.800E-1 3.80398857E-10
1.900E-1 5.48868838E-10
2.000E-1 7.92256904E-10
2.100E-1 1.1440845E-9
2.200E-1 1.65295041E-9
2.300E-1 2.38933237E-9
2.400E-1 3.45545842E-9
2.500E-1 4.99963088E-9
2.600E-1 7.23700538E-9
2.700E-1 1.047972E-8
2.800E-1 1.51805513E-8
2.900E-1 2.19961054E-8
3.000E-1 3.18781416E-8
3.100E-1 4.62052557E-8
3.200E-1 6.69721195E-8
3.300E-1 9.70600886E-8
3.400E-1 1.40621331E-7
3.500E-1 2.03618142E-7
3.600E-1 2.94567651E-7
3.700E-1 4.25544026E-7
3.800E-1 6.13472748E-7
3.900E-1 8.81688651E-7
4.000E-1 1.26157432E-6
4.100E-1 1.79377657E-6
4.200E-1 2.5279414E-6
4.300E-1 3.51913234E-6
4.400E-1 4.81847955E-6
4.500E-1 6.45627915E-6
