0.000E+0 0
1.000E-2 6.65188034E-14
2.000E-2 1.58753553E-13
3.000E-2 2.87061923E-13
4.000E-2 4.65938326E-13
5.000E-2 7.15655005E-13
6.000E-2 1.06455595E-12
7.000E-2 1.55226902E-12
8.000E-2 2.23421478E-12
9.000E-2 3.18795446E-12
1.000E-1 4.52215814E-12
1.100E-1 6.38932102E-12
1.200E-1 9.00385994E-12
1.300E-1 1.26679522E-11
1.400E-1 1.78085344E-11
1.500E-1 2.50303977E-11
1.600E-1 3.51925065E-11
1.700E-1 4.95178136E-11
1.800E-1 6.97513808E-11
1.900E-1 9.83881505E-11
2.000E-1 1.39001142E-10
2.100E-1 1.96714464E-10
2.200E-1 2.78885205E-10
2.300E-1 3.9608664E-10
2.400E-1 5.63526244E-10
2.500E-1 8.03091184E-10
2.600E-1 1.14629953E-9
2.700E-1 1.63855891E-9
2.800E-1 2.34531269E-9
2.900E-1 3.36091133E-9
3.000E-1 4.8214185E-9
3.100E-1 6.92309875E-9
3.200E-1 9.94910906E-9
3.300E-1 1.43080374E-8
3.400E-1 2.05895476E-8
3.500E-1 2.96447283E-8
3.600E-1 4.2702113E-8
3.700E-1 6.15352101E-8
3.800E-1 8.87044083E-8
3.900E-1 1.27906261E-7
4.000E-1 1.84477783E-7
4.100E-1 2.66124476E-7
4.200E-1 3.83971146E-7
4.300E-1 5.5407828E-7
4.400E-1 7.99629395E-7
4.500E-1 1.15408456E-6
