0.000E+0 -0.326247556
1.000E-2 -0.32613404
2.000E-2 -0.326006539
3.000E-2 -0.325859857
4.000E-2 -0.325686792
5.000E-2 -0.325477357
6.000E-2 -0.325217699
7.000E-2 -0.324888603
8.000E-2 -0.32446341
9.000E-2 -0.323905117
1.000E-1 -0.323162345
1.100E-1 -0.322163706
1.200E-1 -0.320809952
1.300E-1 -0.318962998
1.400E-1 -0.316430576
1.500E-1 -0.312944782
1.600E-1 -0.308132051
1.700E-1 -0.301471205
1.800E-1 -0.292234821
1.900E-1 -0.279407435
2.000E-1 -0.261571641
2.100E-1 -0.236749898
2.200E-1 -0.202185867
2.300E-1 -0.154043216
2.400E-1 -0.0869954593
2.500E-1 0.00632775203
