0.000E+0 0
1.000E-2 2.69266997E-13
2.000E-2 6.46890511E-13
3.000E-2 1.17715033E-12
4.000E-2 1.92241865E-12
5.000E-2 2.97055827E-12
6.000E-2 4.44535613E-12
7.000E-2 6.52124619E-12
8.000E-2 9.44409935E-12
9.000E-2 1.35606027E-11
1.000E-1 1.9359809E-11
1.100E-1 2.75319441E-11
1.200E-1 3.90517E-11
1.300E-1 5.52962838E-11
1.400E-1 7.82128139E-11
1.500E-1 1.10555787E-10
1.600E-1 1.56224042E-10
1.700E-1 2.20739016E-10
1.800E-1 3.11923595E-10
1.900E-1 4.40865822E-10
2.000E-1 6.23287016E-10
2.100E-1 8.81484161E-10
2.200E-1 1.24708767E-9
2.300E-1 1.76497701E-9
2.400E-1 2.49884034E-9
2.500E-1 3.53906885E-9
2.600E-1 5.01396584E-9
2.700E-1 7.10566273E-9
2.800E-1 1.00727168E-8
2.900E-1 1.42821941E-8
3.000E-1 2.02552131E-8
3.100E-1 2.87315845E-8
3.200E-1 4.07615287E-8
3.300E-1 5.78357625E-8
3.400E-1 8.20699002E-8
3.500E-1 1.16465629E-7
3.600E-1 1.65280187E-7
3.700E-1 2.34548168E-7
3.800E-1 3.32816666E-7
3.900E-1 4.72177375E-7
4.000E-1 6.6970835E-7
4.100E-1 9.49473443E-7
4.200E-1 1.34526579E-6
4.300E-1 1.90431357E-6
4.400E-1 2.69216805E-6
4.500E-1 3.7989166E-6
