0.000E+0 -0.429940605
1.000E-2 -0.429932267
2.000E-2 -0.429923716
3.000E-2 -0.429914885
4.000E-2 -0.429905682
5.000E-2 -0.429895977
6.000E-2 -0.429885589
7.000E-2 -0.429874268
8.000E-2 -0.429861662
9.000E-2 -0.429847281
1.000E-1 -0.429830439
1.100E-1 -0.429810175
1.200E-1 -0.429785144
1.300E-1 -0.42975346
1.400E-1 -0.429712475
1.500E-1 -0.42965847
1.600E-1 -0.429586214
1.700E-1 -0.42948835
1.800E-1 -0.429354516
1.900E-1 -0.429170114
2.000E-1 -0.428914572
2.100E-1 -0.428558881
2.200E-1 -0.428062123
2.300E-1 -0.427366573
2.400E-1 -0.426390769
2.500E-1 -0.425019733
2.600E-1 -0.42309116
2.700E-1 -0.420375902
2.800E-1 -0.416550409
2.900E-1 -0.411157796
3.000E-1 -0.40355285
3.100E-1 -0.392824348
3.200E-1 -0.377685335
3.300E-1 -0.356318154
3.400E-1 -0.326155584
3.500E-1 -0.283571801
3.600E-1 -0.223446095
3.700E-1 -0.138547145
3.800E-1 -0.0186644452
3.900E-1 0.150616182
