0.000E+0 0
1.000E-2 7.83793271E-16
2.000E-2 1.87918515E-15
3.000E-2 3.41502767E-15
4.000E-2 5.57308545E-15
5.000E-2 8.60965379E-15
6.000E-2 1.28860417E-14
7.000E-2 1.891163E-14
8.000E-2 2.74048377E-14
9.000E-2 3.93796907E-14
1.000E-1 5.62691481E-14
1.100E-1 8.01013983E-14
1.200E-1 1.13752718E-13
1.300E-1 1.61311251E-13
1.400E-1 2.28601688E-13
1.500E-1 3.23943506E-13
1.600E-1 4.59248213E-13
1.700E-1 6.51608649E-13
1.800E-1 9.2560222E-13
1.900E-1 1.31662998E-12
2.000E-1 1.8757585E-12
2.100E-1 2.67674247E-12
2.200E-1 3.82621195E-12
2.300E-1 5.47845357E-12
2.400E-1 7.85686127E-12
2.500E-1 1.12850714E-11
2.600E-1 1.62321618E-11
2.700E-1 2.33782763E-11
2.800E-1 3.37099164E-11
2.900E-1 4.86583253E-11
3.000E-1 7.03004683E-11
3.100E-1 1.01650943E-10
3.200E-1 1.47085986E-10
3.300E-1 2.12959377E-10
3.400E-1 3.08497128E-10
3.500E-1 4.47097191E-10
3.600E-1 6.48217552E-10
3.700E-1 9.40119144E-10
3.800E-1 1.3638506E-9
3.900E-1 1.97903694E-9
4.000E-1 2.87228902E-9
4.100E-1 4.16941901E-9
4.200E-1 6.05318423E-9
4.300E-1 8.78905766E-9
4.400E-1 1.27626507E-8
4.500E-1 1.85340431E-8
