0.000E+0 0
1.000E-2 1.37774338E-14
2.000E-2 3.285963E-14
3.000E-2 5.93845637E-14
4.000E-2 9.63411179E-14
5.000E-2 1.47903881E-13
6.000E-2 2.19899603E-13
7.000E-2 3.20458382E-13
8.000E-2 4.60925407E-13
9.000E-2 6.57142297E-13
1.000E-1 9.31255928E-13
1.100E-1 1.31428417E-12
1.200E-1 1.84977286E-12
1.300E-1 2.59903115E-12
1.400E-1 3.64865464E-12
1.500E-1 5.12136746E-12
1.600E-1 7.19167954E-12
1.700E-1 1.01085282E-11
1.800E-1 1.42280472E-11
1.900E-1 2.00610161E-11
2.000E-1 2.83415948E-11
2.100E-1 4.01269175E-11
2.200E-1 5.69414484E-11
2.300E-1 8.0986275E-11
2.400E-1 1.15442641E-10
2.500E-1 1.64912273E-10
2.600E-1 2.36056288E-10
2.700E-1 3.38522465E-10
2.800E-1 4.86291235E-10
2.900E-1 6.99629777E-10
3.000E-1 1.00792932E-9
3.100E-1 1.45382527E-9
3.200E-1 2.09918069E-9
3.300E-1 3.03377652E-9
3.400E-1 4.38793367E-9
3.500E-1 6.3508471E-9
3.600E-1 9.19721756E-9
3.700E-1 1.33259377E-8
3.800E-1 1.93162909E-8
3.900E-1 2.80095895E-8
4.000E-1 4.06277704E-8
4.100E-1 5.89456764E-8
4.200E-1 8.55413171E-8
4.300E-1 1.24159388E-7
4.400E-1 1.80239259E-7
4.500E-1 2.61681742E-7
