0.000E+0 -0.53917638
1.000E-2 -0.539173536
2.000E-2 -0.539170557
3.000E-2 -0.539167392
4.000E-2 -0.539163971
5.000E-2 -0.539160196
6.000E-2 -0.539155924
7.000E-2 -0.539150962
8.000E-2 -0.539145032
9.000E-2 -0.53913775
1.000E-1 -0.539128569
1.100E-1 -0.539116728
1.200E-1 -0.53910115
1.300E-1 -0.539080327
1.400E-1 -0.539052137
1.500E-1 -0.539013595
1.600E-1 -0.53896051
1.700E-1 -0.538886987
1.800E-1 -0.538784739
1.900E-1 -0.53864212
2.000E-1 -0.538442755
2.100E-1 -0.538163627
2.200E-1 -0.537772375
2.300E-1 -0.537223513
2.400E-1 -0.536453092
2.500E-1 -0.535371214
2.600E-1 -0.533851503
2.700E-1 -0.531716296
2.800E-1 -0.528715838
2.900E-1 -0.524499021
3.000E-1 -0.518572259
3.100E-1 -0.510241673
3.200E-1 -0.498531815
3.300E-1 -0.48207142
3.400E-1 -0.458932818
3.500E-1 -0.426406193
3.600E-1 -0.380682317
3.700E-1 -0.316406658
3.800E-1 -0.226052793
3.900E-1 -0.0990420718
4.000E-1 0.0794929671
