0.000E+0 0
1.000E-2 8.63230831E-14
2.000E-2 2.09536214E-13
3.000E-2 3.85555423E-13
4.000E-2 6.37152081E-13
5.000E-2 9.9690129E-13
6.000E-2 1.51139998E-12
7.000E-2 2.24730492E-12
8.000E-2 3.29998211E-12
9.000E-2 4.80590816E-12
1.000E-1 6.96046853E-12
1.100E-1 1.00435285E-11
1.200E-1 1.44562087E-11
1.300E-1 2.07738269E-11
1.400E-1 2.98221721E-11
1.500E-1 4.278747E-11
1.600E-1 6.13749941E-11
1.700E-1 8.8037919E-11
1.800E-1 1.26307592E-10
1.900E-1 1.81270224E-10
2.000E-1 2.60254983E-10
2.100E-1 3.73827286E-10
2.200E-1 5.37222767E-10
2.300E-1 7.72417525E-10
2.400E-1 1.11111718E-9
2.500E-1 1.59907274E-9
2.600E-1 2.30231252E-9
2.700E-1 3.31614127E-9
2.800E-1 4.77813555E-9
2.900E-1 6.88691072E-9
3.000E-1 9.92922406E-9
3.100E-1 1.43191163E-8
3.200E-1 2.06544415E-8
3.300E-1 2.97985112E-8
3.400E-1 4.29980084E-8
3.500E-1 6.20532914E-8
3.600E-1 8.95643606E-8
3.700E-1 1.29286108E-7
3.800E-1 1.86641405E-7
3.900E-1 2.69462145E-7
4.000E-1 3.89059524E-7
4.100E-1 5.61769772E-7
4.200E-1 8.11186532E-7
4.300E-1 1.17138471E-6
4.400E-1 1.69157587E-6
4.500E-1 2.44283019E-6
