0.000E+0 0
1.000E-2 2.94979735E-13
2.000E-2 7.11010061E-13
3.000E-2 1.29862562E-12
4.000E-2 2.12933327E-12
5.000E-2 3.30426278E-12
6.000E-2 4.96638519E-12
7.000E-2 7.31778831E-12
8.000E-2 1.06441393E-11
9.000E-2 1.53493904E-11
1.000E-1 2.20051298E-11
1.100E-1 3.14209263E-11
1.200E-1 4.47448519E-11
1.300E-1 6.36074594E-11
1.400E-1 9.03284187E-11
1.500E-1 1.28213565E-10
1.600E-1 1.81982427E-10
1.700E-1 2.58384062E-10
1.800E-1 3.67084587E-10
1.900E-1 5.21946711E-10
2.000E-1 7.42874771E-10
2.100E-1 1.05847566E-9
2.200E-1 1.50989698E-9
2.300E-1 2.15636416E-9
2.400E-1 3.08316959E-9
2.500E-1 4.41320129E-9
2.600E-1 6.32358153E-9
2.700E-1 9.06968286E-9
2.800E-1 1.3019796E-8
2.900E-1 1.87051782E-8
3.000E-1 2.68923113E-8
3.100E-1 3.86872298E-8
3.200E-1 5.56861621E-8
3.300E-1 8.01930494E-8
3.400E-1 1.15533647E-7
3.500E-1 1.66509096E-7
3.600E-1 2.40050916E-7
3.700E-1 3.46166847E-7
3.800E-1 4.99306723E-7
3.900E-1 7.20334823E-7
4.000E-1 1.03937793E-6
4.100E-1 1.49993762E-6
4.200E-1 2.16482745E-6
4.300E-1 3.12474359E-6
4.400E-1 4.51063452E-6
4.500E-1 6.51154824E-6
