0.000E+0 0
1.000E-2 8.0829097E-14
2.000E-2 1.94541838E-13
3.000E-2 3.54591144E-13
4.000E-2 5.79934588E-13
5.000E-2 8.97287915E-13
6.000E-2 1.34430236E-12
7.000E-2 1.97404538E-12
8.000E-2 2.86132091E-12
9.000E-2 4.11158661E-12
1.000E-1 5.87353817E-12
1.100E-1 8.35687314E-12
1.200E-1 1.18573712E-11
1.300E-1 1.67923113E-11
1.400E-1 2.37504934E-11
1.500E-1 3.35628947E-11
1.600E-1 4.7402482E-11
1.700E-1 6.6925216E-11
1.800E-1 9.44692569E-11
1.900E-1 1.333364E-10
2.000E-1 1.88189687E-10
2.100E-1 2.65615164E-10
2.200E-1 3.74915548E-10
2.300E-1 5.29231535E-10
2.400E-1 7.47126026E-10
2.500E-1 1.05482231E-9
2.600E-1 1.48936613E-9
2.700E-1 2.10309268E-9
2.800E-1 2.96993684E-9
2.900E-1 4.19434611E-9
3.000E-1 5.923868E-9
3.100E-1 8.36692306E-9
3.200E-1 1.18178922E-8
3.300E-1 1.66925131E-8
3.400E-1 2.35777922E-8
3.500E-1 3.33023235E-8
3.600E-1 4.70352372E-8
3.700E-1 6.64251942E-8
3.800E-1 9.37951564E-8
3.900E-1 1.32414372E-7
4.000E-1 1.86876327E-7
4.100E-1 2.63620313E-7
4.200E-1 3.71644118E-7
4.300E-1 5.23464311E-7
4.400E-1 7.36384596E-7
4.500E-1 1.03412401E-6
