0.000E+0 0
1.000E-2 3.2162896E-14
2.000E-2 7.7886772E-14
3.000E-2 1.43052732E-13
4.000E-2 2.3608115E-13
5.000E-2 3.69023571E-13
6.000E-2 5.59124015E-13
7.000E-2 8.31053171E-13
8.000E-2 1.22010908E-12
9.000E-2 1.77680937E-12
1.000E-1 2.57349257E-12
1.100E-1 3.71382788E-12
1.200E-1 5.34654711E-12
1.300E-1 7.68531963E-12
1.400E-1 1.10375815E-11
1.500E-1 1.58464317E-11
1.600E-1 2.27516112E-11
1.700E-1 3.2678354E-11
1.800E-1 4.6966949E-11
1.900E-1 6.75617559E-11
2.000E-1 9.7287042E-11
2.100E-1 1.402496E-10
2.200E-1 2.02426512E-10
2.300E-1 2.92523334E-10
2.400E-1 4.2322728E-10
2.500E-1 6.13037481E-10
2.600E-1 8.88938379E-10
2.700E-1 1.29030509E-9
2.800E-1 1.87460897E-9
2.900E-1 2.72575378E-9
3.000E-1 3.96625596E-9
3.100E-1 5.7750418E-9
3.200E-1 8.41345209E-9
3.300E-1 1.22632368E-8
3.400E-1 1.78820643E-8
3.500E-1 2.60846037E-8
3.600E-1 3.80609362E-8
3.700E-1 5.55494096E-8
3.800E-1 8.10888278E-8
3.900E-1 1.1838607E-7
4.000E-1 1.72851293E-7
4.100E-1 2.52375668E-7
4.200E-1 3.6845844E-7
4.300E-1 5.37833567E-7
4.400E-1 7.84803244E-7
4.500E-1 1.14455532E-6
