0.000E+0 0
1.000E-2 1.18553899E-13
2.000E-2 2.84219191E-13
3.000E-2 5.16589729E-13
4.000E-2 8.43199554E-13
5.000E-2 1.30262934E-12
6.000E-2 1.94878012E-12
7.000E-2 2.85673966E-12
8.000E-2 4.13082582E-12
9.000E-2 5.91561925E-12
1.000E-1 8.41113239E-12
1.100E-1 1.18937612E-11
1.200E-1 1.67454212E-11
1.300E-1 2.34944129E-11
1.400E-1 3.28732882E-11
1.500E-1 4.59015724E-11
1.600E-1 6.40050244E-11
1.700E-1 8.91887406E-11
1.800E-1 1.24289643E-10
1.900E-1 1.73345934E-10
2.000E-1 2.42138772E-10
2.100E-1 3.38987435E-10
2.200E-1 4.75917632E-10
2.300E-1 6.70379453E-10
2.400E-1 9.47775498E-10
2.500E-1 1.34518411E-9
2.600E-1 1.91684676E-9
2.700E-1 2.74226091E-9
2.800E-1 3.93812258E-9
2.900E-1 5.67595884E-9
3.000E-1 8.20817243E-9
3.100E-1 1.19065255E-8
3.200E-1 1.73190205E-8
3.300E-1 2.52539928E-8
3.400E-1 3.69044569E-8
3.500E-1 5.40320025E-8
3.600E-1 7.92387824E-8
3.700E-1 1.1636981E-7
3.800E-1 1.71107983E-7
3.900E-1 2.5185408E-7
4.000E-1 3.71027923E-7
4.100E-1 5.46991607E-7
4.200E-1 8.06890561E-7
4.300E-1 1.19084675E-6
4.400E-1 1.75813931E-6
4.500E-1 2.59629626E-6
