0.000E+0 0
1.000E-2 5.67740646E-12
2.000E-2 1.35860131E-11
3.000E-2 2.46139697E-11
4.000E-2 4.0002521E-11
5.000E-2 6.14863021E-11
6.000E-2 9.1489576E-11
7.000E-2 1.33400936E-10
8.000E-2 1.91958215E-10
9.000E-2 2.73788386E-10
1.000E-1 3.88165697E-10
1.100E-1 5.48077455E-10
1.200E-1 7.71723806E-10
1.300E-1 1.08463018E-9
1.400E-1 1.52262482E-9
1.500E-1 2.13603817E-9
1.600E-1 2.99562759E-9
1.700E-1 4.20093906E-9
1.800E-1 5.89210982E-9
1.900E-1 8.26653026E-9
2.000E-1 1.16023676E-8
2.100E-1 1.62917799E-8
2.200E-1 2.2887816E-8
2.300E-1 3.2170643E-8
2.400E-1 4.52410767E-8
2.500E-1 6.36526737E-8
2.600E-1 8.95982981E-8
2.700E-1 1.26173635E-7
2.800E-1 1.77749403E-7
2.900E-1 2.50497109E-7
3.000E-1 3.53131696E-7
3.100E-1 4.97960544E-7
3.200E-1 7.02365167E-7
3.300E-1 9.90893972E-7
3.400E-1 1.39821783E-6
3.500E-1 1.97330366E-6
3.600E-1 2.78530682E-6
3.700E-1 3.9318879E-6
3.800E-1 5.55094669E-6
3.900E-1 7.83716802E-6
4.000E-1 1.10653339E-5
4.100E-1 1.56231317E-5
4.200E-1 2.20572511E-5
4.300E-1 3.1138005E-5
4.400E-1 4.39496248E-5
4.500E-1 6.20158483E-5
