0.000E+0 0
1.000E-2 7.61576922E-16
2.000E-2 1.87019689E-15
3.000E-2 3.48760311E-15
4.000E-2 5.85063022E-15
5.000E-2 9.30591428E-15
6.000E-2 1.43606035E-14
7.000E-2 2.17564593E-14
8.000E-2 3.257819E-14
9.000E-2 4.84119593E-14
1.000E-1 7.15775882E-14
1.100E-1 1.0546924E-13
1.200E-1 1.55056211E-13
1.300E-1 2.27620627E-13
1.400E-1 3.33846466E-13
1.500E-1 4.89430625E-13
1.600E-1 7.17470707E-13
1.700E-1 1.05200934E-12
1.800E-1 1.54330122E-12
1.900E-1 2.26564611E-12
2.000E-1 3.32904378E-12
2.100E-1 4.89654079E-12
2.200E-1 7.21005408E-12
2.300E-1 1.06288192E-11
2.400E-1 1.56866428E-11
2.500E-1 2.31771655E-11
2.600E-1 3.42808516E-11
2.700E-1 5.07541372E-11
2.800E-1 7.52111675E-11
2.900E-1 1.11543429E-10
3.000E-1 1.6554469E-10
3.100E-1 2.45841473E-10
3.200E-1 3.6527788E-10
3.300E-1 5.42975316E-10
3.400E-1 8.07392994E-10
3.500E-1 1.2008687E-9
3.600E-1 1.7863404E-9
3.700E-1 2.65726224E-9
3.800E-1 3.95215713E-9
3.900E-1 5.8758068E-9
4.000E-1 8.72973709E-9
4.100E-1 1.29552642E-8
4.200E-1 1.91925024E-8
4.300E-1 2.83573943E-8
4.400E-1 4.17339362E-8
4.500E-1 6.10666181E-8
