0.000E+0 0
1.000E-2 5.09407071E-14
2.000E-2 1.24503191E-13
3.000E-2 2.30863891E-13
4.000E-2 3.84772282E-13
5.000E-2 6.07603974E-13
6.000E-2 9.30335977E-13
7.000E-2 1.39785967E-12
8.000E-2 2.07523565E-12
9.000E-2 3.05676993E-12
1.000E-1 4.4791934E-12
1.100E-1 6.54081482E-12
1.200E-1 9.52937893E-12
1.300E-1 1.38626221E-11
1.400E-1 2.01473619E-11
1.500E-1 2.92656562E-11
1.600E-1 4.25005075E-11
1.700E-1 6.17193508E-11
1.800E-1 8.96419739E-11
1.900E-1 1.30231803E-10
2.000E-1 1.89267433E-10
2.100E-1 2.75177471E-10
2.200E-1 4.00260069E-10
2.300E-1 5.82464348E-10
2.400E-1 8.4799255E-10
2.500E-1 1.23510063E-9
2.600E-1 1.79964835E-9
2.700E-1 2.6232021E-9
2.800E-1 3.82485928E-9
2.900E-1 5.57849275E-9
3.000E-1 8.13787493E-9
3.100E-1 1.18732296E-8
3.200E-1 1.73242954E-8
3.300E-1 2.5277116E-8
3.400E-1 3.68746474E-8
3.500E-1 5.37749625E-8
3.600E-1 7.83751826E-8
3.700E-1 1.14123436E-7
3.800E-1 1.65942878E-7
3.900E-1 2.40785747E-7
4.000E-1 3.48310555E-7
4.100E-1 5.0161136E-7
4.200E-1 7.17792988E-7
4.300E-1 1.01794567E-6
4.400E-1 1.4257335E-6
4.500E-1 1.96353396E-6
