0.000E+0 0
1.000E-2 3.69779498E-13
2.000E-2 8.96797755E-13
3.000E-2 1.64833138E-12
4.000E-2 2.72041198E-12
5.000E-2 4.25010314E-12
6.000E-2 6.43302126E-12
7.000E-2 9.54834729E-12
8.000E-2 1.39945463E-11
9.000E-2 2.03404039E-11
1.000E-1 2.93979887E-11
1.100E-1 4.23270261E-11
1.200E-1 6.07843028E-11
1.300E-1 8.71376603E-11
1.400E-1 1.24772673E-10
1.500E-1 1.7853236E-10
1.600E-1 2.55347877E-10
1.700E-1 3.65143366E-10
1.800E-1 5.22134393E-10
1.900E-1 7.46691369E-10
2.000E-1 1.06801398E-9
2.100E-1 1.52796975E-9
2.200E-1 2.1866036E-9
2.300E-1 3.13004577E-9
2.400E-1 4.48186213E-9
2.500E-1 6.41934457E-9
2.600E-1 9.1968898E-9
2.700E-1 1.31795467E-8
2.800E-1 1.88911446E-8
2.900E-1 2.70833196E-8
3.000E-1 3.88344662E-8
3.100E-1 5.56914969E-8
3.200E-1 7.98727374E-8
3.300E-1 1.14557942E-7
3.400E-1 1.64302081E-7
3.500E-1 2.35624277E-7
3.600E-1 3.37843289E-7
3.700E-1 4.84257968E-7
3.800E-1 6.93807183E-7
3.900E-1 9.93392769E-7
4.000E-1 1.42111872E-6
4.100E-1 2.03080685E-6
4.200E-1 2.8983241E-6
4.300E-1 4.13053819E-6
4.400E-1 5.87811593E-6
4.500E-1 8.35380073E-6
