0.000E+0 -0.266584173
1.000E-2 -0.266579334
2.000E-2 -0.266574456
3.000E-2 -0.266569532
4.000E-2 -0.266564552
5.000E-2 -0.266559501
6.000E-2 -0.266554358
7.000E-2 -0.266549093
8.000E-2 -0.266543664
9.000E-2 -0.266538009
1.000E-1 -0.266532044
1.100E-1 -0.26652564
1.200E-1 -0.266518622
1.300E-1 -0.266510733
1.400E-1 -0.266501604
1.500E-1 -0.266490709
1.600E-1 -0.266477291
1.700E-1 -0.266460262
1.800E-1 -0.266438061
1.900E-1 -0.26640845
2.000E-1 -0.26636821
2.100E-1 -0.266312722
2.200E-1 -0.266235355
2.300E-1 -0.266126583
2.400E-1 -0.265972729
2.500E-1 -0.265754153
2.600E-1 -0.26544265
2.700E-1 -0.264997717
2.800E-1 -0.264361192
2.900E-1 -0.263449547
3.000E-1 -0.262142833
3.100E-1 -0.260268799
3.200E-1 -0.257580077
3.300E-1 -0.253721433
3.400E-1 -0.248182731
3.500E-1 -0.240231385
3.600E-1 -0.228815362
3.700E-1 -0.212423899
3.800E-1 -0.188887496
3.900E-1 -0.155090728
4.000E-1 -0.106559904
4.100E-1 -0.0368710718
4.200E-1 0.0631998011
