0.000E+0 -0.665748242
1.000E-2 -0.665743394
2.000E-2 -0.665738514
3.000E-2 -0.665733598
4.000E-2 -0.665728642
5.000E-2 -0.665723644
6.000E-2 -0.665718599
7.000E-2 -0.665713501
8.000E-2 -0.66570834
9.000E-2 -0.665703107
1.000E-1 -0.665697783
1.100E-1 -0.665692345
1.200E-1 -0.665686758
1.300E-1 -0.665680975
1.400E-1 -0.665674925
1.500E-1 -0.665668505
1.600E-1 -0.665661568
1.700E-1 -0.6656539
1.800E-1 -0.665645191
1.900E-1 -0.665634987
2.000E-1 -0.665622628
2.100E-1 -0.665607151
2.200E-1 -0.665587155
2.300E-1 -0.665560591
2.400E-1 -0.66552447
2.500E-1 -0.665474427
2.600E-1 -0.665404088
2.700E-1 -0.665304141
2.800E-1 -0.665160981
2.900E-1 -0.664954733
3.000E-1 -0.66465635
3.100E-1 -0.664223387
3.200E-1 -0.663593815
3.300E-1 -0.662676976
3.400E-1 -0.661340369
3.500E-1 -0.659390328
3.600E-1 -0.656543787
3.700E-1 -0.652386996
3.800E-1 -0.64631519
3.900E-1 -0.637444405
4.000E-1 -0.624482598
4.100E-1 -0.605541312
4.200E-1 -0.577860516
4.300E-1 -0.537406667
4.400E-1 -0.478285806
4.500E-1 -0.391887027
4.600E-1 -0.265633366
4.700E-1 -0.0811621498
4.800E-1 0.188321772
