0.000E+0 0
1.000E-2 3.94722883E-12
2.000E-2 9.49735807E-12
3.000E-2 1.7306809E-11
4.000E-2 2.83005169E-11
5.000E-2 4.37816791E-11
6.000E-2 6.558644E-11
7.000E-2 9.63020252E-11
8.000E-2 1.39574544E-10
9.000E-2 2.00543641E-10
1.000E-1 2.86456751E-10
1.100E-1 4.07537886E-10
1.200E-1 5.78217404E-10
1.300E-1 8.18873967E-10
1.400E-1 1.15830356E-9
1.500E-1 1.63722078E-9
1.600E-1 2.31322559E-9
1.700E-1 3.26785109E-9
1.800E-1 4.61656547E-9
1.900E-1 6.52296841E-9
2.000E-1 9.21894225E-9
2.100E-1 1.30332575E-8
2.200E-1 1.84321814E-8
2.300E-1 2.607713E-8
2.400E-1 3.69065181E-8
2.500E-1 5.22519703E-8
2.600E-1 7.40033199E-8
2.700E-1 1.04842882E-7
2.800E-1 1.48578085E-7
2.900E-1 2.10613735E-7
3.000E-1 2.98622506E-7
3.100E-1 4.23496754E-7
3.200E-1 6.00699505E-7
3.300E-1 8.52181598E-7
3.400E-1 1.2091014E-6
3.500E-1 1.71568126E-6
3.600E-1 2.43467243E-6
3.700E-1 3.45509188E-6
3.800E-1 4.90316178E-6
3.900E-1 6.95774883E-6
4.000E-1 9.87209976E-6
4.100E-1 1.40043332E-5
4.200E-1 1.986001E-5
4.300E-1 2.81512532E-5
4.400E-1 3.98777588E-5
4.500E-1 5.64373386E-5
