0.000E+0 -0.753007352
1.000E-2 -0.753006235
2.000E-2 -0.753005103
3.000E-2 -0.753003953
4.000E-2 -0.753002779
5.000E-2 -0.753001576
6.000E-2 -0.753000334
7.000E-2 -0.75299904
8.000E-2 -0.752997676
9.000E-2 -0.752996216
1.000E-1 -0.75299462
1.100E-1 -0.752992834
1.200E-1 -0.752990778
1.300E-1 -0.752988338
1.400E-1 -0.752985348
1.500E-1 -0.75298157
1.600E-1 -0.752976661
1.700E-1 -0.752970124
1.800E-1 -0.752961244
1.900E-1 -0.752948985
2.000E-1 -0.752931856
2.100E-1 -0.752907702
2.200E-1 -0.752873411
2.300E-1 -0.752824489
2.400E-1 -0.752754452
2.500E-1 -0.752653935
2.600E-1 -0.752509425
2.700E-1 -0.752301421
2.800E-1 -0.752001794
2.900E-1 -0.751569995
3.000E-1 -0.750947616
3.100E-1 -0.750050618
3.200E-1 -0.748758292
3.300E-1 -0.746897644
3.400E-1 -0.744221553
3.500E-1 -0.740378533
3.600E-1 -0.734871509
3.700E-1 -0.727002555
3.800E-1 -0.715799866
3.900E-1 -0.699921581
4.000E-1 -0.677526186
4.100E-1 -0.646087511
4.200E-1 -0.602111083
4.300E-1 -0.540681945
4.400E-1 -0.454757223
4.500E-1 -0.334123225
4.600E-1 -0.163953312
4.700E-1 0.077107908
