0.000E+0 -0.726335663
1.000E-2 -0.72633416
2.000E-2 -0.726332645
3.000E-2 -0.726331113
4.000E-2 -0.726329559
5.000E-2 -0.726327978
6.000E-2 -0.726326363
7.000E-2 -0.726324703
8.000E-2 -0.726322984
9.000E-2 -0.726321184
1.000E-1 -0.726319271
1.100E-1 -0.726317202
1.200E-1 -0.726314912
1.300E-1 -0.726312308
1.400E-1 -0.726309258
1.500E-1 -0.726305568
1.600E-1 -0.726300961
1.700E-1 -0.726295037
1.800E-1 -0.726287216
1.900E-1 -0.726276664
2.000E-1 -0.726262175
2.100E-1 -0.726242007
2.200E-1 -0.726213647
2.300E-1 -0.726173462
2.400E-1 -0.726116209
2.500E-1 -0.726034313
2.600E-1 -0.725916837
2.700E-1 -0.725747981
2.800E-1 -0.725504928
2.900E-1 -0.725154722
3.000E-1 -0.724649767
3.100E-1 -0.723921317
3.200E-1 -0.722870081
3.300E-1 -0.721352658
3.400E-1 -0.719161939
3.500E-1 -0.715998811
3.600E-1 -0.71143131
3.700E-1 -0.704835651
3.800E-1 -0.695311126
3.900E-1 -0.681557347
4.000E-1 -0.661697239
4.100E-1 -0.633022055
4.200E-1 -0.59162442
4.300E-1 -0.531871123
4.400E-1 -0.445647363
4.500E-1 -0.321276799
4.600E-1 -0.141985073
4.700E-1 0.116273349
