0.000E+0 -0.389082008
1.000E-2 -0.389066502
2.000E-2 -0.389050855
3.000E-2 -0.389035044
4.000E-2 -0.389019044
5.000E-2 -0.389002817
6.000E-2 -0.388986313
7.000E-2 -0.388969465
8.000E-2 -0.388952174
9.000E-2 -0.388934307
1.000E-1 -0.388915678
1.100E-1 -0.388896023
1.200E-1 -0.388874973
1.300E-1 -0.38885201
1.400E-1 -0.388826398
1.500E-1 -0.388797097
1.600E-1 -0.388762628
1.700E-1 -0.388720885
1.800E-1 -0.388668863
1.900E-1 -0.388602268
2.000E-1 -0.388514945
2.100E-1 -0.388398072
2.200E-1 -0.38823898
2.300E-1 -0.388019463
2.400E-1 -0.387713337
2.500E-1 -0.387282918
2.600E-1 -0.386673942
2.700E-1 -0.385808241
2.800E-1 -0.384573164
2.900E-1 -0.382806321
3.000E-1 -0.380273561
3.100E-1 -0.376637195
3.200E-1 -0.371410136
3.300E-1 -0.36388973
3.400E-1 -0.353062292
3.500E-1 -0.337465433
3.600E-1 -0.314989593
3.700E-1 -0.282592132
3.800E-1 -0.235885872
3.900E-1 -0.168547836
4.000E-1 -0.0714713946
4.100E-1 0.0684457226
