0.000E+0 0
1.000E-2 1.33061671E-13
2.000E-2 3.19411983E-13
3.000E-2 5.80502047E-13
4.000E-2 9.46420953E-13
5.000E-2 1.45937654E-12
6.000E-2 2.1785809E-12
7.000E-2 3.18710866E-12
8.000E-2 4.60152685E-12
9.000E-2 6.58541892E-12
1.000E-1 9.36838179E-12
1.100E-1 1.32727151E-11
1.200E-1 1.8750924E-11
1.300E-1 2.64384223E-11
1.400E-1 3.7227606E-11
1.500E-1 5.23719676E-11
1.600E-1 7.36324434E-11
1.700E-1 1.0348313E-10
1.800E-1 1.45400458E-10
1.900E-1 2.04269703E-10
2.000E-1 2.86956416E-10
2.100E-1 4.03109738E-10
2.200E-1 5.66291663E-10
2.300E-1 7.95564563E-10
2.400E-1 1.11772292E-9
2.500E-1 1.57043071E-9
2.600E-1 2.20663208E-9
2.700E-1 3.10075185E-9
2.800E-1 4.35741253E-9
2.900E-1 6.1236886E-9
3.000E-1 8.60633404E-9
3.100E-1 1.20960002E-8
3.200E-1 1.70012803E-8
3.300E-1 2.38965663E-8
3.400E-1 3.35893169E-8
3.500E-1 4.72146059E-8
3.600E-1 6.6367998E-8
3.700E-1 9.32922614E-8
3.800E-1 1.31139677E-7
3.900E-1 1.84340438E-7
4.000E-1 2.5911984E-7
4.100E-1 3.64223921E-7
4.200E-1 5.11936739E-7
4.300E-1 7.19504866E-7
4.400E-1 1.01112889E-6
4.500E-1 1.42074153E-6
