0.000E+0 0
1.000E-2 8.24641653E-13
2.000E-2 1.96839921E-12
3.000E-2 3.55693325E-12
4.000E-2 5.76541538E-12
5.000E-2 8.83807525E-12
6.000E-2 1.31155043E-11
7.000E-2 1.90728215E-11
8.000E-2 2.73730629E-11
9.000E-2 3.89419263E-11
1.000E-1 5.50724926E-11
1.100E-1 7.7572049E-11
1.200E-1 1.08968065E-10
1.300E-1 1.52797302E-10
1.400E-1 2.14011752E-10
1.500E-1 2.99548793E-10
1.600E-1 4.19132116E-10
1.700E-1 5.86396994E-10
1.800E-1 8.20471327E-10
1.900E-1 1.14819726E-9
2.000E-1 1.60725297E-9
2.100E-1 2.25053968E-9
2.200E-1 3.15234683E-9
2.300E-1 4.41701653E-9
2.400E-1 6.19112111E-9
2.500E-1 8.68057839E-9
2.600E-1 1.21747082E-8
2.700E-1 1.70800446E-8
2.800E-1 2.39678629E-8
2.900E-1 3.36409823E-8
3.000E-1 4.72276635E-8
3.100E-1 6.63135869E-8
3.200E-1 9.31273507E-8
3.300E-1 1.30801177E-7
3.400E-1 1.83737287E-7
3.500E-1 2.58122712E-7
3.600E-1 3.62652553E-7
3.700E-1 5.09545821E-7
3.800E-1 7.15971715E-7
3.900E-1 1.00605112E-6
4.000E-1 1.41366328E-6
4.100E-1 1.9863776E-6
4.200E-1 2.79095345E-6
4.300E-1 3.92101784E-6
4.400E-1 5.50775219E-6
4.500E-1 7.73470706E-6
