0.000E+0 0
1.000E-2 4.75563962E-12
2.000E-2 1.12124553E-11
3.000E-2 2.00041544E-11
4.000E-2 3.19997216E-11
5.000E-2 4.83908486E-11
6.000E-2 7.08122481E-11
7.000E-2 1.01507561E-10
8.000E-2 1.43558675E-10
9.000E-2 2.01203492E-10
1.000E-1 2.80277348E-10
1.100E-1 3.88827659E-10
1.200E-1 5.3797157E-10
1.300E-1 7.43094712E-10
1.400E-1 1.02552901E-9
1.500E-1 1.41490317E-9
1.600E-1 1.95243782E-9
1.700E-1 2.69556676E-9
1.800E-1 3.72442002E-9
1.900E-1 5.15092067E-9
2.000E-1 7.13155122E-9
2.100E-1 9.88527324E-9
2.200E-1 1.37186838E-8
2.300E-1 1.90613375E-8
2.400E-1 2.65153484E-8
2.500E-1 3.69250547E-8
2.600E-1 5.14748737E-8
2.700E-1 7.18267647E-8
2.800E-1 1.00313353E-7
2.900E-1 1.40209261E-7
3.000E-1 1.96112353E-7
3.100E-1 2.74479404E-7
3.200E-1 3.84378776E-7
3.300E-1 5.38547969E-7
3.400E-1 7.54879459E-7
3.500E-1 1.05850808E-6
3.600E-1 1.48474297E-6
3.700E-1 2.08318494E-6
3.800E-1 2.92350632E-6
3.900E-1 4.1035608E-6
4.000E-1 5.76075413E-6
4.100E-1 8.08797104E-6
4.200E-1 1.1355852E-5
4.300E-1 1.59438888E-5
4.400E-1 2.23837067E-5
4.500E-1 3.14190678E-5
