0.000E+0 0
1.000E-2 6.9834747E-15
2.000E-2 1.70951081E-14
3.000E-2 3.17575474E-14
4.000E-2 5.30351019E-14
5.000E-2 8.39199531E-14
6.000E-2 1.28744811E-13
7.000E-2 1.93777748E-13
8.000E-2 2.88079874E-13
9.000E-2 4.24743049E-13
1.000E-1 6.22678749E-13
1.100E-1 9.09209171E-13
1.200E-1 1.32383082E-12
1.300E-1 1.92369872E-12
1.400E-1 2.79164504E-12
1.500E-1 4.04794232E-12
1.600E-1 5.86761024E-12
1.700E-1 8.50593949E-12
1.800E-1 1.23362003E-11
1.900E-1 1.79054185E-11
2.000E-1 2.60169385E-11
2.100E-1 3.78526925E-11
2.200E-1 5.51543286E-11
2.300E-1 8.04915947E-11
2.400E-1 1.17660104E-10
2.500E-1 1.7227098E-10
2.600E-1 2.52625129E-10
2.700E-1 3.71009783E-10
2.800E-1 5.45621601E-10
2.900E-1 8.03419528E-10
3.000E-1 1.18435746E-9
3.100E-1 1.74766466E-9
3.200E-1 2.58116538E-9
3.300E-1 3.8151092E-9
3.400E-1 5.64269597E-9
3.500E-1 8.35053631E-9
3.600E-1 1.23638563E-8
3.700E-1 1.831358E-8
3.800E-1 2.71358673E-8
3.900E-1 4.02197852E-8
4.000E-1 5.9626333E-8
4.100E-1 8.8413172E-8
4.200E-1 1.31115813E-7
4.300E-1 1.94460092E-7
4.400E-1 2.88416018E-7
4.500E-1 4.27754472E-7
