0.000E+0 0
1.000E-2 8.32191642E-14
2.000E-2 2.03000039E-13
3.000E-2 3.7568817E-13
4.000E-2 6.24847567E-13
5.000E-2 9.84394821E-13
6.000E-2 1.50307177E-12
7.000E-2 2.25082382E-12
8.000E-2 3.32789514E-12
9.000E-2 4.87780769E-12
1.000E-1 7.10591363E-12
1.100E-1 1.03059864E-11
1.200E-1 1.4898472E-11
1.300E-1 2.14857552E-11
1.400E-1 3.09323884E-11
1.500E-1 4.44821102E-11
1.600E-1 6.39292458E-11
1.700E-1 9.18706427E-11
1.800E-1 1.32076938E-10
1.900E-1 1.90040647E-10
2.000E-1 2.73786186E-10
2.100E-1 3.95067814E-10
2.200E-1 5.71142079E-10
2.300E-1 8.27391219E-10
2.400E-1 1.20120738E-9
2.500E-1 1.74774541E-9
2.600E-1 2.54844592E-9
2.700E-1 3.72366621E-9
2.800E-1 5.45140386E-9
2.900E-1 7.99505789E-9
3.000E-1 1.17445975E-8
3.100E-1 1.72776231E-8
3.200E-1 2.54499416E-8
3.300E-1 3.75299357E-8
3.400E-1 5.53979122E-8
3.500E-1 8.18418627E-8
3.600E-1 1.20996262E-7
3.700E-1 1.78993049E-7
3.800E-1 2.64927283E-7
3.900E-1 3.92289319E-7
4.000E-1 5.8108823E-7
4.100E-1 8.60998678E-7
4.200E-1 1.2760213E-6
4.300E-1 1.89137763E-6
4.400E-1 2.80369629E-6
4.500E-1 4.15603038E-6
