0.000E+0 0
1.000E-2 3.01730584E-14
2.000E-2 7.36802442E-14
3.000E-2 1.36534447E-13
4.000E-2 2.2745315E-13
5.000E-2 3.59071908E-13
6.000E-2 5.49702075E-13
7.000E-2 8.25877966E-13
8.000E-2 1.22605042E-12
9.000E-2 1.80594769E-12
1.000E-1 2.64636532E-12
1.100E-1 3.86450161E-12
1.200E-1 5.63047774E-12
1.300E-1 8.1914531E-12
1.400E-1 1.19068829E-11
1.500E-1 1.73001395E-11
1.600E-1 2.51341817E-11
1.700E-1 3.65225763E-11
1.800E-1 5.30924946E-11
1.900E-1 7.72241179E-11
2.000E-1 1.12402365E-10
2.100E-1 1.63733731E-10
2.200E-1 2.38705833E-10
2.300E-1 3.4830376E-10
2.400E-1 5.08650967E-10
2.500E-1 7.43421401E-10
2.600E-1 1.08738553E-9
2.700E-1 1.59162355E-9
2.800E-1 2.33118956E-9
2.900E-1 3.41637864E-9
3.000E-1 5.00928891E-9
3.100E-1 7.34816225E-9
3.200E-1 1.07831468E-8
3.300E-1 1.58288157E-8
3.400E-1 2.32412394E-8
3.500E-1 3.41309685E-8
3.600E-1 5.01283996E-8
3.700E-1 7.36252366E-8
3.800E-1 1.0812583E-7
3.900E-1 1.58755718E-7
4.000E-1 2.32991946E-7
4.100E-1 3.41699444E-7
4.200E-1 5.00575032E-7
4.300E-1 7.32102155E-7
4.400E-1 1.06807463E-6
4.500E-1 1.55259371E-6
