0.000E+0 0
1.000E-2 3.66292978E-14
2.000E-2 8.75813255E-14
3.000E-2 1.58657834E-13
4.000E-2 2.58003186E-13
5.000E-2 3.97049773E-13
6.000E-2 5.91847874E-13
7.000E-2 8.64939415E-13
8.000E-2 1.24800349E-12
9.000E-2 1.78560003E-12
1.000E-1 2.54048007E-12
1.100E-1 3.60113633E-12
1.200E-1 5.09256256E-12
1.300E-1 7.19161422E-12
1.400E-1 1.01489717E-11
1.500E-1 1.43205787E-11
1.600E-1 2.02126777E-11
1.700E-1 2.85463556E-11
1.800E-1 4.03500778E-11
1.900E-1 5.70923775E-11
2.000E-1 8.08721496E-11
2.100E-1 1.14691602E-10
2.200E-1 1.62847815E-10
2.300E-1 2.31494529E-10
2.400E-1 3.29448267E-10
2.500E-1 4.6934521E-10
2.600E-1 6.69301586E-10
2.700E-1 9.55296985E-10
2.800E-1 1.36459558E-9
2.900E-1 1.95065763E-9
3.000E-1 2.79019073E-9
3.100E-1 3.99327364E-9
3.200E-1 5.71789192E-9
3.300E-1 8.19080883E-9
3.400E-1 1.17375331E-8
3.500E-1 1.68253498E-8
3.600E-1 2.41251086E-8
3.700E-1 3.45999465E-8
3.800E-1 4.96326842E-8
3.900E-1 7.12087519E-8
4.000E-1 1.02178837E-7
4.100E-1 1.46635972E-7
4.200E-1 2.10456882E-7
4.300E-1 3.02079026E-7
4.400E-1 4.33615724E-7
4.500E-1 6.22455995E-7
