0.000E+0 0
1.000E-2 9.41952094E-13
2.000E-2 2.20819555E-12
3.000E-2 3.91667908E-12
4.000E-2 6.22724213E-12
5.000E-2 9.35614685E-12
6.000E-2 1.35956311E-11
7.000E-2 1.93403006E-11
8.000E-2 2.71229141E-11
9.000E-2 3.76631864E-11
1.000E-1 5.19347873E-11
1.100E-1 7.12579638E-11
1.200E-1 9.74284476E-11
1.300E-1 1.32897925E-10
1.400E-1 1.81027908E-10
1.500E-1 2.46448133E-10
1.600E-1 3.35563755E-10
1.700E-1 4.57274247E-10
1.800E-1 6.23993374E-10
1.900E-1 8.53097345E-10
2.000E-1 1.16898197E-9
2.100E-1 1.60598646E-9
2.200E-1 2.21255114E-9
2.300E-1 3.05713264E-9
2.400E-1 4.23662379E-9
2.500E-1 5.88834389E-9
2.600E-1 8.20712032E-9
2.700E-1 1.14696318E-8
2.800E-1 1.60691109E-8
2.900E-1 2.25648262E-8
3.000E-1 3.17526545E-8
3.100E-1 4.47657511E-8
3.200E-1 6.32181741E-8
3.300E-1 8.940982E-8
3.400E-1 1.26618872E-7
3.500E-1 1.79519171E-7
3.600E-1 2.54775903E-7
3.700E-1 3.61895838E-7
3.800E-1 5.14440915E-7
3.900E-1 7.31760458E-7
4.000E-1 1.04146359E-6
4.100E-1 1.48294789E-6
4.200E-1 2.11243498E-6
4.300E-1 3.01015509E-6
4.400E-1 4.29059511E-6
4.500E-1 6.11710966E-6
