0.000E+0 -0.72202191
1.000E-2 -0.722021044
2.000E-2 -0.722020174
3.000E-2 -0.722019296
4.000E-2 -0.722018411
5.000E-2 -0.722017517
6.000E-2 -0.722016613
7.000E-2 -0.722015698
8.000E-2 -0.72201477
9.000E-2 -0.722013826
1.000E-1 -0.72201286
1.100E-1 -0.722011867
1.200E-1 -0.722010836
1.300E-1 -0.722009754
1.400E-1 -0.722008601
1.500E-1 -0.722007347
1.600E-1 -0.722005949
1.700E-1 -0.722004342
1.800E-1 -0.722002433
1.900E-1 -0.722000083
2.000E-1 -0.721997092
2.100E-1 -0.721993161
2.200E-1 -0.721987852
2.300E-1 -0.721980524
2.400E-1 -0.721970231
2.500E-1 -0.721955581
2.600E-1 -0.721934531
2.700E-1 -0.721904071
2.800E-1 -0.721859778
2.900E-1 -0.721795141
3.000E-1 -0.721700586
3.100E-1 -0.721562028
3.200E-1 -0.721358746
3.300E-1 -0.721060258
3.400E-1 -0.720621721
3.500E-1 -0.719977165
3.600E-1 -0.719029541
3.700E-1 -0.717636078
3.800E-1 -0.715586742
3.900E-1 -0.71257255
4.000E-1 -0.708138966
4.100E-1 -0.701617346
4.200E-1 -0.69202413
4.300E-1 -0.677912604
4.400E-1 -0.657155002
4.500E-1 -0.626622269
4.600E-1 -0.58171379
4.700E-1 -0.515667105
4.800E-1 -0.418545921
4.900E-1 -0.275758564
5.000E-1 -0.0658936318
5.100E-1 0.242432158
