0.000E+0 0
1.000E-2 9.22443282E-13
2.000E-2 2.23039489E-12
3.000E-2 4.08594158E-12
4.000E-2 6.71925933E-12
5.000E-2 1.04571923E-11
6.000E-2 1.57638354E-11
7.000E-2 2.32981794E-11
8.000E-2 3.39960252E-11
9.000E-2 4.9186438E-11
1.000E-1 7.0757396E-11
1.100E-1 1.01391549E-10
1.200E-1 1.44901955E-10
1.300E-1 2.06710448E-10
1.400E-1 2.94529577E-10
1.500E-1 4.19335098E-10
1.600E-1 5.9675329E-10
1.700E-1 8.49040431E-10
1.800E-1 1.20790759E-9
1.900E-1 1.71855206E-9
2.000E-1 2.44541115E-9
2.100E-1 3.48037409E-9
2.200E-1 4.95450224E-9
2.300E-1 7.05475543E-9
2.400E-1 1.00478609E-8
2.500E-1 1.43143702E-8
2.600E-1 2.0397242E-8
2.700E-1 2.90711248E-8
2.800E-1 4.14411108E-8
2.900E-1 5.90834046E-8
3.000E-1 8.42454985E-8
3.100E-1 1.2013064E-7
3.200E-1 1.71301319E-7
3.300E-1 2.44250066E-7
3.400E-1 3.48204143E-7
3.500E-1 4.96254799E-7
3.600E-1 7.06933154E-7
3.700E-1 1.00639551E-6
3.800E-1 1.4314356E-6
3.900E-1 2.03362163E-6
4.000E-1 2.88498946E-6
4.100E-1 4.08595657E-6
4.200E-1 5.77650942E-6
4.300E-1 8.15224474E-6
4.400E-1 1.14873339E-5
4.500E-1 1.61666366E-5
