0.000E+0 0
1.000E-2 1.09370379E-13
2.000E-2 2.64372181E-13
3.000E-2 4.84481308E-13
4.000E-2 7.97273233E-13
5.000E-2 1.24173189E-12
6.000E-2 1.87281177E-12
7.000E-2 2.7677796E-12
8.000E-2 4.03501382E-12
9.000E-2 5.82622307E-12
1.000E-1 8.35345272E-12
1.100E-1 1.19128568E-11
1.200E-1 1.69181272E-11
1.300E-1 2.39478526E-11
1.400E-1 3.38131546E-11
1.500E-1 4.76550501E-11
1.600E-1 6.70855876E-11
1.700E-1 9.43935729E-11
1.800E-1 1.3284564E-10
1.900E-1 1.87127993E-10
2.000E-1 2.63995572E-10
2.100E-1 3.73226974E-10
2.200E-1 5.29030107E-10
2.300E-1 7.52112583E-10
2.400E-1 1.07273301E-9
2.500E-1 1.53520053E-9
2.600E-1 2.20451381E-9
2.700E-1 3.17616172E-9
2.800E-1 4.59059814E-9
2.900E-1 6.65462823E-9
3.000E-1 9.67301725E-9
3.100E-1 1.40952209E-8
3.200E-1 2.05844874E-8
3.300E-1 3.01200628E-8
3.400E-1 4.41483792E-8
3.500E-1 6.48067355E-8
3.600E-1 9.52542634E-8
3.700E-1 1.40161678E-7
3.800E-1 2.06436039E-7
3.900E-1 3.04293347E-7
4.000E-1 4.48845914E-7
4.100E-1 6.6245157E-7
4.200E-1 9.78190132E-7
4.300E-1 1.44500754E-6
4.400E-1 2.13532636E-6
4.500E-1 3.15630199E-6
