0.000E+0 0
1.000E-2 3.30981829E-13
2.000E-2 7.97153673E-13
3.000E-2 1.45415697E-12
4.000E-2 2.38053282E-12
5.000E-2 3.6871521E-12
6.000E-2 5.5305408E-12
7.000E-2 8.13171999E-12
8.000E-2 1.18028582E-11
9.000E-2 1.6985E-11
1.000E-1 2.43015067E-11
1.100E-1 3.46337963E-11
1.200E-1 4.9228744E-11
1.300E-1 6.98510402E-11
1.400E-1 9.89993966E-11
1.500E-1 1.40213428E-10
1.600E-1 1.98509306E-10
1.700E-1 2.8099828E-10
1.800E-1 3.97764885E-10
1.900E-1 5.63113915E-10
2.000E-1 7.97341088E-10
2.100E-1 1.12924741E-9
2.200E-1 1.59970973E-9
2.300E-1 2.26675137E-9
2.400E-1 3.21274312E-9
2.500E-1 4.55463024E-9
2.600E-1 6.45845709E-9
2.700E-1 9.15999612E-9
2.800E-1 1.2994047E-8
2.900E-1 1.8436051E-8
3.000E-1 2.61611976E-8
3.100E-1 3.71283765E-8
3.200E-1 5.26994206E-8
3.300E-1 7.48084773E-8
3.400E-1 1.06202579E-7
3.500E-1 1.50783352E-7
3.600E-1 2.14092374E-7
3.700E-1 3.04000573E-7
3.800E-1 4.3168745E-7
3.900E-1 6.1303194E-7
4.000E-1 8.70587949E-7
4.100E-1 1.23639028E-6
4.200E-1 1.75593992E-6
4.300E-1 2.4938641E-6
4.400E-1 3.54195462E-6
4.500E-1 5.03058264E-6
