0.000E+0 0
1.000E-2 5.19039614E-12
2.000E-2 1.24883124E-11
3.000E-2 2.27568345E-11
4.000E-2 3.72120267E-11
5.000E-2 5.75671297E-11
6.000E-2 8.62357462E-11
7.000E-2 1.26618287E-10
8.000E-2 1.83506038E-10
9.000E-2 2.63651558E-10
1.000E-1 3.76574514E-10
1.100E-1 5.3570108E-10
1.200E-1 7.59976278E-10
1.300E-1 1.07614729E-9
1.400E-1 1.52199907E-9
1.500E-1 2.1509418E-9
1.600E-1 3.03851767E-9
1.700E-1 4.29163234E-9
1.800E-1 6.06165487E-9
1.900E-1 8.56300894E-9
2.000E-1 1.20995598E-8
2.100E-1 1.71020673E-8
2.200E-1 2.41813493E-8
2.300E-1 3.42037459E-8
2.400E-1 4.83982431E-8
2.500E-1 6.85085359E-8
2.600E-1 9.70088802E-8
2.700E-1 1.3741047E-7
2.800E-1 1.94696261E-7
2.900E-1 2.75937976E-7
3.000E-1 3.9117139E-7
3.100E-1 5.54637539E-7
3.200E-1 7.8654181E-7
3.300E-1 1.11554505E-6
3.400E-1 1.58228733E-6
3.500E-1 2.24436489E-6
3.600E-1 3.18334481E-6
3.700E-1 4.51462436E-6
3.800E-1 6.40123935E-6
3.900E-1 9.07311796E-6
4.000E-1 1.28537913E-5
4.100E-1 1.81972513E-5
4.200E-1 2.57385684E-5
4.300E-1 3.63633004E-5
4.400E-1 5.1301695E-5
4.500E-1 7.22576301E-5
