0.000E+0 0
1.000E-2 4.14807471E-13
2.000E-2 9.98187956E-13
3.000E-2 1.81925761E-12
4.000E-2 2.97546594E-12
5.000E-2 4.60421765E-12
6.000E-2 6.89927877E-12
7.000E-2 1.01339512E-11
8.000E-2 1.46938317E-11
9.000E-2 2.11231526E-11
1.000E-1 3.01903859E-11
1.100E-1 4.29811806E-11
1.200E-1 6.10301035E-11
1.300E-1 8.65074783E-11
1.400E-1 1.2248447E-10
1.500E-1 1.73309285E-10
1.600E-1 2.4514117E-10
1.700E-1 3.46708472E-10
1.800E-1 4.90384882E-10
1.900E-1 6.93717476E-10
2.000E-1 9.81596322E-10
2.100E-1 1.38933514E-9
2.200E-1 1.96704582E-9
2.300E-1 2.78585029E-9
2.400E-1 3.94670215E-9
2.500E-1 5.59291439E-9
2.600E-1 7.9279513E-9
2.700E-1 1.12406969E-8
2.800E-1 1.59413426E-8
2.900E-1 2.26123583E-8
3.000E-1 3.20808863E-8
3.100E-1 4.55215656E-8
3.200E-1 6.46025772E-8
3.300E-1 9.16930804E-8
3.400E-1 1.30157848E-7
3.500E-1 1.84775759E-7
3.600E-1 2.62334214E-7
3.700E-1 3.7247342E-7
3.800E-1 5.28885595E-7
3.900E-1 7.51018239E-7
4.000E-1 1.06649334E-6
4.100E-1 1.51454337E-6
4.200E-1 2.15089112E-6
4.300E-1 3.05467995E-6
4.400E-1 4.33831496E-6
4.500E-1 6.16143629E-6
