0.000E+0 0
1.000E-2 4.44427811E-14
2.000E-2 1.08765975E-13
3.000E-2 2.01980374E-13
4.000E-2 3.37175012E-13
5.000E-2 5.33315622E-13
6.000E-2 8.17873498E-13
7.000E-2 1.23057067E-12
8.000E-2 1.82889983E-12
9.000E-2 2.69594558E-12
1.000E-1 3.95182979E-12
1.100E-1 5.77024857E-12
1.200E-1 8.40252295E-12
1.300E-1 1.22126581E-11
1.400E-1 1.7728599E-11
1.500E-1 2.57173744E-11
1.600E-1 3.72955315E-11
1.700E-1 5.40917549E-11
1.800E-1 7.84866747E-11
1.900E-1 1.13966843E-10
2.000E-1 1.65647549E-10
2.100E-1 2.41045299E-10
2.200E-1 3.51219461E-10
2.300E-1 5.1245985E-10
2.400E-1 7.48781797E-10
2.500E-1 1.09561573E-9
2.600E-1 1.60526415E-9
2.700E-1 2.35497381E-9
2.800E-1 3.45887839E-9
2.900E-1 5.08566924E-9
3.000E-1 7.48474456E-9
3.100E-1 1.10249078E-8
3.200E-1 1.62516409E-8
3.300E-1 2.39718722E-8
3.400E-1 3.53794374E-8
3.500E-1 5.224077E-8
3.600E-1 7.7169717E-8
3.700E-1 1.14034223E-7
3.800E-1 1.6855806E-7
3.900E-1 2.4921093E-7
4.000E-1 3.68524645E-7
4.100E-1 5.45038278E-7
4.200E-1 8.06170558E-7
4.300E-1 1.19245671E-6
4.400E-1 1.76378805E-6
4.500E-1 2.60858115E-6
