0.000E+0 -0.747531037
1.000E-2 -0.747530167
2.000E-2 -0.747529304
3.000E-2 -0.747528434
4.000E-2 -0.747527558
5.000E-2 -0.747526675
6.000E-2 -0.747525783
7.000E-2 -0.747524883
8.000E-2 -0.747523973
9.000E-2 -0.747523051
1.000E-1 -0.747522115
1.100E-1 -0.747521162
1.200E-1 -0.747520187
1.300E-1 -0.747519182
1.400E-1 -0.747518139
1.500E-1 -0.74751704
1.600E-1 -0.747515863
1.700E-1 -0.747514577
1.800E-1 -0.747513132
1.900E-1 -0.747511456
2.000E-1 -0.747509441
2.100E-1 -0.747506933
2.200E-1 -0.747503695
2.300E-1 -0.747499384
2.400E-1 -0.747493489
2.500E-1 -0.747485255
2.600E-1 -0.747473562
2.700E-1 -0.747456754
2.800E-1 -0.747432376
2.900E-1 -0.747396798
3.000E-1 -0.747344641
3.100E-1 -0.747267939
3.200E-1 -0.747154903
3.300E-1 -0.746988067
3.400E-1 -0.746741575
3.500E-1 -0.746377133
3.600E-1 -0.745838041
3.700E-1 -0.745040334
3.800E-1 -0.743859678
3.900E-1 -0.742111963
4.000E-1 -0.739524568
4.100E-1 -0.735693824
4.200E-1 -0.730022043
4.300E-1 -0.721624325
4.400E-1 -0.709190675
4.500E-1 -0.690782073
4.600E-1 -0.663529059
4.700E-1 -0.623186615
4.800E-1 -0.563477699
4.900E-1 -0.475126918
5.000E-1 -0.344442053
5.100E-1 -0.151240343
5.200E-1 0.134165017
