0.000E+0 -0.371503181
1.000E-2 -0.37147651
2.000E-2 -0.371449832
3.000E-2 -0.371422963
4.000E-2 -0.37139587
5.000E-2 -0.371368548
6.000E-2 -0.371341023
7.000E-2 -0.371313204
8.000E-2 -0.371285107
9.000E-2 -0.371256687
1.000E-1 -0.371227886
1.100E-1 -0.371198639
1.200E-1 -0.371168847
1.300E-1 -0.371138372
1.400E-1 -0.371107034
1.500E-1 -0.371074584
1.600E-1 -0.371040627
1.700E-1 -0.371004693
1.800E-1 -0.370965983
1.900E-1 -0.370923461
2.000E-1 -0.370875593
2.100E-1 -0.370820133
2.200E-1 -0.370753841
2.300E-1 -0.370671961
2.400E-1 -0.370567581
2.500E-1 -0.370430515
2.600E-1 -0.370245818
2.700E-1 -0.369991543
2.800E-1 -0.369635332
2.900E-1 -0.36912956
3.000E-1 -0.368403972
3.100E-1 -0.367354923
3.200E-1 -0.365829395
3.300E-1 -0.363601416
3.400E-1 -0.360337143
3.500E-1 -0.35554322
3.600E-1 -0.348490446
3.700E-1 -0.338100849
3.800E-1 -0.322780793
3.900E-1 -0.3001744
4.000E-1 -0.266799494
4.100E-1 -0.217510724
4.200E-1 -0.144709266
4.300E-1 -0.0371823443
4.400E-1 0.121594103
