0.000E+0 -0.366023314
1.000E-2 -0.366018253
2.000E-2 -0.366013165
3.000E-2 -0.36600805
4.000E-2 -0.366002907
5.000E-2 -0.365997733
6.000E-2 -0.365992526
7.000E-2 -0.365987284
8.000E-2 -0.365982003
9.000E-2 -0.365976678
1.000E-1 -0.3659713
1.100E-1 -0.365965859
1.200E-1 -0.365960341
1.300E-1 -0.365954724
1.400E-1 -0.365948977
1.500E-1 -0.365943055
1.600E-1 -0.365936895
1.700E-1 -0.3659304
1.800E-1 -0.365923434
1.900E-1 -0.365915796
2.000E-1 -0.365907191
2.100E-1 -0.365897188
2.200E-1 -0.365885157
2.300E-1 -0.365870172
2.400E-1 -0.365850875
2.500E-1 -0.365825274
2.600E-1 -0.365790444
2.700E-1 -0.365742089
2.800E-1 -0.365673898
2.900E-1 -0.3655766
3.000E-1 -0.365436569
3.100E-1 -0.365233783
3.200E-1 -0.364938804
3.300E-1 -0.364508363
3.400E-1 -0.363878842
3.500E-1 -0.3629567
3.600E-1 -0.361604395
3.700E-1 -0.359619664
3.800E-1 -0.356705066
3.900E-1 -0.352423162
4.000E-1 -0.346130609
4.100E-1 -0.336881212
4.200E-1 -0.323283327
4.300E-1 -0.303290126
4.400E-1 -0.273891139
4.500E-1 -0.230658606
4.600E-1 -0.167080418
4.700E-1 -0.0735793837
4.800E-1 0.06392828
