0.000E+0 0
1.000E-2 8.88615578E-14
2.000E-2 2.15175811E-13
3.000E-2 3.94790993E-13
4.000E-2 6.50257897E-13
5.000E-2 1.01366306E-12
6.000E-2 1.53066001E-12
7.000E-2 2.2662064E-12
8.000E-2 3.31273059E-12
9.000E-2 4.80176023E-12
1.000E-1 6.9204857E-12
1.100E-1 9.93536113E-12
1.200E-1 1.42257451E-11
1.300E-1 2.03318683E-11
1.400E-1 2.90232489E-11
1.500E-1 4.13962961E-11
1.600E-1 5.90135761E-11
1.700E-1 8.41025427E-11
1.800E-1 1.19839127E-10
1.900E-1 1.70752403E-10
2.000E-1 2.43301936E-10
2.100E-1 3.46701337E-10
2.200E-1 4.94092606E-10
2.300E-1 7.04219882E-10
2.400E-1 1.00381326E-9
2.500E-1 1.43098051E-9
2.600E-1 2.04002574E-9
2.700E-1 2.90828149E-9
2.800E-1 4.14576738E-9
2.900E-1 5.90878997E-9
3.000E-1 8.41898691E-9
3.100E-1 1.19897977E-8
3.200E-1 1.70629058E-8
3.300E-1 2.42578206E-8
3.400E-1 3.44384729E-8
3.500E-1 4.88016861E-8
3.600E-1 6.89944048E-8
3.700E-1 9.72714205E-8
3.800E-1 1.36716002E-7
3.900E-1 1.91564721E-7
4.000E-1 2.67701926E-7
4.100E-1 3.73406621E-7
4.200E-1 5.20430464E-7
4.300E-1 7.25462966E-7
4.400E-1 1.01202362E-6
4.500E-1 1.41282793E-6
