0.000E+0 0
1.000E-2 7.2785345E-13
2.000E-2 1.73412935E-12
3.000E-2 3.12816953E-12
4.000E-2 5.06224084E-12
5.000E-2 7.74841843E-12
6.000E-2 1.14821591E-11
7.000E-2 1.66752544E-11
8.000E-2 2.39019579E-11
9.000E-2 3.39636419E-11
1.000E-1 4.79795564E-11
1.100E-1 6.75143931E-11
1.200E-1 9.47577926E-11
1.300E-1 1.32777189E-10
1.400E-1 1.85874229E-10
1.500E-1 2.60087462E-10
1.600E-1 3.63901604E-10
1.700E-1 5.0924851E-10
1.800E-1 7.12920044E-10
1.900E-1 9.98562584E-10
2.000E-1 1.39949286E-9
2.100E-1 1.96267367E-9
2.200E-1 2.75432772E-9
2.300E-1 3.86786523E-9
2.400E-1 5.43507961E-9
2.500E-1 7.64195992E-9
2.600E-1 1.07510246E-8
2.700E-1 1.51328685E-8
2.800E-1 2.13107249E-8
2.900E-1 3.00234142E-8
3.000E-1 4.23142679E-8
3.100E-1 5.96567475E-8
3.200E-1 8.41318993E-8
3.300E-1 1.18679031E-7
3.400E-1 1.67449805E-7
3.500E-1 2.36308387E-7
3.600E-1 3.33537805E-7
3.700E-1 4.70837394E-7
3.800E-1 6.64730941E-7
3.900E-1 9.38553995E-7
4.000E-1 1.32525717E-6
4.100E-1 1.8713579E-6
4.200E-1 2.64250556E-6
4.300E-1 3.73130825E-6
4.400E-1 5.26831858E-6
4.500E-1 7.43741125E-6
