0.000E+0 0
1.000E-2 5.36354705E-12
2.000E-2 1.28903138E-11
3.000E-2 2.34546375E-11
4.000E-2 3.8284229E-11
5.000E-2 5.91029909E-11
6.000E-2 8.83315673E-11
7.000E-2 1.29368972E-10
8.000E-2 1.86988088E-10
9.000E-2 2.67891081E-10
1.000E-1 3.81489403E-10
1.100E-1 5.40999102E-10
1.200E-1 7.64978769E-10
1.300E-1 1.07948848E-9
1.400E-1 1.52111942E-9
1.500E-1 2.14124308E-9
1.600E-1 3.01196602E-9
1.700E-1 4.2344652E-9
1.800E-1 5.9506359E-9
1.900E-1 8.35933012E-9
2.000E-1 1.17389177E-8
2.100E-1 1.64784807E-8
2.200E-1 2.31206472E-8
2.300E-1 3.24198207E-8
2.400E-1 4.54201918E-8
2.500E-1 6.35580055E-8
2.600E-1 8.87912427E-8
2.700E-1 1.2375553E-7
2.800E-1 1.71934938E-7
2.900E-1 2.37816237E-7
3.000E-1 3.269605E-7
3.100E-1 4.45875314E-7
3.200E-1 6.01515891E-7
3.300E-1 8.00226019E-7
3.400E-1 1.046036E-6
3.500E-1 1.33856534E-6
3.600E-1 1.67131632E-6
3.700E-1 2.03155644E-6
3.800E-1 2.40266937E-6
3.900E-1 2.76857838E-6
4.000E-1 3.11846689E-6
4.100E-1 3.44986245E-6
4.200E-1 3.76938808E-6
4.300E-1 4.09190433E-6
4.400E-1 4.4393079E-6
4.500E-1 4.83981501E-6
