0.000E+0 0
1.000E-2 2.03928725E-15
2.000E-2 4.94403324E-15
3.000E-2 9.09491281E-15
4.000E-2 1.50385008E-14
5.000E-2 2.35588467E-14
6.000E-2 3.57797382E-14
7.000E-2 5.33108801E-14
8.000E-2 7.84570818E-14
9.000E-2 1.1451816E-13
1.000E-1 1.66220005E-13
1.100E-1 2.403362E-13
1.200E-1 3.46587829E-13
1.300E-1 4.98951212E-13
1.400E-1 7.17566077E-13
1.500E-1 1.03152978E-12
1.600E-1 1.48300115E-12
1.700E-1 2.13324109E-12
1.800E-1 3.07151765E-12
1.900E-1 4.42824649E-12
2.000E-1 6.39439256E-12
2.100E-1 9.25012691E-12
2.200E-1 1.34071655E-11
2.300E-1 1.9471338E-11
2.400E-1 2.83350757E-11
2.500E-1 4.13141583E-11
2.600E-1 6.03499439E-11
2.700E-1 8.83085033E-11
2.800E-1 1.29423168E-10
2.900E-1 1.89949351E-10
3.000E-1 2.79133571E-10
3.100E-1 4.10647609E-10
3.200E-1 6.04711209E-10
3.300E-1 8.91234117E-10
3.400E-1 1.31446717E-9
3.500E-1 1.93988734E-9
3.600E-1 2.86438991E-9
3.700E-1 4.23137585E-9
3.800E-1 6.25308467E-9
3.900E-1 9.24364889E-9
4.000E-1 1.36680099E-8
4.100E-1 2.02142884E-8
4.200E-1 2.9900816E-8
4.300E-1 4.42343364E-8
4.400E-1 6.54436427E-8
4.500E-1 9.68241798E-8
