0.000E+0 0
1.000E-2 4.77439629E-15
2.000E-2 1.17051754E-14
3.000E-2 2.17823602E-14
4.000E-2 3.64470681E-14
5.000E-2 5.77950029E-14
6.000E-2 8.88710525E-14
7.000E-2 1.34095801E-13
8.000E-2 1.99879571E-13
9.000E-2 2.95532456E-13
1.000E-1 4.34542667E-13
1.100E-1 6.36497548E-13
1.200E-1 9.29830299E-13
1.300E-1 1.3558882E-12
1.400E-1 1.97489393E-12
1.500E-1 2.87474264E-12
1.600E-1 4.18401354E-12
1.700E-1 6.09125726E-12
1.800E-1 8.87363057E-12
1.900E-1 1.2939452E-11
2.000E-1 1.88914855E-11
2.100E-1 2.76210828E-11
2.200E-1 4.04482685E-11
2.300E-1 5.93302314E-11
2.400E-1 8.71716881E-11
2.500E-1 1.28286989E-10
2.600E-1 1.89088283E-10
2.700E-1 2.7911051E-10
2.800E-1 4.12538315E-10
2.900E-1 6.10480964E-10
3.000E-1 9.04362059E-10
3.100E-1 1.34097083E-9
3.200E-1 1.98999006E-9
3.300E-1 2.95521553E-9
3.400E-1 4.39127848E-9
3.500E-1 6.52857072E-9
3.600E-1 9.71039797E-9
3.700E-1 1.44483618E-8
3.800E-1 2.15049157E-8
3.900E-1 3.20164318E-8
4.000E-1 4.76766572E-8
4.100E-1 7.10101989E-8
4.200E-1 1.05780213E-7
4.300E-1 1.57596155E-7
4.400E-1 2.3481974E-7
4.500E-1 3.49915397E-7
