0.000E+0 0
1.000E-2 8.83344503E-15
2.000E-2 2.15994456E-14
3.000E-2 4.00807688E-14
4.000E-2 6.68601135E-14
5.000E-2 1.0567411E-13
6.000E-2 1.61917317E-13
7.000E-2 2.43387466E-13
8.000E-2 3.61326175E-13
9.000E-2 5.3192398E-13
1.000E-1 7.78525153E-13
1.100E-1 1.13476184E-12
1.200E-1 1.64914782E-12
1.300E-1 2.39175367E-12
1.400E-1 3.46398283E-12
1.500E-1 5.01294198E-12
1.600E-1 7.2526418E-12
1.700E-1 1.04953641E-11
1.800E-1 1.5198166E-11
1.900E-1 2.20319198E-11
2.000E-1 3.19838911E-11
2.100E-1 4.65102265E-11
2.200E-1 6.77627058E-11
2.300E-1 9.89260238E-11
2.400E-1 1.4471961E-10
2.500E-1 2.12144455E-10
2.600E-1 3.11594835E-10
2.700E-1 4.58513616E-10
2.800E-1 6.75857427E-10
2.900E-1 9.97768547E-10
3.000E-1 1.47504505E-9
3.100E-1 2.18329081E-9
3.200E-1 3.23505965E-9
3.300E-1 4.79795227E-9
3.400E-1 7.1215863E-9
3.500E-1 1.0577792E-8
3.600E-1 1.57205221E-8
3.700E-1 2.33751492E-8
3.800E-1 3.47715684E-8
3.900E-1 5.17426003E-8
4.000E-1 7.70197367E-8
4.100E-1 1.14673987E-7
4.200E-1 1.7077302E-7
4.300E-1 2.54360705E-7
4.400E-1 3.78917172E-7
4.500E-1 5.64535011E-7
