0.000E+0 0
1.000E-2 1.262748E-13
2.000E-2 3.03883302E-13
3.000E-2 5.53811327E-13
4.000E-2 9.05624393E-13
5.000E-2 1.40097654E-12
6.000E-2 2.09855588E-12
7.000E-2 3.0810565E-12
8.000E-2 4.46500941E-12
9.000E-2 6.41464842E-12
1.000E-1 9.16147218E-12
1.100E-1 1.30318498E-11
1.200E-1 1.84859865E-11
1.300E-1 2.61729372E-11
1.400E-1 3.70082889E-11
1.500E-1 5.22838699E-11
1.600E-1 7.38227026E-11
1.700E-1 1.04197869E-10
1.800E-1 1.47041662E-10
1.900E-1 2.07482252E-10
2.000E-1 2.92760453E-10
2.100E-1 4.13100814E-10
2.200E-1 5.82941762E-10
2.300E-1 8.22672531E-10
2.400E-1 1.16108511E-9
2.500E-1 1.63883436E-9
2.600E-1 2.31331856E-9
2.700E-1 3.26555869E-9
2.800E-1 4.60988551E-9
2.900E-1 6.50756172E-9
3.000E-1 9.18589933E-9
3.100E-1 1.29650142E-8
3.200E-1 1.82951183E-8
3.300E-1 2.58082034E-8
3.400E-1 3.63890829E-8
3.500E-1 5.12718899E-8
3.600E-1 7.21688992E-8
3.700E-1 1.01438137E-7
3.800E-1 1.42293101E-7
3.900E-1 1.99049371E-7
4.000E-1 2.77385251E-7
4.100E-1 3.84563253E-7
4.200E-1 5.29517792E-7
4.300E-1 7.22679175E-7
4.400E-1 9.75424305E-7
4.500E-1 1.29920695E-6
