0.000E+0 0
1.000E-2 8.27347508E-12
2.000E-2 1.98425535E-11
3.000E-2 3.60363251E-11
4.000E-2 5.8719776E-11
5.000E-2 9.0509963E-11
6.000E-2 1.3507961E-10
7.000E-2 1.97583682E-10
8.000E-2 2.85259078E-10
9.000E-2 4.08268213E-10
1.000E-1 5.80886411E-10
1.100E-1 8.23174323E-10
1.200E-1 1.16333486E-9
1.300E-1 1.64103656E-9
1.400E-1 2.31210191E-9
1.500E-1 3.25512304E-9
1.600E-1 4.58080019E-9
1.700E-1 6.44512515E-9
1.800E-1 9.06799502E-9
1.900E-1 1.27594946E-8
2.000E-1 1.79570079E-8
2.100E-1 2.52776202E-8
2.200E-1 3.55921104E-8
2.300E-1 5.01294208E-8
2.400E-1 7.0624147E-8
2.500E-1 9.9524729E-8
2.600E-1 1.40287255E-7
2.700E-1 1.97789938E-7
2.800E-1 2.78917523E-7
2.900E-1 3.93384674E-7
3.000E-1 5.54894813E-7
3.100E-1 7.82768581E-7
3.200E-1 1.10422722E-6
3.300E-1 1.55758429E-6
3.400E-1 2.19668736E-6
3.500E-1 3.09705987E-6
3.600E-1 4.3643171E-6
3.700E-1 6.14554685E-6
3.800E-1 8.64440479E-6
3.900E-1 1.21405677E-5
4.000E-1 1.70137116E-5
4.100E-1 2.37709937E-5
4.200E-1 3.30747422E-5
4.300E-1 4.57619463E-5
4.400E-1 6.2842506E-5
4.500E-1 8.54505782E-5
