0.000E+0 -0.529076007
1.000E-2 -0.52906698
2.000E-2 -0.529057896
3.000E-2 -0.529048751
4.000E-2 -0.529039543
5.000E-2 -0.529030266
6.000E-2 -0.529020918
7.000E-2 -0.52901149
8.000E-2 -0.529001977
9.000E-2 -0.528992366
1.000E-1 -0.528982644
1.100E-1 -0.528972789
1.200E-1 -0.528962774
1.300E-1 -0.528952557
1.400E-1 -0.528942083
1.500E-1 -0.528931269
1.600E-1 -0.528919999
1.700E-1 -0.528908104
1.800E-1 -0.528895339
1.900E-1 -0.528881347
2.000E-1 -0.528865613
2.100E-1 -0.52884738
2.200E-1 -0.528825544
2.300E-1 -0.52879849
2.400E-1 -0.528763852
2.500E-1 -0.528718161
2.600E-1 -0.528656328
2.700E-1 -0.528570888
2.800E-1 -0.528450877
2.900E-1 -0.528280197
3.000E-1 -0.528035194
3.100E-1 -0.527681116
3.200E-1 -0.527166888
3.300E-1 -0.526417437
3.400E-1 -0.5253224
3.500E-1 -0.523719526
3.600E-1 -0.521370262
3.700E-1 -0.517923854
3.800E-1 -0.512864573
3.900E-1 -0.505434151
4.000E-1 -0.494517796
4.100E-1 -0.478476815
4.200E-1 -0.454902987
4.300E-1 -0.42025852
4.400E-1 -0.3693492
4.500E-1 -0.294555325
4.600E-1 -0.184713178
4.700E-1 -0.0234969839
4.800E-1 0.212903192
