0.000E+0 -0.298454633
1.000E-2 -0.298437476
2.000E-2 -0.298420202
3.000E-2 -0.298402801
4.000E-2 -0.298385264
5.000E-2 -0.298367578
6.000E-2 -0.298349726
7.000E-2 -0.298331686
8.000E-2 -0.298313427
9.000E-2 -0.29829491
1.000E-1 -0.29827608
1.100E-1 -0.298256862
1.200E-1 -0.298237156
1.300E-1 -0.298216821
1.400E-1 -0.298195665
1.500E-1 -0.298173422
1.600E-1 -0.298149717
1.700E-1 -0.298124025
1.800E-1 -0.298095606
1.900E-1 -0.298063402
2.000E-1 -0.298025905
2.100E-1 -0.297980947
2.200E-1 -0.297925401
2.300E-1 -0.297854745
2.400E-1 -0.29776242
2.500E-1 -0.297638887
2.600E-1 -0.297470257
2.700E-1 -0.297236265
2.800E-1 -0.296907315
2.900E-1 -0.296440131
3.000E-1 -0.295771375
3.100E-1 -0.294808281
3.200E-1 -0.293414894
3.300E-1 -0.291391849
3.400E-1 -0.288446671
3.500E-1 -0.284150125
3.600E-1 -0.277872086
3.700E-1 -0.2686873
3.800E-1 -0.255236927
3.900E-1 -0.235525182
4.000E-1 -0.206620733
4.100E-1 -0.164218542
4.200E-1 -0.101997516
4.300E-1 -0.0106801146
4.400E-1 0.123341517
