0.000E+0 -0.752218655
1.000E-2 -0.752217513
2.000E-2 -0.752216361
3.000E-2 -0.752215197
4.000E-2 -0.752214021
5.000E-2 -0.75221283
6.000E-2 -0.752211621
7.000E-2 -0.752210391
8.000E-2 -0.752209135
9.000E-2 -0.752207844
1.000E-1 -0.752206508
1.100E-1 -0.752205112
1.200E-1 -0.75220363
1.300E-1 -0.752202031
1.400E-1 -0.752200266
1.500E-1 -0.752198262
1.600E-1 -0.752195918
1.700E-1 -0.752193082
1.800E-1 -0.752189534
1.900E-1 -0.752184952
2.000E-1 -0.752178868
2.100E-1 -0.752170596
2.200E-1 -0.752159135
2.300E-1 -0.752143023
2.400E-1 -0.752120122
2.500E-1 -0.752087309
2.600E-1 -0.752040019
2.700E-1 -0.751971581
2.800E-1 -0.751872245
2.900E-1 -0.75172776
3.000E-1 -0.751517297
3.100E-1 -0.751210411
3.200E-1 -0.750762608
3.300E-1 -0.750108864
3.400E-1 -0.749154154
3.500E-1 -0.747759643
3.600E-1 -0.74572252
3.700E-1 -0.742746611
3.800E-1 -0.738399571
3.900E-1 -0.73205062
4.000E-1 -0.722780088
4.100E-1 -0.709248188
4.200E-1 -0.689504801
4.300E-1 -0.66071389
4.400E-1 -0.618754393
4.500E-1 -0.557643302
4.600E-1 -0.468706391
4.700E-1 -0.339399311
4.800E-1 -0.151657906
4.900E-1 0.120362502
