0.000E+0 -0.300816097
1.000E-2 -0.300752177
2.000E-2 -0.300687604
3.000E-2 -0.300622269
4.000E-2 -0.300556033
5.000E-2 -0.300488706
6.000E-2 -0.300420026
7.000E-2 -0.300349634
8.000E-2 -0.300277033
9.000E-2 -0.300201539
1.000E-1 -0.300122204
1.100E-1 -0.300037716
1.200E-1 -0.299946254
1.300E-1 -0.299845285
1.400E-1 -0.299731278
1.500E-1 -0.29959929
1.600E-1 -0.299442378
1.700E-1 -0.299250747
1.800E-1 -0.299010516
1.900E-1 -0.298701939
2.000E-1 -0.298296815
2.100E-1 -0.297754727
2.200E-1 -0.297017591
2.300E-1 -0.296001717
2.400E-1 -0.294586277
2.500E-1 -0.29259653
2.600E-1 -0.28977942
2.700E-1 -0.285768073
2.800E-1 -0.280030145
2.900E-1 -0.271792727
3.000E-1 -0.259933193
3.100E-1 -0.242820796
3.200E-1 -0.218087194
3.300E-1 -0.182294978
3.400E-1 -0.130460899
3.500E-1 -0.0553747932
3.600E-1 0.0533654095
