0.000E+0 -0.367857508
1.000E-2 -0.367843008
2.000E-2 -0.367828067
3.000E-2 -0.367812541
4.000E-2 -0.367796235
5.000E-2 -0.36777888
6.000E-2 -0.367760099
7.000E-2 -0.367739374
8.000E-2 -0.367715982
9.000E-2 -0.367688923
1.000E-1 -0.367656804
1.100E-1 -0.367617684
1.200E-1 -0.367568861
1.300E-1 -0.367506561
1.400E-1 -0.367425507
1.500E-1 -0.367318316
1.600E-1 -0.367174638
1.700E-1 -0.366979949
1.800E-1 -0.366713851
1.900E-1 -0.366347667
2.000E-1 -0.365841045
2.100E-1 -0.365137179
2.200E-1 -0.364156048
2.300E-1 -0.362784885
2.400E-1 -0.360864708
2.500E-1 -0.358171326
2.600E-1 -0.354388496
2.700E-1 -0.349070047
2.800E-1 -0.34158639
2.900E-1 -0.331048996
3.000E-1 -0.316203798
3.100E-1 -0.295280714
3.200E-1 -0.265781322
3.300E-1 -0.224179356
3.400E-1 -0.165498489
3.500E-1 -0.0827175915
3.600E-1 0.0340660443
