0.000E+0 0
1.000E-2 5.30690792E-14
2.000E-2 1.28402594E-13
3.000E-2 2.35406784E-13
4.000E-2 3.87461244E-13
5.000E-2 6.03597527E-13
6.000E-2 9.10887666E-13
7.000E-2 1.34784368E-12
8.000E-2 1.96925732E-12
9.000E-2 2.85309252E-12
1.000E-1 4.11030466E-12
1.100E-1 5.89883463E-12
1.200E-1 8.44355991E-12
1.300E-1 1.20647479E-11
1.400E-1 1.72186463E-11
1.500E-1 2.45554021E-11
1.600E-1 3.50017183E-11
1.700E-1 4.98788309E-11
1.800E-1 7.10709044E-11
1.900E-1 1.01265398E-10
2.000E-1 1.4429615E-10
2.100E-1 2.05633041E-10
2.200E-1 2.93080781E-10
2.300E-1 4.1777593E-10
2.400E-1 5.95609069E-10
2.500E-1 8.49252547E-10
2.600E-1 1.21104996E-9
2.700E-1 1.72713001E-9
2.800E-1 2.46325616E-9
2.900E-1 3.5131296E-9
3.000E-1 5.01014368E-9
3.100E-1 7.14396239E-9
3.200E-1 1.01837761E-8
3.300E-1 1.45106686E-8
3.400E-1 2.0662148E-8
3.500E-1 2.93923807E-8
3.600E-1 4.17516005E-8
3.700E-1 5.918672E-8
3.800E-1 8.36608207E-8
3.900E-1 1.17779558E-7
4.000E-1 1.6489476E-7
4.100E-1 2.2912859E-7
4.200E-1 3.1523238E-7
4.300E-1 4.28188427E-7
4.400E-1 5.72533115E-7
4.500E-1 7.51584471E-7
