0.000E+0 0
1.000E-2 1.34066622E-13
2.000E-2 3.22006549E-13
3.000E-2 5.85530595E-13
4.000E-2 9.5509927E-13
5.000E-2 1.47344971E-12
6.000E-2 2.20054561E-12
7.000E-2 3.22052547E-12
8.000E-2 4.65145755E-12
9.000E-2 6.65903801E-12
1.000E-1 9.47582985E-12
1.100E-1 1.34282889E-11
1.200E-1 1.89747351E-11
1.300E-1 2.67587097E-11
1.400E-1 3.76839609E-11
1.500E-1 5.30198352E-11
1.600E-1 7.45494117E-11
1.700E-1 1.04777724E-10
1.800E-1 1.47224448E-10
1.900E-1 2.0683534E-10
2.000E-1 2.90560586E-10
2.100E-1 4.0816782E-10
2.200E-1 5.73385019E-10
2.300E-1 8.0550715E-10
2.400E-1 1.13165476E-9
2.500E-1 1.58994914E-9
2.600E-1 2.23397591E-9
2.700E-1 3.13906017E-9
2.800E-1 4.41108825E-9
2.900E-1 6.19890967E-9
3.000E-1 8.71177252E-9
3.100E-1 1.22438349E-8
3.200E-1 1.72086248E-8
3.300E-1 2.41874851E-8
3.400E-1 3.39976807E-8
3.500E-1 4.77881466E-8
3.600E-1 6.71740938E-8
3.700E-1 9.4426241E-8
3.800E-1 1.32736835E-7
3.900E-1 1.86593614E-7
4.000E-1 2.62305494E-7
4.100E-1 3.68741503E-7
4.200E-1 5.18369434E-7
4.300E-1 7.287157E-7
4.400E-1 1.02441715E-6
4.500E-1 1.44010488E-6
