0.000E+0 0
1.000E-2 5.84832687E-14
2.000E-2 1.4125851E-13
3.000E-2 2.58448679E-13
4.000E-2 4.24394632E-13
5.000E-2 6.5941258E-13
6.000E-2 9.92284437E-13
7.000E-2 1.46378738E-12
8.000E-2 2.13169728E-12
9.000E-2 3.07788336E-12
1.000E-1 4.41837046E-12
1.100E-1 6.31761429E-12
1.200E-1 9.00875828E-12
1.300E-1 1.2822385E-11
1.400E-1 1.82273315E-11
1.500E-1 2.58886402E-11
1.600E-1 3.67498459E-11
1.700E-1 5.21498299E-11
1.800E-1 7.39887679E-11
1.900E-1 1.04963808E-10
2.000E-1 1.48903783E-10
2.100E-1 2.11244583E-10
2.200E-1 2.9970431E-10
2.300E-1 4.25242194E-10
2.400E-1 6.03420552E-10
2.500E-1 8.56339209E-10
2.600E-1 1.21538306E-9
2.700E-1 1.72512459E-9
2.800E-1 2.44886694E-9
2.900E-1 3.47651707E-9
3.000E-1 4.93576883E-9
3.100E-1 7.00798699E-9
3.200E-1 9.95076859E-9
3.300E-1 1.41299879E-8
3.400E-1 2.00653107E-8
3.500E-1 2.84948373E-8
3.600E-1 4.04669094E-8
3.700E-1 5.74704862E-8
3.800E-1 8.16202771E-8
3.900E-1 1.15919592E-7
4.000E-1 1.6463347E-7
4.100E-1 2.33818218E-7
4.200E-1 3.32072692E-7
4.300E-1 4.71603753E-7
4.400E-1 6.69736541E-7
4.500E-1 9.51054215E-7
