0.000E+0 0
1.000E-2 4.66739641E-15
2.000E-2 1.1211279E-14
3.000E-2 2.04062895E-14
4.000E-2 3.33462037E-14
5.000E-2 5.15753307E-14
6.000E-2 7.72742548E-14
7.000E-2 1.13522683E-13
8.000E-2 1.64671906E-13
9.000E-2 2.36873413E-13
1.000E-1 3.38830382E-13
1.100E-1 4.82867891E-13
1.200E-1 6.86459556E-13
1.300E-1 9.74408553E-13
1.400E-1 1.38196744E-12
1.500E-1 1.95930534E-12
1.600E-1 2.77790893E-12
1.700E-1 3.93975877E-12
1.800E-1 5.59048842E-12
1.900E-1 7.93825873E-12
2.000E-1 1.12808332E-11
2.100E-1 1.60444221E-11
2.200E-1 2.28394167E-11
2.300E-1 3.25403657E-11
2.400E-1 4.64007497E-11
2.500E-1 6.6217709E-11
2.600E-1 9.45684849E-11
2.700E-1 1.35149817E-10
2.800E-1 1.9326516E-10
2.900E-1 2.76524109E-10
3.000E-1 3.95846523E-10
3.100E-1 5.66904055E-10
3.200E-1 8.12189621E-10
3.300E-1 1.16398824E-9
3.400E-1 1.66864149E-9
3.500E-1 2.39266818E-9
3.600E-1 3.43154754E-9
3.700E-1 4.9223197E-9
3.800E-1 7.06165508E-9
3.900E-1 1.01317511E-8
4.000E-1 1.45374149E-8
4.100E-1 2.08590976E-8
4.200E-1 2.99286069E-8
4.300E-1 4.29369121E-8
4.400E-1 6.15870695E-8
4.500E-1 8.83099618E-8
