0.000E+0 0
1.000E-2 1.38903911E-13
2.000E-2 3.35886586E-13
3.000E-2 6.15379526E-13
4.000E-2 1.0120872E-12
5.000E-2 1.57530654E-12
6.000E-2 2.3750661E-12
7.000E-2 3.51085508E-12
8.000E-2 5.12404083E-12
9.000E-2 7.41554272E-12
1.000E-1 1.06710016E-11
1.100E-1 1.52966429E-11
1.200E-1 2.18704026E-11
1.300E-1 3.12148429E-11
1.400E-1 4.45011804E-11
1.500E-1 6.33977396E-11
1.600E-1 9.02818435E-11
1.700E-1 1.28542282E-10
1.800E-1 1.83011113E-10
1.900E-1 2.6058012E-10
2.000E-1 3.71080932E-10
2.100E-1 5.28541621E-10
2.200E-1 7.52980848E-10
2.300E-1 1.07296962E-9
2.400E-1 1.52928917E-9
2.500E-1 2.18015406E-9
2.600E-1 3.10867056E-9
2.700E-1 4.43348705E-9
2.800E-1 6.32400287E-9
2.900E-1 9.02208688E-9
3.000E-1 1.28730927E-8
3.100E-1 1.83701506E-8
3.200E-1 2.62174192E-8
3.300E-1 3.74204145E-8
3.400E-1 5.3415008E-8
3.500E-1 7.62516497E-8
3.600E-1 1.08858455E-7
3.700E-1 1.55416924E-7
3.800E-1 2.21898499E-7
3.900E-1 3.16830821E-7
4.000E-1 4.52392011E-7
4.100E-1 6.45973344E-7
4.200E-1 9.22410808E-7
4.300E-1 1.3171717E-6
4.400E-1 1.88090479E-6
4.500E-1 2.68593706E-6
