0.000E+0 -0.402254099
1.000E-2 -0.402206165
2.000E-2 -0.402157976
3.000E-2 -0.402109344
4.000E-2 -0.402060224
5.000E-2 -0.40201058
6.000E-2 -0.40196033
7.000E-2 -0.401909375
8.000E-2 -0.401857598
9.000E-2 -0.401804814
1.000E-1 -0.401750769
1.100E-1 -0.401695135
1.200E-1 -0.401637418
1.300E-1 -0.401576952
1.400E-1 -0.40151279
1.500E-1 -0.401443586
1.600E-1 -0.40136744
1.700E-1 -0.401281625
1.800E-1 -0.401182255
1.900E-1 -0.40106372
2.000E-1 -0.400917934
2.100E-1 -0.40073319
2.200E-1 -0.400492489
2.300E-1 -0.400171102
2.400E-1 -0.399733005
2.500E-1 -0.399125611
2.600E-1 -0.398272088
2.700E-1 -0.39706007
2.800E-1 -0.395325094
2.900E-1 -0.392826259
3.000E-1 -0.38921057
3.100E-1 -0.383960508
3.200E-1 -0.376317161
3.300E-1 -0.365167412
3.400E-1 -0.348878501
3.500E-1 -0.325055654
3.600E-1 -0.290187384
3.700E-1 -0.239127409
3.800E-1 -0.164339924
3.900E-1 -0.054804428
4.000E-1 0.105564638
