0.000E+0 0
1.000E-2 2.12697963E-13
2.000E-2 5.17395822E-13
3.000E-2 9.54297381E-13
4.000E-2 1.58112308E-12
5.000E-2 2.48071519E-12
6.000E-2 3.77194123E-12
7.000E-2 5.62533186E-12
8.000E-2 8.2855227E-12
9.000E-2 1.21034881E-11
1.000E-1 1.75828887E-11
1.100E-1 2.54467982E-11
1.200E-1 3.67338989E-11
1.300E-1 5.29373577E-11
1.400E-1 7.62055823E-11
1.500E-1 1.09632767E-10
1.600E-1 1.57679787E-10
1.700E-1 2.26784357E-10
1.800E-1 3.26246005E-10
1.900E-1 4.69510037E-10
2.000E-1 6.76030804E-10
2.100E-1 9.7397598E-10
2.200E-1 1.40415186E-9
2.300E-1 2.02570151E-9
2.400E-1 2.92437718E-9
2.500E-1 4.2245507E-9
2.600E-1 6.10665227E-9
2.700E-1 8.83249196E-9
2.800E-1 1.27820282E-8
2.900E-1 1.85067575E-8
3.000E-1 2.68072358E-8
3.100E-1 3.88456278E-8
3.200E-1 5.63090872E-8
3.300E-1 8.16468635E-8
3.400E-1 1.18414279E-7
3.500E-1 1.71771469E-7
3.600E-1 2.49205963E-7
3.700E-1 3.61578401E-7
3.800E-1 5.24633643E-7
3.900E-1 7.61180007E-7
4.000E-1 1.10422409E-6
4.100E-1 1.60146665E-6
4.200E-1 2.32173025E-6
4.300E-1 3.36412414E-6
4.400E-1 4.87109505E-6
4.500E-1 7.04701946E-6
