0.000E+0 0
1.000E-2 2.83122256E-11
2.000E-2 6.78025917E-11
3.000E-2 1.22951497E-10
4.000E-2 2.00034076E-10
5.000E-2 3.07839235E-10
6.000E-2 4.58677557E-10
7.000E-2 6.69794894E-10
8.000E-2 9.65356282E-10
9.000E-2 1.37923228E-9
1.000E-1 1.95891548E-9
1.100E-1 2.77102995E-9
1.200E-1 3.9090874E-9
1.300E-1 5.50441392E-9
1.400E-1 7.74155209E-9
1.500E-1 1.08799817E-8
1.600E-1 1.5284761E-8
1.700E-1 2.14697614E-8
1.800E-1 3.01586797E-8
1.900E-1 4.23711404E-8
2.000E-1 5.9544204E-8
2.100E-1 8.3703829E-8
2.200E-1 1.17706786E-7
2.300E-1 1.65581894E-7
2.400E-1 2.3301119E-7
2.500E-1 3.28008042E-7
2.600E-1 4.61872097E-7
2.700E-1 6.50532548E-7
2.800E-1 9.16434637E-7
2.900E-1 1.29118301E-6
3.000E-1 1.81923356E-6
3.100E-1 2.56302589E-6
3.200E-1 3.61007193E-6
3.300E-1 5.082655E-6
3.400E-1 7.15092502E-6
3.500E-1 1.00502823E-5
3.600E-1 1.41036307E-5
3.700E-1 1.9749154E-5
3.800E-1 2.75724346E-5
3.900E-1 3.83404587E-5
4.000E-1 5.30318504E-5
4.100E-1 7.28547945E-5
4.200E-1 9.92429005E-5
4.300E-1 0.000133822763
4.400E-1 0.000178356536
4.500E-1 0.000234673839
