0.000E+0 0
1.000E-2 2.23166763E-12
2.000E-2 5.34901127E-12
3.000E-2 9.70972712E-12
4.000E-2 1.58153764E-11
5.000E-2 2.43690241E-11
6.000E-2 3.63560211E-11
7.000E-2 5.31573458E-11
8.000E-2 7.67088577E-11
9.000E-2 1.09725448E-10
1.000E-1 1.56017147E-10
1.100E-1 2.20935817E-10
1.200E-1 3.12007654E-10
1.300E-1 4.39830412E-10
1.400E-1 6.19348162E-10
1.500E-1 8.71664667E-10
1.600E-1 1.22662533E-9
1.700E-1 1.72649573E-9
1.800E-1 2.43120466E-9
1.900E-1 3.42581892E-9
2.000E-1 4.83120189E-9
2.100E-1 6.81921405E-9
2.200E-1 9.63439377E-9
2.300E-1 1.36248854E-8
2.400E-1 1.92865636E-8
2.500E-1 2.73259931E-8
2.600E-1 3.87502731E-8
2.700E-1 5.49952574E-8
2.800E-1 7.81085603E-8
2.900E-1 1.11010769E-7
3.000E-1 1.57868305E-7
3.100E-1 2.24625676E-7
3.200E-1 3.19765259E-7
3.300E-1 4.55391895E-7
3.400E-1 6.48781095E-7
3.500E-1 9.24588923E-7
3.600E-1 1.31800604E-6
3.700E-1 1.87925861E-6
3.800E-1 2.68002984E-6
3.900E-1 3.82261856E-6
4.000E-1 5.45299536E-6
4.100E-1 7.77940186E-6
4.200E-1 1.10988203E-5
4.300E-1 1.58345898E-5
4.400E-1 2.2589754E-5
4.500E-1 3.22224975E-5
