0.000E+0 0
1.000E-2 2.46340606E-13
2.000E-2 5.99824397E-13
3.000E-2 1.10747153E-12
4.000E-2 1.8368845E-12
5.000E-2 2.88523077E-12
6.000E-2 4.39214173E-12
7.000E-2 6.55824163E-12
8.000E-2 9.67177737E-12
9.000E-2 1.4146919E-11
1.000E-1 2.05788956E-11
1.100E-1 2.98234542E-11
1.200E-1 4.31115039E-11
1.300E-1 6.22147294E-11
1.400E-1 8.96851065E-11
1.500E-1 1.29201653E-10
1.600E-1 1.86072852E-10
1.700E-1 2.67965088E-10
1.800E-1 3.85959274E-10
1.900E-1 5.56083935E-10
2.000E-1 8.01540048E-10
2.100E-1 1.1559301E-9
2.200E-1 1.66794497E-9
2.300E-1 2.40816711E-9
2.400E-1 3.47894581E-9
2.500E-1 5.02873162E-9
2.600E-1 7.27288232E-9
2.700E-1 1.05238585E-8
2.800E-1 1.52350369E-8
2.900E-1 2.20642615E-8
3.000E-1 3.19659769E-8
3.100E-1 4.63246957E-8
3.200E-1 6.71481318E-8
3.300E-1 9.73462317E-8
3.400E-1 1.41133423E-7
3.500E-1 2.04606754E-7
3.600E-1 2.96573576E-7
3.700E-1 4.29730684E-7
3.800E-1 6.22334936E-7
3.900E-1 9.00558092E-7
4.000E-1 1.30179713E-6
4.100E-1 1.87933942E-6
4.200E-1 2.70900012E-6
4.300E-1 3.8986947E-6
4.400E-1 5.6023517E-6
4.500E-1 8.03993506E-6
