0.000E+0 0
1.000E-2 1.01486603E-12
2.000E-2 2.44597968E-12
3.000E-2 4.46644883E-12
4.000E-2 7.32114519E-12
5.000E-2 1.13563596E-11
6.000E-2 1.7061726E-11
7.000E-2 2.51295373E-11
8.000E-2 3.65387582E-11
9.000E-2 5.26741759E-11
1.000E-1 7.54956455E-11
1.100E-1 1.07778886E-10
1.200E-1 1.53458648E-10
1.300E-1 2.18118548E-10
1.400E-1 3.09691216E-10
1.500E-1 4.39460193E-10
1.600E-1 6.23494869E-10
1.700E-1 8.84706851E-10
1.800E-1 1.25579808E-9
1.900E-1 1.78348849E-9
2.000E-1 2.53457952E-9
2.100E-1 3.60465197E-9
2.200E-1 5.13054374E-9
2.300E-1 7.30825255E-9
2.400E-1 1.04186242E-8
2.500E-1 1.48642164E-8
2.600E-1 2.12222048E-8
2.700E-1 3.03203181E-8
2.800E-1 4.33458339E-8
2.900E-1 6.20020387E-8
3.000E-1 8.87328311E-8
3.100E-1 1.27045157E-7
3.200E-1 1.81971898E-7
3.300E-1 2.60736409E-7
3.400E-1 3.73706517E-7
3.500E-1 5.35764063E-7
3.600E-1 7.6827083E-7
3.700E-1 1.10189035E-6
3.800E-1 1.58063756E-6
3.900E-1 2.26768946E-6
4.000E-1 3.25371972E-6
4.100E-1 4.66884839E-6
4.200E-1 6.69976326E-6
4.300E-1 9.61422818E-6
4.400E-1 1.37961176E-5
4.500E-1 1.97954013E-5
