0.000E+0 -0.710043976
1.000E-2 -0.710036886
2.000E-2 -0.710029746
3.000E-2 -0.710022551
4.000E-2 -0.710015298
5.000E-2 -0.710007985
6.000E-2 -0.710000608
7.000E-2 -0.709993163
8.000E-2 -0.709985643
9.000E-2 -0.709978041
1.000E-1 -0.709970346
1.100E-1 -0.709962543
1.200E-1 -0.709954613
1.300E-1 -0.709946526
1.400E-1 -0.709938239
1.500E-1 -0.709929693
1.600E-1 -0.709920801
1.700E-1 -0.709911435
1.800E-1 -0.709901409
1.900E-1 -0.709890449
2.000E-1 -0.709878153
2.100E-1 -0.70986393
2.200E-1 -0.709846908
2.300E-1 -0.709825799
2.400E-1 -0.709798702
2.500E-1 -0.709762808
2.600E-1 -0.709713965
2.700E-1 -0.709646033
2.800E-1 -0.70954993
2.900E-1 -0.70941222
3.000E-1 -0.709213023
3.100E-1 -0.70892292
3.200E-1 -0.708498372
3.300E-1 -0.707874945
3.400E-1 -0.706957269
3.500E-1 -0.705604201
3.600E-1 -0.703606858
3.700E-1 -0.700656157
3.800E-1 -0.696294827
3.900E-1 -0.689846586
4.000E-1 -0.6803117
4.100E-1 -0.666213254
4.200E-1 -0.645371368
4.300E-1 -0.614572494
4.400E-1 -0.569086555
4.500E-1 -0.501964326
4.600E-1 -0.403018885
4.700E-1 -0.257356973
4.800E-1 -0.0432815019
4.900E-1 0.270647058
