0.000E+0 -0.187901109
1.000E-2 -0.187878962
2.000E-2 -0.187856627
3.000E-2 -0.187834073
4.000E-2 -0.187811267
5.000E-2 -0.187788158
6.000E-2 -0.187764695
7.000E-2 -0.187740782
8.000E-2 -0.187716302
9.000E-2 -0.187691106
1.000E-1 -0.187664971
1.100E-1 -0.187637605
1.200E-1 -0.187608614
1.300E-1 -0.187577441
1.400E-1 -0.187543338
1.500E-1 -0.187505268
1.600E-1 -0.187461789
1.700E-1 -0.187410894
1.800E-1 -0.187349762
1.900E-1 -0.187274419
2.000E-1 -0.187179228
2.100E-1 -0.187056151
2.200E-1 -0.186893703
2.300E-1 -0.186675385
2.400E-1 -0.18637746
2.500E-1 -0.185965673
2.600E-1 -0.185390512
2.700E-1 -0.184580283
2.800E-1 -0.183431028
2.900E-1 -0.181791829
3.000E-1 -0.179443379
3.100E-1 -0.176066716
3.200E-1 -0.171197601
3.300E-1 -0.164159955
3.400E-1 -0.153968662
3.500E-1 -0.139187724
3.600E-1 -0.117723143
3.700E-1 -0.0865205756
3.800E-1 -0.0411239688
3.900E-1 0.0249686271
