0.000E+0 0
1.000E-2 1.15137691E-13
2.000E-2 2.80932679E-13
3.000E-2 5.19891719E-13
4.000E-2 8.64515316E-13
5.000E-2 1.36173342E-12
6.000E-2 2.07931123E-12
7.000E-2 3.11510247E-12
8.000E-2 4.61042071E-12
9.000E-2 6.76936953E-12
1.000E-1 9.88680183E-12
1.100E-1 1.43887832E-11
1.200E-1 2.08911875E-11
1.300E-1 3.02846002E-11
1.400E-1 4.38574099E-11
1.500E-1 6.34743523E-11
1.600E-1 9.18355854E-11
1.700E-1 1.32852731E-10
1.800E-1 1.92194792E-10
1.900E-1 2.78080781E-10
2.000E-1 4.02430606E-10
2.100E-1 5.82536167E-10
2.200E-1 8.43487704E-10
2.300E-1 1.22169649E-9
2.400E-1 1.77000857E-9
2.500E-1 2.56512651E-9
2.600E-1 3.71837745E-9
2.700E-1 5.39132826E-9
2.800E-1 7.81841279E-9
2.900E-1 1.13396838E-8
3.000E-1 1.6448143E-8
3.100E-1 2.38579736E-8
3.200E-1 3.46025627E-8
3.300E-1 5.0174589E-8
3.400E-1 7.27246951E-8
3.500E-1 1.05340024E-7
3.600E-1 1.52427974E-7
3.700E-1 2.20230834E-7
3.800E-1 3.1748654E-7
3.900E-1 4.56215989E-7
4.000E-1 6.52533512E-7
4.100E-1 9.27208288E-7
4.200E-1 1.30541647E-6
4.300E-1 1.81474042E-6
4.400E-1 2.48021033E-6
4.500E-1 3.31564345E-6
