0.000E+0 0
1.000E-2 5.6963435E-15
2.000E-2 1.38949196E-14
3.000E-2 2.57125307E-14
4.000E-2 4.27596105E-14
5.000E-2 6.73558567E-14
6.000E-2 1.02839379E-13
7.000E-2 1.54010173E-13
8.000E-2 2.27767081E-13
9.000E-2 3.34024518E-13
1.000E-1 4.87035423E-13
1.100E-1 7.07306844E-13
1.200E-1 1.02438387E-12
1.300E-1 1.48091088E-12
1.400E-1 2.13857702E-12
1.500E-1 3.08684649E-12
1.600E-1 4.45580808E-12
1.700E-1 6.43511932E-12
1.800E-1 9.3019657E-12
1.900E-1 1.34623519E-11
2.000E-1 1.95121054E-11
2.100E-1 2.83270269E-11
2.200E-1 4.11961412E-11
2.300E-1 6.00186979E-11
2.400E-1 8.75954803E-11
2.500E-1 1.28059658E-10
2.600E-1 1.87514151E-10
2.700E-1 2.74974635E-10
2.800E-1 4.03764969E-10
2.900E-1 5.93582331E-10
3.000E-1 8.73553808E-10
3.100E-1 1.28676077E-9
3.200E-1 1.89693638E-9
3.300E-1 2.79838052E-9
3.400E-1 4.1306386E-9
3.500E-1 6.10023388E-9
3.600E-1 9.0128439E-9
3.700E-1 1.33209414E-8
3.800E-1 1.96943344E-8
3.900E-1 2.91246133E-8
4.000E-1 4.30798062E-8
4.100E-1 6.37333817E-8
4.200E-1 9.43033402E-8
4.300E-1 1.39554326E-7
4.400E-1 2.06541127E-7
4.500E-1 3.0570962E-7
