0.000E+0 0
1.000E-2 7.36267031E-16
2.000E-2 1.80981047E-15
3.000E-2 3.37837599E-15
4.000E-2 5.67321898E-15
5.000E-2 9.03321681E-15
6.000E-2 1.39547681E-14
7.000E-2 2.11647961E-14
8.000E-2 3.17275987E-14
9.000E-2 4.72013506E-14
1.000E-1 6.98675796E-14
1.100E-1 1.03068118E-13
1.200E-1 1.51700725E-13
1.300E-1 2.22949497E-13
1.400E-1 3.2736351E-13
1.500E-1 4.80452813E-13
1.600E-1 7.05054085E-13
1.700E-1 1.03484223E-12
1.800E-1 1.51954863E-12
1.900E-1 2.23272141E-12
2.000E-1 3.28327154E-12
2.100E-1 4.83265671E-12
2.200E-1 7.12046047E-12
2.300E-1 1.05024728E-11
2.400E-1 1.5507387E-11
2.500E-1 2.29212182E-11
2.600E-1 3.3912997E-11
2.700E-1 5.02219079E-11
2.800E-1 7.44358553E-11
2.900E-1 1.10405986E-10
3.000E-1 1.63863175E-10
3.100E-1 2.43334037E-10
3.200E-1 3.61500132E-10
3.300E-1 5.37210473E-10
3.400E-1 7.98451855E-10
3.500E-1 1.18671154E-9
3.600E-1 1.76333788E-9
3.700E-1 2.61870959E-9
3.800E-1 3.8852252E-9
3.900E-1 5.75520279E-9
4.000E-1 8.5044573E-9
4.100E-1 1.25210025E-8
4.200E-1 1.83349213E-8
4.300E-1 2.66383574E-8
4.400E-1 3.82725186E-8
4.500E-1 5.41436427E-8
