0.000E+0 0
1.000E-2 6.44124125E-12
2.000E-2 1.54165E-11
3.000E-2 2.79312513E-11
4.000E-2 4.53898274E-11
5.000E-2 6.97536784E-11
6.000E-2 1.03762603E-10
7.000E-2 1.51244157E-10
8.000E-2 2.1754664E-10
9.000E-2 3.10145388E-10
1.000E-1 4.39492282E-10
1.100E-1 6.20206773E-10
1.200E-1 8.72746646E-10
1.300E-1 1.22575289E-9
1.400E-1 1.71934194E-9
1.500E-1 2.40972936E-9
1.600E-1 3.37572476E-9
1.700E-1 4.72785671E-9
1.800E-1 6.62119332E-9
1.900E-1 9.27335697E-9
2.000E-1 1.29898384E-8
2.100E-1 1.81995697E-8
2.200E-1 2.55049146E-8
2.300E-1 3.57519238E-8
2.400E-1 5.01290723E-8
2.500E-1 7.03060298E-8
2.600E-1 9.86287018E-8
2.700E-1 1.38393363E-7
2.800E-1 1.94231962E-7
2.900E-1 2.72653681E-7
3.000E-1 3.82806113E-7
3.100E-1 5.37545097E-7
3.200E-1 7.54938313E-7
3.300E-1 1.06037837E-6
3.400E-1 1.4895522E-6
3.500E-1 2.09261315E-6
3.600E-1 2.94004188E-6
3.700E-1 4.13087727E-6
3.800E-1 5.80427134E-6
3.900E-1 8.1557016E-6
4.000E-1 1.14597005E-5
4.100E-1 1.61016874E-5
4.200E-1 2.26224792E-5
4.300E-1 3.17803987E-5
4.400E-1 4.46376739E-5
4.500E-1 6.26801263E-5
