0.000E+0 0
1.000E-2 2.39102441E-14
2.000E-2 5.79830198E-14
3.000E-2 1.06628241E-13
4.000E-2 1.76136455E-13
5.000E-2 2.75462349E-13
6.000E-2 4.17327705E-13
7.000E-2 6.19773252E-13
8.000E-2 9.08343294E-13
9.000E-2 1.31916663E-12
1.000E-1 1.90331521E-12
1.100E-1 2.73299808E-12
1.200E-1 3.9104128E-12
1.300E-1 5.58047297E-12
1.400E-1 7.94922418E-12
1.500E-1 1.13106427E-11
1.600E-1 1.60858161E-11
1.700E-1 2.28804275E-11
1.800E-1 3.25692902E-11
1.900E-1 4.64208447E-11
2.000E-1 6.62806608E-11
2.100E-1 9.48420571E-11
2.200E-1 1.3604536E-10
2.300E-1 1.95667184E-10
2.400E-1 2.82190504E-10
2.500E-1 4.08089835E-10
2.600E-1 5.91730245E-10
2.700E-1 8.60174324E-10
2.800E-1 1.25333241E-9
2.900E-1 1.83010038E-9
3.000E-1 2.67743875E-9
3.100E-1 3.92380484E-9
3.200E-1 5.75902806E-9
3.300E-1 8.46372236E-9
3.400E-1 1.24528168E-8
3.500E-1 1.8339986E-8
3.600E-1 2.70330215E-8
3.700E-1 3.98750118E-8
3.800E-1 5.88533416E-8
3.900E-1 8.69091024E-8
4.000E-1 1.28395169E-7
4.100E-1 1.8975439E-7
4.200E-1 2.80523671E-7
4.300E-1 4.14820568E-7
4.400E-1 6.13544243E-7
4.500E-1 9.07634008E-7
