0.000E+0 0
1.000E-2 8.28895723E-13
2.000E-2 1.98805805E-12
3.000E-2 3.60971963E-12
4.000E-2 5.87904363E-12
5.000E-2 9.05531158E-12
6.000E-2 1.35016051E-11
7.000E-2 1.97263985E-11
8.000E-2 2.84418611E-11
9.000E-2 4.06456132E-11
1.000E-1 5.77354121E-11
1.100E-1 8.16700958E-11
1.200E-1 1.15195516E-10
1.300E-1 1.62161804E-10
1.400E-1 2.27969004E-10
1.500E-1 3.20193128E-10
1.600E-1 4.49465814E-10
1.700E-1 6.30710427E-10
1.800E-1 8.84879155E-10
1.900E-1 1.24139426E-9
2.000E-1 1.741579E-9
2.100E-1 2.44347952E-9
2.200E-1 3.42864182E-9
2.300E-1 4.81163634E-9
2.400E-1 6.75344447E-9
2.500E-1 9.4802722E-9
2.600E-1 1.33099907E-8
2.700E-1 1.86892934E-8
2.800E-1 2.6245909E-8
2.900E-1 3.68619603E-8
3.000E-1 5.17770153E-8
3.100E-1 7.27328071E-8
3.200E-1 1.02176397E-7
3.300E-1 1.43545233E-7
3.400E-1 2.01666819E-7
3.500E-1 2.83318557E-7
3.600E-1 3.9801091E-7
3.700E-1 5.59081204E-7
3.800E-1 7.8521816E-7
3.900E-1 1.10258184E-6
4.000E-1 1.54774447E-6
4.100E-1 2.171762E-6
4.200E-1 3.04580659E-6
4.300E-1 4.26896739E-6
4.400E-1 5.97908799E-6
4.500E-1 8.36787666E-6
