0.000E+0 0
1.000E-2 3.26281395E-11
2.000E-2 7.78784791E-11
3.000E-2 1.40691283E-10
4.000E-2 2.27937445E-10
5.000E-2 3.49172331E-10
6.000E-2 5.17684895E-10
7.000E-2 7.51958852E-10
8.000E-2 1.07770957E-9
9.000E-2 1.53072637E-9
1.000E-1 2.16084291E-9
1.100E-1 3.03748925E-9
1.200E-1 4.25746346E-9
1.300E-1 5.9558195E-9
1.400E-1 8.32113243E-9
1.500E-1 1.16169124E-8
1.600E-1 1.62116575E-8
1.700E-1 2.26210411E-8
1.800E-1 3.15671465E-8
1.900E-1 4.40616466E-8
2.000E-1 6.15226183E-8
2.100E-1 8.59386051E-8
2.200E-1 1.20099049E-7
2.300E-1 1.6791796E-7
2.400E-1 2.34888553E-7
2.500E-1 3.28721867E-7
2.600E-1 4.6024379E-7
2.700E-1 6.44654987E-7
2.800E-1 9.03300345E-7
2.900E-1 1.26615356E-6
3.000E-1 1.77530492E-6
3.100E-1 2.48985549E-6
3.200E-1 3.49278065E-6
3.300E-1 4.90054786E-6
3.400E-1 6.87657819E-6
3.500E-1 9.65005728E-6
3.600E-1 1.35421625E-5
3.700E-1 1.90025156E-5
3.800E-1 2.66596277E-5
3.900E-1 3.73903847E-5
4.000E-1 5.2414523E-5
4.100E-1 7.3422727E-5
4.200E-1 0.000102746426
4.300E-1 0.000143579226
4.400E-1 0.000200257242
4.500E-1 0.000278599717
