0.000E+0 -0.454114706
1.000E-2 -0.454112071
2.000E-2 -0.454109424
3.000E-2 -0.454106764
4.000E-2 -0.454104091
5.000E-2 -0.454101403
6.000E-2 -0.454098699
7.000E-2 -0.454095978
8.000E-2 -0.454093237
9.000E-2 -0.454090474
1.000E-1 -0.454087683
1.100E-1 -0.454084858
1.200E-1 -0.45408199
1.300E-1 -0.454079063
1.400E-1 -0.454076058
1.500E-1 -0.454072944
1.600E-1 -0.454069678
1.700E-1 -0.454066196
1.800E-1 -0.454062402
1.900E-1 -0.454058157
2.000E-1 -0.454053258
2.100E-1 -0.454047405
2.200E-1 -0.454040156
2.300E-1 -0.454030863
2.400E-1 -0.454018571
2.500E-1 -0.454001879
2.600E-1 -0.453978722
2.700E-1 -0.453946067
2.800E-1 -0.453899448
2.900E-1 -0.4538323
3.000E-1 -0.453734964
3.100E-1 -0.45359323
3.200E-1 -0.453386196
3.300E-1 -0.453083115
3.400E-1 -0.452638753
3.500E-1 -0.451986571
3.600E-1 -0.451028679
3.700E-1 -0.449621078
3.800E-1 -0.447551925
3.900E-1 -0.444509583
4.000E-1 -0.440035602
4.100E-1 -0.433455555
4.200E-1 -0.423777302
4.300E-1 -0.40954132
4.400E-1 -0.388600551
4.500E-1 -0.357796572
4.600E-1 -0.312483301
4.700E-1 -0.24582652
4.800E-1 -0.147773842
4.900E-1 -0.00354037258
5.000E-1 0.208616879
