0.000E+0 0
1.000E-2 4.68903789E-13
2.000E-2 1.12542532E-12
3.000E-2 2.04501701E-12
4.000E-2 3.33347836E-12
5.000E-2 5.13916622E-12
6.000E-2 7.67012357E-12
7.000E-2 1.12181127E-11
8.000E-2 1.6192343E-11
9.000E-2 2.3166814E-11
1.000E-1 3.29467854E-11
1.100E-1 4.66621233E-11
1.200E-1 6.58984131E-11
1.300E-1 9.28811534E-11
1.400E-1 1.30734555E-10
1.500E-1 1.83845195E-10
1.600E-1 2.58373047E-10
1.700E-1 3.62969612E-10
1.800E-1 5.09787076E-10
1.900E-1 7.15896359E-10
2.000E-1 1.00527954E-9
2.100E-1 1.41162891E-9
2.200E-1 1.98227844E-9
2.300E-1 2.78372401E-9
2.400E-1 3.9093714E-9
2.500E-1 5.49040402E-9
2.600E-1 7.71101376E-9
2.700E-1 1.082972E-8
2.800E-1 1.52091586E-8
2.900E-1 2.13576035E-8
3.000E-1 2.99866384E-8
3.100E-1 4.20908627E-8
3.200E-1 5.90572672E-8
3.300E-1 8.28137903E-8
3.400E-1 1.160281E-7
3.500E-1 1.62367774E-7
3.600E-1 2.26829633E-7
3.700E-1 3.16135095E-7
3.800E-1 4.3916372E-7
3.900E-1 6.07350123E-7
4.000E-1 8.34892924E-7
4.100E-1 1.13852425E-6
4.200E-1 1.53650785E-6
4.300E-1 2.04658775E-6
4.400E-1 2.68298558E-6
4.500E-1 3.45338178E-6
