0.000E+0 0
1.000E-2 1.55986238E-13
2.000E-2 3.72406549E-13
3.000E-2 6.7321938E-13
4.000E-2 1.09188513E-12
5.000E-2 1.67514398E-12
6.000E-2 2.48830625E-12
7.000E-2 3.62266814E-12
8.000E-2 5.2059184E-12
9.000E-2 7.41675837E-12
1.000E-1 1.05054637E-11
1.100E-1 1.48228311E-11
1.200E-1 2.08609655E-11
1.300E-1 2.93107888E-11
1.400E-1 4.11431705E-11
1.500E-1 5.77234231E-11
1.600E-1 8.09729262E-11
1.700E-1 1.13597309E-10
1.800E-1 1.59408642E-10
1.900E-1 2.23780397E-10
2.000E-1 3.14289932E-10
2.100E-1 4.41625852E-10
2.200E-1 6.20869527E-10
2.300E-1 8.7330516E-10
2.400E-1 1.22897655E-9
2.500E-1 1.73029873E-9
2.600E-1 2.43716006E-9
2.700E-1 3.43412986E-9
2.800E-1 4.84064116E-9
2.900E-1 6.82537679E-9
3.000E-1 9.62659426E-9
3.100E-1 1.35808416E-8
3.200E-1 1.91635285E-8
3.300E-1 2.70462472E-8
3.400E-1 3.81777572E-8
3.500E-1 5.38984018E-8
3.600E-1 7.61017475E-8
3.700E-1 1.07462933E-7
3.800E-1 1.51761215E-7
3.900E-1 2.14335536E-7
4.000E-1 3.02727824E-7
4.100E-1 4.27591177E-7
4.200E-1 6.03971533E-7
4.300E-1 8.53115407E-7
4.400E-1 1.20501784E-6
4.500E-1 1.70200972E-6
