0.000E+0 -0.680009985
1.000E-2 -0.680008519
2.000E-2 -0.680006937
3.000E-2 -0.680005195
4.000E-2 -0.680003228
5.000E-2 -0.68000095
6.000E-2 -0.679998236
7.000E-2 -0.679994914
8.000E-2 -0.679990737
9.000E-2 -0.679985364
1.000E-1 -0.679978311
1.100E-1 -0.679968901
1.200E-1 -0.67995618
1.300E-1 -0.679938807
1.400E-1 -0.679914897
1.500E-1 -0.679881803
1.600E-1 -0.679835801
1.700E-1 -0.679771654
1.800E-1 -0.679682005
1.900E-1 -0.679556506
2.000E-1 -0.679380614
2.100E-1 -0.679133881
2.200E-1 -0.678787561
2.300E-1 -0.678301244
2.400E-1 -0.677618118
2.500E-1 -0.676658316
2.600E-1 -0.675309559
2.700E-1 -0.673413998
2.800E-1 -0.670749728
2.900E-1 -0.667004786
3.000E-1 -0.661740607
3.100E-1 -0.654340643
3.200E-1 -0.643938139
3.300E-1 -0.629314603
3.400E-1 -0.608757067
3.500E-1 -0.579857459
3.600E-1 -0.539230572
3.700E-1 -0.48211765
3.800E-1 -0.401829242
3.900E-1 -0.288962192
4.000E-1 -0.130299424
4.100E-1 0.0927357671
