0.000E+0 -0.665749993
1.000E-2 -0.665748225
2.000E-2 -0.665746335
3.000E-2 -0.665744277
4.000E-2 -0.665741987
5.000E-2 -0.665739375
6.000E-2 -0.665736312
7.000E-2 -0.665732619
8.000E-2 -0.665728045
9.000E-2 -0.665722236
1.000E-1 -0.665714695
1.100E-1 -0.665704723
1.200E-1 -0.665691339
1.300E-1 -0.66567316
1.400E-1 -0.665648248
1.500E-1 -0.665613875
1.600E-1 -0.665566204
1.700E-1 -0.665499848
1.800E-1 -0.665407226
1.900E-1 -0.665277687
2.000E-1 -0.665096256
2.100E-1 -0.664841881
2.200E-1 -0.664484965
2.300E-1 -0.663983905
2.400E-1 -0.66328021
2.500E-1 -0.662291656
2.600E-1 -0.66090265
2.700E-1 -0.658950689
2.800E-1 -0.656207322
2.900E-1 -0.652351391
3.000E-1 -0.646931406
3.100E-1 -0.639312654
3.200E-1 -0.628602852
3.300E-1 -0.613547625
3.400E-1 -0.592383586
3.500E-1 -0.562631804
3.600E-1 -0.520807512
3.700E-1 -0.462012086
3.800E-1 -0.379359616
3.900E-1 -0.263171108
4.000E-1 -0.0998423529
4.100E-1 0.129746308
