0.000E+0 -0.489645208
1.000E-2 -0.489626047
2.000E-2 -0.489606291
3.000E-2 -0.489585738
4.000E-2 -0.48956412
5.000E-2 -0.489541062
6.000E-2 -0.48951604
7.000E-2 -0.489488319
8.000E-2 -0.489456874
9.000E-2 -0.489420263
1.000E-1 -0.489376465
1.100E-1 -0.489322642
1.200E-1 -0.489254809
1.300E-1 -0.489167361
1.400E-1 -0.489052416
1.500E-1 -0.48889888
1.600E-1 -0.488691128
1.700E-1 -0.488407151
1.800E-1 -0.488015923
1.900E-1 -0.487473702
2.000E-1 -0.486718789
2.100E-1 -0.485664147
2.200E-1 -0.484186958
2.300E-1 -0.482113898
2.400E-1 -0.479200333
2.500E-1 -0.475100961
2.600E-1 -0.469328377
2.700E-1 -0.461194612
2.800E-1 -0.449728705
2.900E-1 -0.433560534
3.000E-1 -0.410757296
3.100E-1 -0.378593637
3.200E-1 -0.333229171
3.300E-1 -0.26925739
3.400E-1 -0.179077232
3.500E-1 -0.0520226677
3.600E-1 0.126833018
