0.000E+0 -0.216506386
1.000E-2 -0.216461577
2.000E-2 -0.216413599
3.000E-2 -0.216361352
4.000E-2 -0.216303322
5.000E-2 -0.216237432
6.000E-2 -0.216160834
7.000E-2 -0.216069612
8.000E-2 -0.215958391
9.000E-2 -0.215819776
1.000E-1 -0.215643593
1.100E-1 -0.215415816
1.200E-1 -0.215117083
1.300E-1 -0.214720615
1.400E-1 -0.214189299
1.500E-1 -0.213471598
1.600E-1 -0.212495797
1.700E-1 -0.211161915
1.800E-1 -0.209330317
1.900E-1 -0.206805687
2.000E-1 -0.203314453
2.100E-1 -0.198473
2.200E-1 -0.19174289
2.300E-1 -0.182367801
2.400E-1 -0.169284703
2.500E-1 -0.150998811
2.600E-1 -0.125407574
2.700E-1 -0.0895531596
2.800E-1 -0.0392747101
2.900E-1 0.0312793815
