0.000E+0 0
1.000E-2 5.49485931E-14
2.000E-2 1.32531671E-13
3.000E-2 2.42122144E-13
4.000E-2 3.96971847E-13
5.000E-2 6.15815992E-13
6.000E-2 9.25141846E-13
7.000E-2 1.36239747E-12
8.000E-2 1.98053161E-12
9.000E-2 2.85441947E-12
1.000E-1 4.08996182E-12
1.100E-1 5.83697562E-12
1.200E-1 8.30746408E-12
1.300E-1 1.18015222E-11
1.400E-1 1.67440819E-11
1.500E-1 2.37370475E-11
1.600E-1 3.3633284E-11
1.700E-1 4.76416306E-11
1.800E-1 6.74759644E-11
1.900E-1 9.55667926E-11
2.000E-1 1.35361599E-10
2.100E-1 1.91751144E-10
2.200E-1 2.71674468E-10
2.300E-1 3.84977349E-10
2.400E-1 5.4563008E-10
2.500E-1 7.73454237E-10
2.600E-1 1.0965698E-9
2.700E-1 1.55486023E-9
2.800E-1 2.20487317E-9
2.900E-1 3.12674011E-9
3.000E-1 4.43392426E-9
3.100E-1 6.28690914E-9
3.200E-1 8.91233873E-9
3.300E-1 1.26296303E-8
3.400E-1 1.78877148E-8
3.500E-1 2.53153358E-8
3.600E-1 3.57893167E-8
3.700E-1 5.05266095E-8
3.800E-1 7.12083937E-8
3.900E-1 1.00149342E-7
4.000E-1 1.40534421E-7
4.100E-1 1.96760524E-7
4.200E-1 2.74938279E-7
4.300E-1 3.83621756E-7
4.400E-1 5.34830919E-7
4.500E-1 7.45414792E-7
