0.000E+0 0
1.000E-2 2.11295602E-12
2.000E-2 5.09154238E-12
3.000E-2 9.2935879E-12
4.000E-2 1.52248123E-11
5.000E-2 2.35999624E-11
6.000E-2 3.54292602E-11
7.000E-2 5.21406799E-11
8.000E-2 7.57529672E-11
9.000E-2 1.0912056E-10
1.000E-1 1.56280447E-10
1.100E-1 2.22943609E-10
1.200E-1 3.17191628E-10
1.300E-1 4.50464505E-10
1.400E-1 6.38961886E-10
1.500E-1 9.05631263E-10
1.600E-1 1.28298953E-9
1.700E-1 1.81712771E-9
1.800E-1 2.57339518E-9
1.900E-1 3.64446777E-9
2.000E-1 5.16179885E-9
2.100E-1 7.31186974E-9
2.200E-1 1.03592468E-8
2.300E-1 1.46792868E-8
2.400E-1 2.08045081E-8
2.500E-1 2.94902978E-8
2.600E-1 4.18079331E-8
2.700E-1 5.9276105E-8
2.800E-1 8.40465318E-8
2.900E-1 1.19165217E-7
3.000E-1 1.6893877E-7
3.100E-1 2.39445217E-7
3.200E-1 3.3924059E-7
3.300E-1 4.80324916E-7
3.400E-1 6.79439915E-7
3.500E-1 9.59766498E-7
3.600E-1 1.3530537E-6
3.700E-1 1.90210577E-6
3.800E-1 2.66331954E-6
3.900E-1 3.70851214E-6
4.000E-1 5.1245261E-6
4.100E-1 7.00807845E-6
4.200E-1 9.45246476E-6
4.300E-1 1.25233007E-5
4.400E-1 1.62247014E-5
4.500E-1 2.04666888E-5
