0.000E+0 0
1.000E-2 7.1634184E-12
2.000E-2 1.72326177E-11
3.000E-2 3.14007735E-11
4.000E-2 5.13508033E-11
5.000E-2 7.94564077E-11
6.000E-2 1.19065805E-10
7.000E-2 1.74902343E-10
8.000E-2 2.5363043E-10
9.000E-2 3.64655456E-10
1.000E-1 5.21255192E-10
1.100E-1 7.4218103E-10
1.200E-1 1.05392563E-9
1.300E-1 1.49393619E-9
1.400E-1 2.11516975E-9
1.500E-1 2.99255389E-9
1.600E-1 4.23215203E-9
1.700E-1 5.9841685E-9
1.800E-1 8.4614038E-9
1.900E-1 1.19654458E-8
2.000E-1 1.69238392E-8
2.100E-1 2.39428333E-8
2.200E-1 3.38822295E-8
2.300E-1 4.79615718E-8
2.400E-1 6.79107698E-8
2.500E-1 9.61836667E-8
2.600E-1 1.36260697E-7
2.700E-1 1.93077461E-7
2.800E-1 2.73630914E-7
2.900E-1 3.87835392E-7
3.000E-1 5.4972861E-7
3.100E-1 7.79165027E-7
3.200E-1 1.10418209E-6
3.300E-1 1.56428377E-6
3.400E-1 2.21495108E-6
3.500E-1 3.13374659E-6
3.600E-1 4.42839463E-6
3.700E-1 6.24711765E-6
3.800E-1 8.79115107E-6
3.900E-1 1.23284984E-5
4.000E-1 1.72062444E-5
4.100E-1 2.38557083E-5
4.200E-1 3.27793153E-5
4.300E-1 4.45027625E-5
4.400E-1 5.94681755E-5
4.500E-1 7.78479752E-5
