0.000E+0 -0.258014433
1.000E-2 -0.258005809
2.000E-2 -0.25799696
3.000E-2 -0.257987806
4.000E-2 -0.257978244
5.000E-2 -0.257968123
6.000E-2 -0.257957235
7.000E-2 -0.257945285
8.000E-2 -0.257931857
9.000E-2 -0.257916371
1.000E-1 -0.257897999
1.100E-1 -0.257875584
1.200E-1 -0.257847488
1.300E-1 -0.257811405
1.400E-1 -0.257764076
1.500E-1 -0.257700912
1.600E-1 -0.257615426
1.700E-1 -0.257498469
1.800E-1 -0.25733712
1.900E-1 -0.257113137
2.000E-1 -0.256800766
2.100E-1 -0.256363635
2.200E-1 -0.255750375
2.300E-1 -0.254888441
2.400E-1 -0.253675369
2.500E-1 -0.25196643
2.600E-1 -0.249557188
2.700E-1 -0.246158858
2.800E-1 -0.241363503
2.900E-1 -0.23459484
3.000E-1 -0.225038762
3.100E-1 -0.21154518
3.200E-1 -0.192489343
3.300E-1 -0.165575945
3.400E-1 -0.127562409
3.500E-1 -0.0738680428
3.600E-1 0.00197790732
