0.000E+0 0
1.000E-2 7.95497821E-12
2.000E-2 1.90493047E-11
3.000E-2 3.45360713E-11
4.000E-2 5.61679476E-11
5.000E-2 8.63962241E-11
6.000E-2 1.28649398E-10
7.000E-2 1.87723371E-10
8.000E-2 2.7032844E-10
9.000E-2 3.8585682E-10
1.000E-1 5.47460692E-10
1.100E-1 7.73567969E-10
1.200E-1 1.09001552E-9
1.300E-1 1.53305393E-9
1.400E-1 2.15358287E-9
1.500E-1 3.02312443E-9
1.600E-1 4.24225064E-9
1.700E-1 5.9524772E-9
1.800E-1 8.35305179E-9
1.900E-1 1.17246542E-8
2.000E-1 1.64628568E-8
2.100E-1 2.31253686E-8
2.200E-1 3.24987439E-8
2.300E-1 4.56925843E-8
2.400E-1 6.42725665E-8
2.500E-1 9.0448315E-8
2.600E-1 1.27338734E-7
2.700E-1 1.79346751E-7
2.800E-1 2.52688584E-7
2.900E-1 3.56141257E-7
3.000E-1 5.02098295E-7
3.100E-1 7.08060573E-7
3.200E-1 9.98741432E-7
3.300E-1 1.40903862E-6
3.400E-1 1.98822891E-6
3.500E-1 2.8058862E-6
3.600E-1 3.96022667E-6
3.700E-1 5.58986744E-6
3.800E-1 7.89037667E-6
3.900E-1 1.1137532E-5
4.000E-1 1.57199351E-5
4.100E-1 2.21846051E-5
4.200E-1 3.13004399E-5
4.300E-1 4.41460973E-5
4.400E-1 6.22302018E-5
4.500E-1 8.76547953E-5
