0.000E+0 0
1.000E-2 1.76698207E-15
2.000E-2 4.31722878E-15
3.000E-2 8.00405973E-15
4.000E-2 1.33384473E-14
5.000E-2 2.10584241E-14
6.000E-2 3.22288005E-14
7.000E-2 4.83845243E-14
8.000E-2 7.17370819E-14
9.000E-2 1.05472357E-13
1.000E-1 1.54181828E-13
1.100E-1 2.24489206E-13
1.200E-1 3.2596499E-13
1.300E-1 4.72467075E-13
1.400E-1 6.84113871E-13
1.500E-1 9.90198416E-13
1.600E-1 1.43350377E-12
1.700E-1 2.0767054E-12
1.800E-1 3.01188127E-12
1.900E-1 4.37464779E-12
2.000E-1 6.36518084E-12
2.100E-1 9.27948393E-12
2.200E-1 1.35559105E-11
2.300E-1 1.98443991E-11
2.400E-1 2.91095343E-11
2.500E-1 4.27839975E-11
2.600E-1 6.29970901E-11
2.700E-1 9.29151221E-11
2.800E-1 1.37248505E-10
2.900E-1 2.03007289E-10
3.000E-1 3.00626993E-10
3.100E-1 4.45646361E-10
3.200E-1 6.61207803E-10
3.300E-1 9.81784158E-10
3.400E-1 1.45873351E-9
3.500E-1 2.16857911E-9
3.600E-1 3.22535172E-9
3.700E-1 4.79898816E-9
3.800E-1 7.14275833E-9
3.900E-1 1.06341521E-8
4.000E-1 1.58358328E-8
4.100E-1 2.35865054E-8
4.200E-1 3.51363866E-8
4.300E-1 5.23491647E-8
4.400E-1 7.80030915E-8
4.500E-1 1.16239864E-7
