0.000E+0 0
1.000E-2 8.23138424E-15
2.000E-2 1.99300552E-14
3.000E-2 3.65847405E-14
4.000E-2 6.03097604E-14
5.000E-2 9.40929794E-14
6.000E-2 1.42147607E-13
7.000E-2 2.10396742E-13
8.000E-2 3.07146522E-13
9.000E-2 4.4402246E-13
1.000E-1 6.37277629E-13
1.100E-1 9.09632321E-13
1.200E-1 1.29288249E-12
1.300E-1 1.83163242E-12
1.400E-1 2.58868504E-12
1.500E-1 3.65288998E-12
1.600E-1 5.15064396E-12
1.700E-1 7.26282194E-12
1.800E-1 1.02497777E-11
1.900E-1 1.44883254E-11
2.000E-1 2.05265015E-11
2.100E-1 2.91647134E-11
2.200E-1 4.15760681E-11
2.300E-1 5.94849046E-11
2.400E-1 8.54318556E-11
2.500E-1 1.23167613E-10
2.600E-1 1.7823822E-10
2.700E-1 2.58855457E-10
2.800E-1 3.7719176E-10
2.900E-1 5.51307364E-10
3.000E-1 8.08019208E-10
3.100E-1 1.18717285E-9
3.200E-1 1.74800474E-9
3.300E-1 2.57861939E-9
3.400E-1 3.81010825E-9
3.500E-1 5.63758632E-9
3.600E-1 8.3515387E-9
3.700E-1 1.2384534E-8
3.800E-1 1.8380842E-8
3.900E-1 2.73001927E-8
4.000E-1 4.05724255E-8
4.100E-1 6.03279987E-8
4.200E-1 8.97415819E-8
4.300E-1 1.33544219E-7
4.400E-1 1.98786779E-7
4.500E-1 2.95978003E-7
