0.000E+0 -0.72856836
1.000E-2 -0.72856681
2.000E-2 -0.728565233
3.000E-2 -0.728563616
4.000E-2 -0.728561948
5.000E-2 -0.72856021
6.000E-2 -0.728558378
7.000E-2 -0.728556416
8.000E-2 -0.728554272
9.000E-2 -0.728551874
1.000E-1 -0.728549119
1.100E-1 -0.728545859
1.200E-1 -0.728541884
1.300E-1 -0.728536893
1.400E-1 -0.728530458
1.500E-1 -0.728521968
1.600E-1 -0.728510548
1.700E-1 -0.728494952
1.800E-1 -0.728473401
1.900E-1 -0.728443352
2.000E-1 -0.728401177
2.100E-1 -0.728341694
2.200E-1 -0.728257502
2.300E-1 -0.728138035
2.400E-1 -0.727968202
2.500E-1 -0.727726455
2.600E-1 -0.727382019
2.700E-1 -0.726890949
2.800E-1 -0.726190484
2.900E-1 -0.725191005
3.000E-1 -0.723764525
3.100E-1 -0.721728282
3.200E-1 -0.718821291
3.300E-1 -0.714670886
3.400E-1 -0.708744954
3.500E-1 -0.700283776
3.600E-1 -0.688202796
3.700E-1 -0.670953973
3.800E-1 -0.646328232
3.900E-1 -0.61117422
4.000E-1 -0.56099848
4.100E-1 -0.489398074
4.200E-1 -0.387257581
4.300E-1 -0.241616662
4.400E-1 -0.0340808643
4.500E-1 0.26139418
