0.000E+0 -0.722124132
1.000E-2 -0.722122269
2.000E-2 -0.722120376
3.000E-2 -0.72211844
4.000E-2 -0.722116447
5.000E-2 -0.722114381
6.000E-2 -0.722112213
7.000E-2 -0.722109906
8.000E-2 -0.722107407
9.000E-2 -0.72210464
1.000E-1 -0.722101496
1.100E-1 -0.722097821
1.200E-1 -0.722093393
1.300E-1 -0.722087898
1.400E-1 -0.722080886
1.500E-1 -0.722071718
1.600E-1 -0.722059477
1.700E-1 -0.722042857
1.800E-1 -0.722019994
1.900E-1 -0.721988225
2.000E-1 -0.721943749
2.100E-1 -0.721881137
2.200E-1 -0.721792638
2.300E-1 -0.721667185
2.400E-1 -0.721488971
2.500E-1 -0.721235428
2.600E-1 -0.720874325
2.700E-1 -0.720359636
2.800E-1 -0.719625634
2.900E-1 -0.718578459
3.000E-1 -0.717084079
3.100E-1 -0.714951098
3.200E-1 -0.711906212
3.300E-1 -0.707559177
3.400E-1 -0.701352809
3.500E-1 -0.692491646
3.600E-1 -0.679840208
3.700E-1 -0.661777977
3.800E-1 -0.635992868
3.900E-1 -0.599187421
4.000E-1 -0.546661545
4.100E-1 -0.471721303
4.200E-1 -0.364843915
4.300E-1 -0.212503752
4.400E-1 0.00446824172
