0.000E+0 -0.709987534
1.000E-2 -0.709985314
2.000E-2 -0.709982956
3.000E-2 -0.709980405
4.000E-2 -0.709977589
5.000E-2 -0.709974406
6.000E-2 -0.70997071
7.000E-2 -0.709966299
8.000E-2 -0.709960889
9.000E-2 -0.70995408
1.000E-1 -0.70994531
1.100E-1 -0.70993379
1.200E-1 -0.70991841
1.300E-1 -0.70989761
1.400E-1 -0.7098692
1.500E-1 -0.709830097
1.600E-1 -0.709775972
1.700E-1 -0.709700737
1.800E-1 -0.709595835
1.900E-1 -0.709449236
2.000E-1 -0.709244031
2.100E-1 -0.708956448
2.200E-1 -0.708553068
2.300E-1 -0.707986911
2.400E-1 -0.707191934
2.500E-1 -0.706075289
2.600E-1 -0.704506452
2.700E-1 -0.70230193
2.800E-1 -0.699203764
2.900E-1 -0.694849316
3.000E-1 -0.688728788
3.100E-1 -0.680125518
3.200E-1 -0.668032055
3.300E-1 -0.651032203
3.400E-1 -0.627135257
3.500E-1 -0.593543083
3.600E-1 -0.546322905
3.700E-1 -0.479947763
3.800E-1 -0.386651393
3.900E-1 -0.255523115
4.000E-1 -0.071238988
4.100E-1 0.187714898
