0.000E+0 0
1.000E-2 6.30353314E-15
2.000E-2 1.53041981E-14
3.000E-2 2.81617069E-14
4.000E-2 4.65343502E-14
5.000E-2 7.27933838E-14
6.000E-2 1.10329751E-13
7.000E-2 1.63993071E-13
8.000E-2 2.40720175E-13
9.000E-2 3.50435424E-13
1.000E-1 5.07340873E-13
1.100E-1 7.31765949E-13
1.200E-1 1.05282021E-12
1.300E-1 1.51219927E-12
1.400E-1 2.16964641E-12
1.500E-1 3.11079202E-12
1.600E-1 4.45840703E-12
1.700E-1 6.38855909E-12
1.800E-1 9.15380823E-12
1.900E-1 1.31165107E-11
2.000E-1 1.87966365E-11
2.100E-1 2.69404288E-11
2.200E-1 3.86189892E-11
2.300E-1 5.53698385E-11
2.400E-1 7.94001887E-11
2.500E-1 1.13878839E-10
2.600E-1 1.63355327E-10
2.700E-1 2.34361859E-10
2.800E-1 3.36277678E-10
2.900E-1 4.8257037E-10
3.000E-1 6.92578443E-10
3.100E-1 9.94071275E-10
3.200E-1 1.42692542E-9
3.300E-1 2.04840412E-9
3.400E-1 2.9407394E-9
3.500E-1 4.22202036E-9
3.600E-1 6.06183074E-9
3.700E-1 8.70370548E-9
3.800E-1 1.24973815E-8
3.900E-1 1.79451139E-8
4.000E-1 2.57681906E-8
4.100E-1 3.70024552E-8
4.200E-1 5.31354877E-8
4.300E-1 7.63036098E-8
4.400E-1 1.09574794E-7
4.500E-1 1.5735494E-7
