0.000E+0 0
1.000E-2 1.18613396E-12
2.000E-2 2.8489164E-12
3.000E-2 5.18055477E-12
4.000E-2 8.45076359E-12
5.000E-2 1.30380234E-11
6.000E-2 1.94734543E-11
7.000E-2 2.85024021E-11
8.000E-2 4.11708975E-11
9.000E-2 5.89470499E-11
1.000E-1 8.38915129E-11
1.100E-1 1.18896882E-10
1.200E-1 1.68023927E-10
1.300E-1 2.36973842E-10
1.400E-1 3.33751517E-10
1.500E-1 4.69596982E-10
1.600E-1 6.60293172E-10
1.700E-1 9.28001393E-10
1.800E-1 1.30383601E-9
1.900E-1 1.83147323E-9
2.000E-1 2.57220372E-9
2.100E-1 3.61199513E-9
2.200E-1 5.07134204E-9
2.300E-1 7.11895897E-9
2.400E-1 9.99072879E-9
2.500E-1 1.4015752E-8
2.600E-1 1.96518214E-8
2.700E-1 2.75330727E-8
2.800E-1 3.85327042E-8
2.900E-1 5.38430288E-8
3.000E-1 7.50728039E-8
3.100E-1 1.04356207E-7
3.200E-1 1.44456646E-7
3.300E-1 1.98829199E-7
3.400E-1 2.7157704E-7
3.500E-1 3.67206115E-7
3.600E-1 4.90071426E-7
3.700E-1 6.43464165E-7
3.800E-1 8.28466872E-7
3.900E-1 1.04299965E-6
4.000E-1 1.28172947E-6
4.100E-1 1.53740445E-6
4.200E-1 1.8035497E-6
4.300E-1 2.07769033E-6
4.400E-1 2.36404639E-6
4.500E-1 2.6752174E-6
