0.000E+0 0
1.000E-2 3.805135E-15
2.000E-2 9.32264354E-15
3.000E-2 1.7327804E-14
4.000E-2 2.89465102E-14
5.000E-2 4.58136771E-14
6.000E-2 7.03032637E-14
7.000E-2 1.05862429E-13
8.000E-2 1.57497198E-13
9.000E-2 2.32478975E-13
1.000E-1 3.41371979E-13
1.100E-1 4.99530661E-13
1.200E-1 7.2928148E-13
1.300E-1 1.06310515E-12
1.400E-1 1.54828062E-12
1.500E-1 2.25366552E-12
1.600E-1 3.27959944E-12
1.700E-1 4.77237176E-12
1.800E-1 6.94536105E-12
1.900E-1 1.01099253E-11
2.000E-1 1.47205436E-11
2.100E-1 2.14407855E-11
2.200E-1 3.12397251E-11
2.300E-1 4.553285E-11
2.400E-1 6.63880114E-11
2.500E-1 9.68264479E-11
2.600E-1 1.41262783E-10
2.700E-1 2.06148181E-10
2.800E-1 3.00910476E-10
2.900E-1 4.39328451E-10
3.000E-1 6.41540764E-10
3.100E-1 9.36982663E-10
3.200E-1 1.36867903E-9
3.300E-1 1.99952023E-9
3.400E-1 2.92143666E-9
3.500E-1 4.26881086E-9
3.600E-1 6.23808475E-9
3.700E-1 9.1164234E-9
3.800E-1 1.33236192E-8
3.900E-1 1.94733517E-8
4.000E-1 2.84627455E-8
4.100E-1 4.16032952E-8
4.200E-1 6.08122698E-8
4.300E-1 8.88925278E-8
4.400E-1 1.29941586E-7
4.500E-1 1.8994964E-7
