0.000E+0 0
1.000E-2 1.33962294E-11
2.000E-2 3.21630558E-11
3.000E-2 5.8475786E-11
4.000E-2 9.53906386E-11
5.000E-2 1.47201588E-10
6.000E-2 2.19942035E-10
7.000E-2 3.22090353E-10
8.000E-2 4.65562563E-10
9.000E-2 6.67109685E-10
1.000E-1 9.50285701E-10
1.100E-1 1.34822059E-9
1.200E-1 1.90752961E-9
1.300E-1 2.69382682E-9
1.400E-1 3.79950393E-9
1.500E-1 5.35470837E-9
1.600E-1 7.54283925E-9
1.700E-1 1.06224229E-8
1.800E-1 1.49579968E-8
1.900E-1 2.10637094E-8
2.000E-1 2.96648701E-8
2.100E-1 4.17848266E-8
2.200E-1 5.88675687E-8
2.300E-1 8.29507006E-8
2.400E-1 1.16909366E-7
2.500E-1 1.64800021E-7
2.600E-1 2.32344477E-7
2.700E-1 3.27610586E-7
2.800E-1 4.6196766E-7
2.900E-1 6.51423995E-7
3.000E-1 9.18492251E-7
3.100E-1 1.29477699E-6
3.200E-1 1.82453614E-6
3.300E-1 2.56952804E-6
3.400E-1 3.61549972E-6
3.500E-1 5.08065975E-6
3.600E-1 7.12632724E-6
3.700E-1 9.96950488E-6
3.800E-1 1.3896134E-5
3.900E-1 1.92718756E-5
4.000E-1 2.65440888E-5
4.100E-1 3.62230735E-5
4.200E-1 4.88261247E-5
4.300E-1 6.47606863E-5
4.400E-1 8.41307689E-5
4.500E-1 0.000106489378
