0.000E+0 0
1.000E-2 3.55523041E-11
2.000E-2 8.50322428E-11
3.000E-2 1.5399235E-10
4.000E-2 2.5019669E-10
5.000E-2 3.84501654E-10
6.000E-2 5.72088618E-10
7.000E-2 8.34190145E-10
8.000E-2 1.20050925E-9
9.000E-2 1.71261293E-9
1.000E-1 2.42869691E-9
1.100E-1 3.43028199E-9
1.200E-1 4.83163385E-9
1.300E-1 6.79302506E-9
1.400E-1 9.53941934E-9
1.500E-1 1.33868102E-8
1.600E-1 1.87793641E-8
1.700E-1 2.63418152E-8
1.800E-1 3.69533855E-8
1.900E-1 5.1852081E-8
2.000E-1 7.27818473E-8
2.100E-1 1.02200184E-7
2.200E-1 1.43571023E-7
2.300E-1 2.01777787E-7
2.400E-1 2.83705768E-7
2.500E-1 3.99062795E-7
2.600E-1 5.61534838E-7
2.700E-1 7.90411486E-7
2.800E-1 1.11286877E-6
2.900E-1 1.5671681E-6
3.000E-1 2.20712463E-6
3.100E-1 3.10832097E-6
3.200E-1 4.37669255E-6
3.300E-1 6.16028246E-6
3.400E-1 8.66512745E-6
3.500E-1 1.21763298E-5
3.600E-1 1.70853466E-5
3.700E-1 2.39235422E-5
3.800E-1 3.3401936E-5
3.900E-1 4.64530484E-5
4.000E-1 6.42687074E-5
4.100E-1 8.83229015E-5
4.200E-1 0.000120366676
4.300E-1 0.000162384265
4.400E-1 0.000216506872
4.500E-1 0.000284883488
