0.000E+0 0
1.000E-2 1.28929855E-15
2.000E-2 3.16796918E-15
3.000E-2 5.90905388E-15
4.000E-2 9.9112462E-15
5.000E-2 1.57562529E-14
6.000E-2 2.4292221E-14
7.000E-2 3.67551295E-14
8.000E-2 5.49442929E-14
9.000E-2 8.14850736E-14
1.000E-1 1.20196714E-13
1.100E-1 1.76657548E-13
1.200E-1 2.59003132E-13
1.300E-1 3.79129749E-13
1.400E-1 5.54459275E-13
1.500E-1 8.10555796E-13
1.600E-1 1.18500827E-12
1.700E-1 1.73319958E-12
1.800E-1 2.53688614E-12
1.900E-1 3.71696403E-12
2.000E-1 5.45247029E-12
2.100E-1 8.00887057E-12
2.200E-1 1.17801778E-11
2.300E-1 1.73516742E-11
2.400E-1 2.55933289E-11
2.500E-1 3.77989544E-11
2.600E-1 5.58935239E-11
2.700E-1 8.2742073E-11
2.800E-1 1.22610011E-10
2.900E-1 1.81849112E-10
3.000E-1 2.6991991E-10
3.100E-1 4.00915555E-10
3.200E-1 5.95833198E-10
3.300E-1 8.85959752E-10
3.400E-1 1.31791893E-9
3.500E-1 1.96119487E-9
3.600E-1 2.919348E-9
3.700E-1 4.3467352E-9
3.800E-1 6.47343636E-9
3.900E-1 9.64241494E-9
4.000E-1 1.4364919E-8
4.100E-1 2.14030743E-8
4.200E-1 3.18930202E-8
4.300E-1 4.75284877E-8
4.400E-1 7.0834491E-8
4.500E-1 1.05575366E-7
