0.000E+0 0
1.000E-2 2.18502675E-15
2.000E-2 5.34883333E-15
3.000E-2 9.93681038E-15
4.000E-2 1.65949182E-14
5.000E-2 2.62575802E-14
6.000E-2 4.02806173E-14
7.000E-2 6.06174355E-14
8.000E-2 9.00992101E-14
9.000E-2 1.32805957E-13
1.000E-1 1.94633308E-13
1.100E-1 2.84102102E-13
1.200E-1 4.13542631E-13
1.300E-1 6.00829848E-13
1.400E-1 8.71935958E-13
1.500E-1 1.26469853E-12
1.600E-1 1.83439849E-12
1.700E-1 2.66203404E-12
1.800E-1 3.86660961E-12
1.900E-1 5.62340282E-12
2.000E-1 8.19112994E-12
2.100E-1 1.19523567E-11
2.200E-1 1.74736263E-11
2.300E-1 2.55949459E-11
2.400E-1 3.75629955E-11
2.500E-1 5.52294664E-11
2.600E-1 8.13464328E-11
2.700E-1 1.20006309E-10
2.800E-1 1.77297269E-10
2.900E-1 2.6227978E-10
3.000E-1 3.88441721E-10
3.100E-1 5.75866859E-10
3.200E-1 8.54466607E-10
3.300E-1 1.26879676E-9
3.400E-1 1.88523689E-9
3.500E-1 2.8026918E-9
3.600E-1 4.16854342E-9
3.700E-1 6.20242991E-9
3.800E-1 9.23169334E-9
3.900E-1 1.37442235E-8
4.000E-1 2.04672348E-8
4.100E-1 3.04847072E-8
4.200E-1 4.54124661E-8
4.300E-1 6.76591954E-8
4.400E-1 1.00815561E-7
4.500E-1 1.50234323E-7
