0.000E+0 0
1.000E-2 1.06085014E-15
2.000E-2 2.60813109E-15
3.000E-2 4.86710542E-15
4.000E-2 8.1670143E-15
5.000E-2 1.29889033E-14
6.000E-2 2.00354287E-14
7.000E-2 3.03327985E-14
8.000E-2 4.53784882E-14
9.000E-2 6.73625975E-14
1.000E-1 9.94854056E-14
1.100E-1 1.46417906E-13
1.200E-1 2.15013822E-13
1.300E-1 3.15293859E-13
1.400E-1 4.61957436E-13
1.500E-1 6.76583695E-13
1.600E-1 9.90889227E-13
1.700E-1 1.45154395E-12
1.800E-1 2.12729347E-12
1.900E-1 3.11949529E-12
2.000E-1 4.57770733E-12
2.100E-1 6.72275409E-12
2.200E-1 9.88086007E-12
2.300E-1 1.45341644E-11
2.400E-1 2.13954858E-11
2.500E-1 3.15189861E-11
2.600E-1 4.64639835E-11
2.700E-1 6.85374576E-11
2.800E-1 1.01153065E-10
2.900E-1 1.49362676E-10
3.000E-1 2.20643346E-10
3.100E-1 3.26062548E-10
3.200E-1 4.82003474E-10
3.300E-1 7.12719721E-10
3.400E-1 1.05411806E-9
3.500E-1 1.55935983E-9
3.600E-1 2.30715529E-9
3.700E-1 3.4140458E-9
3.800E-1 5.05259137E-9
3.900E-1 7.47830304E-9
4.000E-1 1.10695246E-8
4.100E-1 1.63864917E-8
4.200E-1 2.42587866E-8
4.300E-1 3.59148464E-8
4.400E-1 5.3173743E-8
4.500E-1 7.87291762E-8
