0.000E+0 0
1.000E-2 1.86826403E-13
2.000E-2 4.50825606E-13
3.000E-2 8.24067819E-13
4.000E-2 1.35194858E-12
5.000E-2 2.09872593E-12
6.000E-2 3.1553606E-12
7.000E-2 4.65061948E-12
8.000E-2 6.76680427E-12
9.000E-2 9.76203802E-12
1.000E-1 1.40018533E-11
1.100E-1 2.00039774E-11
1.200E-1 2.85018455E-11
1.300E-1 4.05346973E-11
1.400E-1 5.75754063E-11
1.500E-1 8.17118696E-11
1.600E-1 1.15904411E-10
1.700E-1 1.64351037E-10
1.800E-1 2.33005672E-10
1.900E-1 3.30313234E-10
2.000E-1 4.68251901E-10
2.100E-1 6.63810028E-10
2.200E-1 9.41077192E-10
2.300E-1 1.33420104E-9
2.400E-1 1.89156096E-9
2.500E-1 2.68164432E-9
2.600E-1 3.80128929E-9
2.700E-1 5.38718611E-9
2.800E-1 7.63180203E-9
2.900E-1 1.08051845E-8
3.000E-1 1.528432E-8
3.100E-1 2.15916848E-8
3.200E-1 3.04439202E-8
3.300E-1 4.28094373E-8
3.400E-1 5.99689541E-8
3.500E-1 8.35637204E-8
3.600E-1 1.15600877E-7
3.700E-1 1.58364806E-7
3.800E-1 2.14165724E-7
3.900E-1 2.84864813E-7
4.000E-1 3.71186078E-7
4.100E-1 4.71983244E-7
4.200E-1 5.83821169E-7
4.300E-1 7.01277504E-7
4.400E-1 8.18089983E-7
4.500E-1 9.28761015E-7
