0.000E+0 0
1.000E-2 5.01898524E-15
2.000E-2 1.22138548E-14
3.000E-2 2.25418472E-14
4.000E-2 3.73809701E-14
5.000E-2 5.87148805E-14
6.000E-2 8.93991235E-14
7.000E-2 1.33544709E-13
8.000E-2 1.97071072E-13
9.000E-2 2.88503807E-13
1.000E-1 4.20126467E-13
1.100E-1 6.09645132E-13
1.200E-1 8.82596224E-13
1.300E-1 1.2758326E-12
1.400E-1 1.84257486E-12
1.500E-1 2.65973562E-12
1.600E-1 3.83854512E-12
1.700E-1 5.53997213E-12
1.800E-1 7.99710985E-12
1.900E-1 1.15476781E-11
2.000E-1 1.66812177E-11
2.100E-1 2.41076245E-11
2.200E-1 3.48566764E-11
2.300E-1 5.04225775E-11
2.400E-1 7.29738923E-11
2.500E-1 1.05658464E-10
2.600E-1 1.53046307E-10
2.700E-1 2.21772935E-10
2.800E-1 3.21473817E-10
2.900E-1 4.66141749E-10
3.000E-1 6.76098444E-10
3.100E-1 9.80858166E-10
3.200E-1 1.4232866E-9
3.300E-1 2.06563994E-9
3.400E-1 2.99833225E-9
3.500E-1 4.3526595E-9
3.600E-1 6.31925665E-9
3.700E-1 9.17485181E-9
3.800E-1 1.33210063E-8
3.900E-1 1.93401239E-8
4.000E-1 2.80762447E-8
4.100E-1 4.07512093E-8
4.200E-1 5.91308721E-8
4.300E-1 8.57612486E-8
4.400E-1 1.24300522E-7
4.500E-1 1.79978592E-7
