0.000E+0 0
1.000E-2 1.66869978E-13
2.000E-2 4.02664282E-13
3.000E-2 7.36664637E-13
4.000E-2 1.2105396E-12
5.000E-2 1.8835648E-12
6.000E-2 2.84004454E-12
7.000E-2 4.19987235E-12
8.000E-2 6.13357659E-12
9.000E-2 8.88379057E-12
1.000E-1 1.27959503E-11
1.100E-1 1.83622818E-11
1.200E-1 2.62849765E-11
1.300E-1 3.75671304E-11
1.400E-1 5.36439196E-11
1.500E-1 7.6572147E-11
1.600E-1 1.09304511E-10
1.700E-1 1.56086865E-10
1.800E-1 2.23033993E-10
1.900E-1 3.18964501E-10
2.000E-1 4.56611739E-10
2.100E-1 6.54380468E-10
2.200E-1 9.38895628E-10
2.300E-1 1.34870091E-9
2.400E-1 1.93962657E-9
2.500E-1 2.79258109E-9
2.600E-1 4.02486212E-9
2.700E-1 5.80657858E-9
2.800E-1 8.38449535E-9
2.900E-1 1.21166576E-8
3.000E-1 1.7522671E-8
3.100E-1 2.53567171E-8
3.200E-1 3.67135847E-8
3.300E-1 5.31826375E-8
3.400E-1 7.70713714E-8
3.500E-1 1.1172996E-7
3.600E-1 1.6202229E-7
3.700E-1 2.35009357E-7
3.800E-1 3.40940179E-7
3.900E-1 4.94687427E-7
4.000E-1 7.17824797E-7
4.100E-1 1.04162761E-6
4.200E-1 1.51139555E-6
4.300E-1 2.19265635E-6
4.400E-1 3.18001896E-6
4.500E-1 4.60970385E-6
