0.000E+0 0
1.000E-2 2.91430943E-13
2.000E-2 7.00512057E-13
3.000E-2 1.27635604E-12
4.000E-2 2.088432E-12
5.000E-2 3.23494428E-12
6.000E-2 4.85465482E-12
7.000E-2 7.14358024E-12
8.000E-2 1.03786086E-11
9.000E-2 1.49509718E-11
1.000E-1 2.14138062E-11
1.100E-1 3.05499303E-11
1.200E-1 4.34687336E-11
1.300E-1 6.17451135E-11
1.400E-1 8.76192835E-11
1.500E-1 1.24284825E-10
1.600E-1 1.76304764E-10
1.700E-1 2.50213419E-10
1.800E-1 3.55387787E-10
1.900E-1 5.05309949E-10
2.000E-1 7.19396664E-10
2.100E-1 1.0256517E-9
2.200E-1 1.46451174E-9
2.300E-1 2.09442414E-9
2.400E-1 2.99993809E-9
2.500E-1 4.30344395E-9
2.600E-1 6.18220875E-9
2.700E-1 8.89310126E-9
2.800E-1 1.28084819E-8
2.900E-1 1.84683053E-8
3.000E-1 2.66557643E-8
3.100E-1 3.85071182E-8
3.200E-1 5.56711562E-8
3.300E-1 8.05407223E-8
3.400E-1 1.16588842E-7
3.500E-1 1.6885664E-7
3.600E-1 2.44661447E-7
3.700E-1 3.54624071E-7
3.800E-1 5.14158325E-7
3.900E-1 7.45629085E-7
4.000E-1 1.08147526E-6
4.100E-1 1.56872139E-6
4.200E-1 2.27547903E-6
4.300E-1 3.30028121E-6
4.400E-1 4.78541348E-6
4.500E-1 6.93580438E-6
