0.000E+0 -0.619532175
1.000E-2 -0.619529226
2.000E-2 -0.619526259
3.000E-2 -0.619523273
4.000E-2 -0.619520265
5.000E-2 -0.619517232
6.000E-2 -0.619514169
7.000E-2 -0.61951107
8.000E-2 -0.619507927
9.000E-2 -0.619504727
1.000E-1 -0.619501452
1.100E-1 -0.619498076
1.200E-1 -0.619494561
1.300E-1 -0.619490855
1.400E-1 -0.619486878
1.500E-1 -0.619482517
1.600E-1 -0.619477608
1.700E-1 -0.619471912
1.800E-1 -0.619465083
1.900E-1 -0.61945662
2.000E-1 -0.619445792
2.100E-1 -0.619431542
2.200E-1 -0.619412331
2.300E-1 -0.619385925
2.400E-1 -0.61934908
2.500E-1 -0.619297082
2.600E-1 -0.619223084
2.700E-1 -0.619117138
2.800E-1 -0.618964791
2.900E-1 -0.618745046
3.000E-1 -0.618427397
3.100E-1 -0.617967522
3.200E-1 -0.617301025
3.300E-1 -0.616334347
3.400E-1 -0.614931549
3.500E-1 -0.61289513
3.600E-1 -0.609938132
3.700E-1 -0.605643627
3.800E-1 -0.599405859
3.900E-1 -0.590344718
4.000E-1 -0.577181503
4.100E-1 -0.558058436
4.200E-1 -0.53027649
4.300E-1 -0.489914592
4.400E-1 -0.431276646
4.500E-1 -0.346088662
4.600E-1 -0.222333502
4.700E-1 -0.0425604886
4.800E-1 0.218565034
