0.000E+0 -0.293487349
1.000E-2 -0.29347783
2.000E-2 -0.293468252
3.000E-2 -0.293458611
4.000E-2 -0.293448896
5.000E-2 -0.293439103
6.000E-2 -0.293429212
7.000E-2 -0.293419208
8.000E-2 -0.29340906
9.000E-2 -0.293398737
1.000E-1 -0.293388178
1.100E-1 -0.293377314
1.200E-1 -0.293366041
1.300E-1 -0.293354199
1.400E-1 -0.293341584
1.500E-1 -0.293327879
1.600E-1 -0.29331265
1.700E-1 -0.293295261
1.800E-1 -0.293274799
1.900E-1 -0.29324994
2.000E-1 -0.293218795
2.100E-1 -0.293178606
2.200E-1 -0.293125404
2.300E-1 -0.29305343
2.400E-1 -0.292954347
2.500E-1 -0.292816053
2.600E-1 -0.292621029
2.700E-1 -0.292343829
2.800E-1 -0.291947568
2.900E-1 -0.291378696
3.000E-1 -0.290559476
3.100E-1 -0.289377087
3.200E-1 -0.287667698
3.300E-1 -0.285193433
3.400E-1 -0.281608846
3.500E-1 -0.276412251
3.600E-1 -0.268875033
3.700E-1 -0.25793891
3.800E-1 -0.242066785
3.900E-1 -0.219026021
4.000E-1 -0.185573749
4.100E-1 -0.136999863
4.200E-1 -0.0664635174
4.300E-1 0.0359698933
