0.000E+0 -0.532029687
1.000E-2 -0.532004775
2.000E-2 -0.531978595
3.000E-2 -0.531950655
4.000E-2 -0.531920315
5.000E-2 -0.531886684
6.000E-2 -0.531848518
7.000E-2 -0.531804073
8.000E-2 -0.531750912
9.000E-2 -0.531685622
1.000E-1 -0.531603427
1.100E-1 -0.531497631
1.200E-1 -0.531358855
1.300E-1 -0.531173949
1.400E-1 -0.530924474
1.500E-1 -0.530584563
1.600E-1 -0.530117924
1.700E-1 -0.529473621
1.800E-1 -0.528580157
1.900E-1 -0.52733715
2.000E-1 -0.525603654
2.100E-1 -0.523181753
2.200E-1 -0.519793525
2.300E-1 -0.515048724
2.400E-1 -0.508399449
2.500E-1 -0.499076623
2.600E-1 -0.486001079
2.700E-1 -0.467659324
2.800E-1 -0.441930346
2.900E-1 -0.405844957
3.000E-1 -0.355252995
3.100E-1 -0.284366091
3.200E-1 -0.185135347
3.300E-1 -0.0464154239
3.400E-1 0.147137292
