0.000E+0 0
1.000E-2 1.7073145E-13
2.000E-2 4.10597003E-13
3.000E-2 7.47791976E-13
4.000E-2 1.22201206E-12
5.000E-2 1.88914653E-12
6.000E-2 2.82788979E-12
7.000E-2 4.14905781E-12
8.000E-2 6.00871985E-12
9.000E-2 8.62671411E-12
1.000E-1 1.23127629E-11
1.100E-1 1.7503319E-11
1.200E-1 2.4813567E-11
1.300E-1 3.51108341E-11
1.400E-1 4.9618245E-11
1.500E-1 7.00611062E-11
1.600E-1 9.88736561E-11
1.700E-1 1.39491101E-10
1.800E-1 1.96762127E-10
1.900E-1 2.7753162E-10
2.000E-1 3.91463805E-10
2.100E-1 5.52205017E-10
2.200E-1 7.7902618E-10
2.300E-1 1.09914283E-9
2.400E-1 1.55099198E-9
2.500E-1 2.18885992E-9
2.600E-1 3.08941709E-9
2.700E-1 4.36094361E-9
2.800E-1 6.15634942E-9
2.900E-1 8.69154111E-9
3.000E-1 1.22713141E-8
3.100E-1 1.73258194E-8
3.200E-1 2.44618543E-8
3.300E-1 3.45348682E-8
3.400E-1 4.87497751E-8
3.500E-1 6.88015565E-8
3.600E-1 9.70702856E-8
3.700E-1 1.36889508E-7
3.800E-1 1.92911383E-7
3.900E-1 2.71595243E-7
4.000E-1 3.81845305E-7
4.100E-1 5.35812161E-7
4.200E-1 7.49841171E-7
4.300E-1 1.04548337E-6
4.400E-1 1.45036384E-6
4.500E-1 1.99852567E-6
