0.000E+0 0
1.000E-2 4.8137002E-14
2.000E-2 1.18239564E-13
3.000E-2 2.20554371E-13
4.000E-2 3.70089125E-13
5.000E-2 5.88814657E-13
6.000E-2 9.08882477E-13
7.000E-2 1.37732663E-12
8.000E-2 2.06293748E-12
9.000E-2 3.06631831E-12
1.000E-1 4.53461501E-12
1.100E-1 6.68312256E-12
1.200E-1 9.8270365E-12
1.300E-1 1.44282089E-11
1.400E-1 2.11641475E-11
1.500E-1 3.10300533E-11
1.600E-1 4.54899987E-11
1.700E-1 6.67012583E-11
1.800E-1 9.78475786E-11
1.900E-1 1.43634688E-10
2.000E-1 2.11027406E-10
2.100E-1 3.10346522E-10
2.200E-1 4.56901347E-10
2.300E-1 6.73419942E-10
2.400E-1 9.93667219E-10
2.500E-1 1.46783212E-9
2.600E-1 2.17054946E-9
2.700E-1 3.21284554E-9
2.800E-1 4.7599262E-9
2.900E-1 7.05766242E-9
3.000E-1 1.04720175E-8
3.100E-1 1.55477176E-8
3.200E-1 2.30955054E-8
3.300E-1 3.43217799E-8
3.400E-1 5.10209372E-8
3.500E-1 7.58601194E-8
3.600E-1 1.12799388E-7
3.700E-1 1.67708676E-7
3.800E-1 2.49266913E-7
3.900E-1 3.70257557E-7
4.000E-1 5.49402787E-7
4.100E-1 8.1388974E-7
4.200E-1 1.20269753E-6
4.300E-1 1.77065221E-6
4.400E-1 2.59266822E-6
4.500E-1 3.76664249E-6
