0.000E+0 0
1.000E-2 9.76365234E-12
2.000E-2 2.34369794E-11
3.000E-2 4.25930573E-11
4.000E-2 6.94379276E-11
5.000E-2 1.0706536E-10
6.000E-2 1.59814257E-10
7.000E-2 2.33770137E-10
8.000E-2 3.3746892E-10
9.000E-2 4.82884799E-10
1.000E-1 6.86817193E-10
1.100E-1 9.728384E-10
1.200E-1 1.37402904E-9
1.300E-1 1.93682071E-9
1.400E-1 2.72639439E-9
1.500E-1 3.83426534E-9
1.600E-1 5.38894004E-9
1.700E-1 7.57088933E-9
1.800E-1 1.06335841E-8
1.900E-1 1.49330444E-8
2.000E-1 2.09693384E-8
2.100E-1 2.94448464E-8
2.200E-1 4.13460255E-8
2.300E-1 5.8058083E-8
2.400E-1 8.15256569E-8
2.500E-1 1.14477677E-7
2.600E-1 1.60741477E-7
2.700E-1 2.25680451E-7
2.800E-1 3.16801643E-7
2.900E-1 4.44594867E-7
3.000E-1 6.23682985E-7
3.100E-1 8.74381774E-7
3.200E-1 1.22478199E-6
3.300E-1 1.71346327E-6
3.400E-1 2.39290392E-6
3.500E-1 3.33351481E-6
3.600E-1 4.62791746E-6
3.700E-1 6.39448257E-6
3.800E-1 8.7780983E-6
3.900E-1 1.19445766E-5
4.000E-1 1.60633173E-5
4.100E-1 2.12721608E-5
4.200E-1 2.76214358E-5
4.300E-1 3.50081233E-5
4.400E-1 4.31334024E-5
4.500E-1 5.15365509E-5
