0.000E+0 0
1.000E-2 8.63470649E-15
2.000E-2 2.09351847E-14
3.000E-2 3.85198613E-14
4.000E-2 6.37118675E-14
5.000E-2 9.98407199E-14
6.000E-2 1.51671157E-13
7.000E-2 2.26012466E-13
8.000E-2 3.32584549E-13
9.000E-2 4.85250528E-13
1.000E-1 7.0377523E-13
1.100E-1 1.01634289E-12
1.200E-1 1.4631786E-12
1.300E-1 2.10178551E-12
1.400E-1 3.01456205E-12
1.500E-1 4.31994211E-12
1.600E-1 6.18876632E-12
1.700E-1 8.86843369E-12
1.800E-1 1.271863E-11
1.900E-1 1.8264278E-11
2.000E-1 2.62740995E-11
2.100E-1 3.78772546E-11
2.200E-1 5.4736598E-11
2.300E-1 7.9306134E-11
2.400E-1 1.15213736E-10
2.500E-1 1.67830291E-10
2.600E-1 2.45116384E-10
2.700E-1 3.58882264E-10
2.800E-1 5.2666338E-10
2.900E-1 7.74512884E-10
3.000E-1 1.1411603E-9
3.100E-1 1.6842057E-9
3.200E-1 2.48934708E-9
3.300E-1 3.68412766E-9
3.400E-1 5.4584188E-9
3.500E-1 8.09494079E-9
3.600E-1 1.20147419E-8
3.700E-1 1.78449671E-8
3.800E-1 2.65198377E-8
3.900E-1 3.9431104E-8
4.000E-1 5.86521757E-8
4.100E-1 8.72719281E-8
4.200E-1 1.29891655E-7
4.300E-1 1.93364466E-7
4.400E-1 2.87894395E-7
4.500E-1 4.28667981E-7
