0.000E+0 0
1.000E-2 9.52730819E-14
2.000E-2 2.28689907E-13
3.000E-2 4.1585752E-13
4.000E-2 6.78647859E-13
5.000E-2 1.04765338E-12
6.000E-2 1.56559105E-12
7.000E-2 2.29202676E-12
8.000E-2 3.30994881E-12
9.000E-2 4.73494947E-12
1.000E-1 6.72811448E-12
1.100E-1 9.51312486E-12
1.200E-1 1.34060131E-11
1.300E-1 1.88447226E-11
1.400E-1 2.64529676E-11
1.500E-1 3.71063382E-11
1.600E-1 5.20492478E-11
1.700E-1 7.30554575E-11
1.800E-1 1.02662389E-10
1.900E-1 1.44512861E-10
2.000E-1 2.03851905E-10
2.100E-1 2.88250646E-10
2.200E-1 4.08660557E-10
2.300E-1 5.80950105E-10
2.400E-1 8.28145005E-10
2.500E-1 1.18369576E-9
2.600E-1 1.69624498E-9
2.700E-1 2.43658513E-9
2.800E-1 3.50781555E-9
2.900E-1 5.06017308E-9
3.000E-1 7.31269071E-9
3.100E-1 1.05848326E-8
3.200E-1 1.5342707E-8
3.300E-1 2.22665807E-8
3.400E-1 3.23495251E-8
3.500E-1 4.70415571E-8
3.600E-1 6.84602725E-8
3.700E-1 9.96986563E-8
3.800E-1 1.45274931E-7
3.900E-1 2.11789993E-7
4.000E-1 3.08888276E-7
4.100E-1 4.50662083E-7
4.200E-1 6.57704091E-7
4.300E-1 9.6010719E-7
4.400E-1 1.40184883E-6
4.500E-1 2.04719866E-6
