0.000E+0 0
1.000E-2 9.17820018E-14
2.000E-2 2.20936437E-13
3.000E-2 4.02738504E-13
4.000E-2 6.58705003E-13
5.000E-2 1.01914436E-12
6.000E-2 1.52674942E-12
7.000E-2 2.24166038E-12
8.000E-2 3.24860134E-12
9.000E-2 4.66694242E-12
1.000E-1 6.66489114E-12
1.100E-1 9.47951357E-12
1.200E-1 1.34449884E-11
1.300E-1 1.90324894E-11
1.400E-1 2.69064957E-11
1.500E-1 3.80043079E-11
1.600E-1 5.364835E-11
1.700E-1 7.57047876E-11
1.800E-1 1.06807575E-10
1.900E-1 1.50674926E-10
2.000E-1 2.12556344E-10
2.100E-1 2.9986405E-10
2.200E-1 4.23064859E-10
2.300E-1 5.96939845E-10
2.400E-1 8.42363318E-10
2.500E-1 1.18881485E-9
2.600E-1 1.67792573E-9
2.700E-1 2.36848426E-9
2.800E-1 3.3434973E-9
2.900E-1 4.72014652E-9
3.000E-1 6.66381489E-9
3.100E-1 9.40782413E-9
3.200E-1 1.32811649E-8
3.300E-1 1.87473726E-8
3.400E-1 2.64588723E-8
3.500E-1 3.73326691E-8
3.600E-1 5.26552847E-8
3.700E-1 7.42274814E-8
3.800E-1 1.04562815E-7
3.900E-1 1.4715901E-7
4.000E-1 2.06868875E-7
4.100E-1 2.90410533E-7
4.200E-1 4.07078746E-7
4.300E-1 5.69752277E-7
4.400E-1 7.96332214E-7
4.500E-1 1.11177798E-6
