0.000E+0 0
1.000E-2 2.41475376E-13
2.000E-2 5.86623638E-13
3.000E-2 1.08019224E-12
4.000E-2 1.78623817E-12
5.000E-2 2.79645966E-12
6.000E-2 4.24212464E-12
7.000E-2 6.31115163E-12
8.000E-2 9.27257295E-12
9.000E-2 1.35115793E-11
1.000E-1 1.95797354E-11
1.100E-1 2.82669541E-11
1.200E-1 4.07046861E-11
1.300E-1 5.85138993E-11
1.400E-1 8.40173354E-11
1.500E-1 1.20544008E-10
1.600E-1 1.72866062E-10
1.700E-1 2.4782551E-10
1.800E-1 3.5523329E-10
1.900E-1 5.09158608E-10
2.000E-1 7.29777304E-10
2.100E-1 1.04601997E-9
2.200E-1 1.49936252E-9
2.300E-1 2.14924495E-9
2.400E-1 3.08080324E-9
2.500E-1 4.41587157E-9
2.600E-1 6.32857587E-9
2.700E-1 9.06730716E-9
2.800E-1 1.29854221E-8
2.900E-1 1.85835998E-8
3.000E-1 2.65671835E-8
3.100E-1 3.7921577E-8
3.200E-1 5.40068591E-8
3.300E-1 7.66673703E-8
3.400E-1 1.08340069E-7
3.500E-1 1.52122915E-7
3.600E-1 2.11728696E-7
3.700E-1 2.91206169E-7
3.800E-1 3.94287532E-7
3.900E-1 5.23284527E-7
4.000E-1 6.77688907E-7
4.100E-1 8.53030337E-7
4.200E-1 1.04083934E-6
4.300E-1 1.23027937E-6
4.400E-1 1.41103121E-6
4.500E-1 1.57608605E-6
