0.000E+0 0
1.000E-2 1.02623891E-13
2.000E-2 2.49205278E-13
3.000E-2 4.58739496E-13
4.000E-2 7.58418883E-13
5.000E-2 1.18716508E-12
6.000E-2 1.800685E-12
7.000E-2 2.67871094E-12
8.000E-2 3.93537497E-12
9.000E-2 5.7340855E-12
1.000E-1 8.30887847E-12
1.100E-1 1.19950901E-11
1.200E-1 1.72734628E-11
1.300E-1 2.48336255E-11
1.400E-1 3.56655325E-11
1.500E-1 5.1191266E-11
1.600E-1 7.34551145E-11
1.700E-1 1.05397798E-10
1.800E-1 1.51252189E-10
1.900E-1 2.17114439E-10
2.000E-1 3.11768357E-10
2.100E-1 4.47875415E-10
2.200E-1 6.43692642E-10
2.300E-1 9.2555273E-10
2.400E-1 1.33144476E-9
2.500E-1 1.91618419E-9
2.600E-1 2.75887797E-9
2.700E-1 3.9737041E-9
2.800E-1 5.72547767E-9
2.900E-1 8.25212979E-9
3.000E-1 1.18971702E-8
3.100E-1 1.71565684E-8
3.200E-1 2.47464594E-8
3.300E-1 3.57009243E-8
3.400E-1 5.15132074E-8
3.500E-1 7.43396643E-8
3.600E-1 1.07294306E-7
3.700E-1 1.54874178E-7
3.800E-1 2.23573666E-7
3.900E-1 3.22771611E-7
4.000E-1 4.66012287E-7
4.100E-1 6.72854922E-7
4.200E-1 9.71543723E-7
4.300E-1 1.40286154E-6
4.400E-1 2.02569019E-6
4.500E-1 2.92502965E-6
