0.000E+0 0
1.000E-2 4.55928915E-11
2.000E-2 1.09359222E-10
3.000E-2 1.98588293E-10
4.000E-2 3.23492922E-10
5.000E-2 4.98382227E-10
6.000E-2 7.43305435E-10
7.000E-2 1.08635637E-9
8.000E-2 1.56690491E-9
9.000E-2 2.24012956E-9
1.000E-1 3.18337662E-9
1.100E-1 4.50508468E-9
1.200E-1 6.35731192E-9
1.300E-1 8.95332478E-9
1.400E-1 1.25922959E-8
1.500E-1 1.76939875E-8
1.600E-1 2.48474584E-8
1.700E-1 3.4879456E-8
1.800E-1 4.89504338E-8
1.900E-1 6.86893083E-8
2.000E-1 9.63824982E-8
2.100E-1 1.35238931E-7
2.200E-1 1.8976119E-7
2.300E-1 2.66264588E-7
2.400E-1 3.73601751E-7
2.500E-1 5.24171267E-7
2.600E-1 7.3531637E-7
2.700E-1 1.03125384E-6
2.800E-1 1.44571351E-6
2.900E-1 2.02551012E-6
3.000E-1 2.83530067E-6
3.100E-1 3.9637754E-6
3.200E-1 5.53144411E-6
3.300E-1 7.69996899E-6
3.400E-1 1.0682265E-5
3.500E-1 1.47522104E-5
3.600E-1 2.02506489E-5
3.700E-1 2.75832642E-5
3.800E-1 3.72034522E-5
3.900E-1 4.95706546E-5
4.000E-1 6.50689201E-5
4.100E-1 8.38582898E-5
4.200E-1 0.000105622256
4.300E-1 0.000129246114
4.400E-1 0.000152776037
4.500E-1 0.000174237119
