0.000E+0 -0.672751669
1.000E-2 -0.67274871
2.000E-2 -0.672745711
3.000E-2 -0.67274266
4.000E-2 -0.672739542
5.000E-2 -0.672736338
6.000E-2 -0.672733016
7.000E-2 -0.672729537
8.000E-2 -0.672725842
9.000E-2 -0.672721847
1.000E-1 -0.672717433
1.100E-1 -0.67271243
1.200E-1 -0.672706598
1.300E-1 -0.672699591
1.400E-1 -0.672690918
1.500E-1 -0.672679878
1.600E-1 -0.67266547
1.700E-1 -0.672646265
1.800E-1 -0.672620225
1.900E-1 -0.672584438
2.000E-1 -0.67253475
2.100E-1 -0.672465225
2.200E-1 -0.672367392
2.300E-1 -0.672229154
2.400E-1 -0.672033233
2.500E-1 -0.671754961
2.600E-1 -0.671359112
2.700E-1 -0.670795378
2.800E-1 -0.669991922
2.900E-1 -0.668846155
3.000E-1 -0.667211568
3.100E-1 -0.664878946
3.200E-1 -0.661549507
3.300E-1 -0.656796577
3.400E-1 -0.650010835
3.500E-1 -0.640322154
3.600E-1 -0.626487972
3.700E-1 -0.60673395
3.800E-1 -0.578526472
3.900E-1 -0.53824796
4.000E-1 -0.480733548
4.100E-1 -0.398610187
4.200E-1 -0.281354376
4.300E-1 -0.113949732
4.400E-1 0.125023617
