0.000E+0 -0.728333075
1.000E-2 -0.728329561
2.000E-2 -0.728326017
3.000E-2 -0.728322441
4.000E-2 -0.728318831
5.000E-2 -0.728315184
6.000E-2 -0.728311494
7.000E-2 -0.728307757
8.000E-2 -0.728303962
9.000E-2 -0.728300099
1.000E-1 -0.728296149
1.100E-1 -0.728292087
1.200E-1 -0.728287877
1.300E-1 -0.728283469
1.400E-1 -0.728278785
1.500E-1 -0.728273718
1.600E-1 -0.728268109
1.700E-1 -0.728261728
1.800E-1 -0.728254239
1.900E-1 -0.728245153
2.000E-1 -0.728233756
2.100E-1 -0.728219008
2.200E-1 -0.728199389
2.300E-1 -0.72817268
2.400E-1 -0.728135639
2.500E-1 -0.728083533
2.600E-1 -0.728009445
2.700E-1 -0.727903267
2.800E-1 -0.727750231
2.900E-1 -0.727528752
3.000E-1 -0.727207289
3.100E-1 -0.72673974
3.200E-1 -0.726058729
3.300E-1 -0.725065783
3.400E-1 -0.723616985
3.500E-1 -0.721502004
3.600E-1 -0.718413478
3.700E-1 -0.713902297
3.800E-1 -0.707312344
3.900E-1 -0.697685322
4.000E-1 -0.683622094
4.100E-1 -0.663080918
4.200E-1 -0.63308439
4.300E-1 -0.589294722
4.400E-1 -0.525399712
4.500E-1 -0.432227826
4.600E-1 -0.296477224
4.700E-1 -0.0988988155
4.800E-1 0.188281072
