0.000E+0 0
1.000E-2 2.29851412E-14
2.000E-2 5.57931531E-14
3.000E-2 1.02719013E-13
4.000E-2 1.6989673E-13
5.000E-2 2.66063386E-13
6.000E-2 4.03630266E-13
7.000E-2 6.00181583E-13
8.000E-2 8.80569549E-13
9.000E-2 1.27984435E-12
1.000E-1 1.84736048E-12
1.100E-1 2.65255503E-12
1.200E-1 3.7931267E-12
1.300E-1 5.40669862E-12
1.400E-1 7.68758543E-12
1.500E-1 1.09110944E-11
1.600E-1 1.54689998E-11
1.700E-1 2.19216246E-11
1.800E-1 3.10746176E-11
1.900E-1 4.40924305E-11
2.000E-1 6.26663055E-11
2.100E-1 8.92631858E-11
2.200E-1 1.27494777E-10
2.300E-1 1.82665063E-10
2.400E-1 2.62583019E-10
2.500E-1 3.78769658E-10
2.600E-1 5.48251706E-10
2.700E-1 7.96228319E-10
2.800E-1 1.16003751E-9
2.900E-1 1.69505794E-9
3.000E-1 2.4834931E-9
3.100E-1 3.6474491E-9
3.200E-1 5.36840896E-9
3.300E-1 7.91623729E-9
3.400E-1 1.16923858E-8
3.500E-1 1.72942605E-8
3.600E-1 2.56111268E-8
3.700E-1 3.79670138E-8
3.800E-1 5.63336714E-8
3.900E-1 8.36479316E-8
4.000E-1 1.24284686E-7
4.100E-1 1.84761805E-7
4.200E-1 2.74790751E-7
4.300E-1 4.08842436E-7
4.400E-1 6.08480948E-7
4.500E-1 9.05841567E-7
