0.000E+0 0
1.000E-2 2.53913368E-13
2.000E-2 6.16722816E-13
3.000E-2 1.13569004E-12
4.000E-2 1.87857519E-12
5.000E-2 2.9425246E-12
6.000E-2 4.46681657E-12
7.000E-2 6.65114684E-12
8.000E-2 9.78187349E-12
9.000E-2 1.42697075E-11
1.000E-1 2.07038754E-11
1.100E-1 2.99300084E-11
1.200E-1 4.31622315E-11
1.300E-1 6.21445825E-11
1.400E-1 8.93836183E-11
1.500E-1 1.28483778E-10
1.600E-1 1.84631106E-10
1.700E-1 2.6529117E-10
1.800E-1 3.81216237E-10
1.900E-1 5.47898923E-10
2.000E-1 7.87670387E-10
2.100E-1 1.13272899E-9
2.200E-1 1.62951206E-9
2.300E-1 2.34500639E-9
2.400E-1 3.37585676E-9
2.500E-1 4.86151226E-9
2.600E-1 7.00319747E-9
2.700E-1 1.00912835E-8
2.800E-1 1.45447646E-8
2.900E-1 2.0968164E-8
3.000E-1 3.0233503E-8
3.100E-1 4.35982378E-8
3.200E-1 6.28746694E-8
3.300E-1 9.06727073E-8
3.400E-1 1.30746535E-7
3.500E-1 1.88487114E-7
3.600E-1 2.71616594E-7
3.700E-1 3.91156489E-7
3.800E-1 5.62754822E-7
3.900E-1 8.08458465E-7
4.000E-1 1.15898321E-6
4.100E-1 1.65642171E-6
4.200E-1 2.35705975E-6
4.300E-1 3.33342554E-6
4.400E-1 4.67375278E-6
4.500E-1 6.47572783E-6
