0.000E+0 0
1.000E-2 6.67044062E-15
2.000E-2 1.61998703E-14
3.000E-2 2.98495613E-14
4.000E-2 4.94344041E-14
5.000E-2 7.7564707E-14
6.000E-2 1.17993456E-13
7.000E-2 1.76115346E-13
8.000E-2 2.59684667E-13
9.000E-2 3.79849551E-13
1.000E-1 5.52644832E-13
1.100E-1 8.01151789E-13
1.200E-1 1.15863054E-12
1.300E-1 1.67307493E-12
1.400E-1 2.4138524E-12
1.500E-1 3.48140455E-12
1.600E-1 5.02144486E-12
1.700E-1 7.24576645E-12
1.800E-1 1.04627656E-11
1.900E-1 1.51222446E-11
2.000E-1 2.18811977E-11
2.100E-1 3.17004304E-11
2.200E-1 4.59864905E-11
2.300E-1 6.68001923E-11
2.400E-1 9.71630286E-11
2.500E-1 1.41507491E-10
2.600E-1 2.06338976E-10
2.700E-1 3.01208823E-10
2.800E-1 4.40144866E-10
2.900E-1 6.43754821E-10
3.000E-1 9.42319147E-10
3.100E-1 1.38033905E-9
3.200E-1 2.02322433E-9
3.300E-1 2.96712785E-9
3.400E-1 4.35340624E-9
3.500E-1 6.38988112E-9
3.600E-1 9.38209361E-9
3.700E-1 1.37792371E-8
3.800E-1 2.02416341E-8
3.900E-1 2.97398019E-8
4.000E-1 4.36997611E-8
4.100E-1 6.42158844E-8
4.200E-1 9.4362049E-8
4.300E-1 1.38645136E-7
4.400E-1 2.03663059E-7
4.500E-1 2.99053225E-7
