0.000E+0 0
1.000E-2 1.96099504E-13
2.000E-2 4.71596692E-13
3.000E-2 8.58825294E-13
4.000E-2 1.40328733E-12
5.000E-2 2.16901796E-12
6.000E-2 3.24613873E-12
7.000E-2 4.76149414E-12
8.000E-2 6.89363382E-12
9.000E-2 9.89392126E-12
1.000E-1 1.41162825E-11
1.100E-1 2.00591425E-11
1.200E-1 2.84245567E-11
1.300E-1 4.02016073E-11
1.400E-1 5.67840421E-11
1.500E-1 8.01362365E-11
1.600E-1 1.13027354E-10
1.700E-1 1.59361738E-10
1.800E-1 2.24645107E-10
1.900E-1 3.16642332E-10
2.000E-1 4.46305518E-10
2.100E-1 6.29083339E-10
2.200E-1 8.86768015E-10
2.300E-1 1.25010021E-9
2.400E-1 1.76244189E-9
2.500E-1 2.48495292E-9
2.600E-1 3.50388293E-9
2.700E-1 4.94083461E-9
2.800E-1 6.96719258E-9
2.900E-1 9.82437556E-9
3.000E-1 1.38521962E-8
3.100E-1 1.95284429E-8
3.200E-1 2.7523866E-8
3.300E-1 3.87780468E-8
3.400E-1 5.46030717E-8
3.500E-1 7.68232098E-8
3.600E-1 1.0795922E-7
3.700E-1 1.51464032E-7
3.800E-1 2.12009682E-7
3.900E-1 2.95809235E-7
4.000E-1 4.10926109E-7
4.100E-1 5.67472286E-7
4.200E-1 7.77531484E-7
4.300E-1 1.05459635E-6
4.400E-1 1.41236389E-6
4.500E-1 1.86302198E-6
