0.000E+0 -0.23305086
1.000E-2 -0.233024866
2.000E-2 -0.232998681
3.000E-2 -0.232972296
4.000E-2 -0.232945684
5.000E-2 -0.232918841
6.000E-2 -0.232891732
7.000E-2 -0.232864331
8.000E-2 -0.232836583
9.000E-2 -0.232808445
1.000E-1 -0.232779828
1.100E-1 -0.232750627
1.200E-1 -0.232720698
1.300E-1 -0.232689841
1.400E-1 -0.232657783
1.500E-1 -0.232624153
1.600E-1 -0.232588435
1.700E-1 -0.232549917
1.800E-1 -0.232507585
1.900E-1 -0.232460033
2.000E-1 -0.232405241
2.100E-1 -0.232340336
2.200E-1 -0.23226118
2.300E-1 -0.232161794
2.400E-1 -0.232033517
2.500E-1 -0.231863744
2.600E-1 -0.231634082
2.700E-1 -0.231317637
2.800E-1 -0.230875019
2.900E-1 -0.230248421
3.000E-1 -0.229352906
3.100E-1 -0.228063532
3.200E-1 -0.226196321
3.300E-1 -0.223480159
3.400E-1 -0.219515235
3.500E-1 -0.213711613
3.600E-1 -0.205198411
3.700E-1 -0.192689491
3.800E-1 -0.174284861
3.900E-1 -0.14717704
4.000E-1 -0.107216935
4.100E-1 -0.0482722702
4.200E-1 0.0387201188
