0.000E+0 0
1.000E-2 8.84262194E-16
2.000E-2 2.12512516E-15
3.000E-2 3.87264638E-15
4.000E-2 6.33917382E-15
5.000E-2 9.82482468E-15
6.000E-2 1.47532998E-14
7.000E-2 2.17222745E-14
8.000E-2 3.15744342E-14
9.000E-2 4.54979056E-14
1.000E-1 6.51688088E-14
1.100E-1 9.29545557E-14
1.200E-1 1.32205299E-13
1.300E-1 1.87673959E-13
1.400E-1 2.66124508E-13
1.500E-1 3.7721649E-13
1.600E-1 5.34795286E-13
1.700E-1 7.58778359E-13
1.800E-1 1.07791666E-12
1.900E-1 1.53384065E-12
2.000E-1 2.18699175E-12
2.100E-1 3.12532091E-12
2.200E-1 4.47704975E-12
2.300E-1 6.42939747E-12
2.400E-1 9.25607151E-12
2.500E-1 1.33576358E-11
2.600E-1 1.93208056E-11
2.700E-1 2.80055644E-11
2.800E-1 4.06731846E-11
2.900E-1 5.91743927E-11
3.000E-1 8.62259741E-11
3.100E-1 1.2581744E-10
3.200E-1 1.83808971E-10
3.300E-1 2.68810686E-10
3.400E-1 3.93475683E-10
3.500E-1 5.76401674E-10
3.600E-1 8.44927797E-10
3.700E-1 1.23924811E-9
3.800E-1 1.81846178E-9
3.900E-1 2.66947174E-9
4.000E-1 3.92007286E-9
4.100E-1 5.75820104E-9
4.200E-1 8.46024178E-9
4.300E-1 1.24326563E-8
4.400E-1 1.827318E-8
4.500E-1 2.68607708E-8
