0.000E+0 0
1.000E-2 4.65396684E-13
2.000E-2 1.12205763E-12
3.000E-2 2.050136E-12
4.000E-2 3.3633318E-12
5.000E-2 5.22292608E-12
6.000E-2 7.85770253E-12
7.000E-2 1.15922462E-11
8.000E-2 1.68871772E-11
9.000E-2 2.43964145E-11
1.000E-1 3.50487692E-11
1.100E-1 5.0164351E-11
1.200E-1 7.16208362E-11
1.300E-1 1.02091227E-10
1.400E-1 1.45384166E-10
1.500E-1 2.06931442E-10
1.600E-1 2.94486746E-10
1.700E-1 4.1912766E-10
1.800E-1 5.96692861E-10
1.900E-1 8.49843939E-10
2.000E-1 1.21102365E-9
2.100E-1 1.72670075E-9
2.200E-1 2.46346133E-9
2.300E-1 3.51675078E-9
2.400E-1 5.02342005E-9
2.500E-1 7.17973356E-9
2.600E-1 1.02672166E-8
2.700E-1 1.46897571E-8
2.800E-1 2.10268612E-8
2.900E-1 3.01100962E-8
3.000E-1 4.31328086E-8
3.100E-1 6.18075883E-8
3.200E-1 8.85922197E-8
3.300E-1 1.27013826E-7
3.400E-1 1.82133711E-7
3.500E-1 2.6121361E-7
3.600E-1 3.74669858E-7
3.700E-1 5.37438363E-7
3.800E-1 7.70924004E-7
3.900E-1 1.10577809E-6
4.000E-1 1.58584198E-6
4.100E-1 2.27371852E-6
4.200E-1 3.25858616E-6
4.300E-1 4.6670419E-6
4.400E-1 6.67791083E-6
4.500E-1 9.5419965E-6
