0.000E+0 -0.364325175
1.000E-2 -0.364272139
2.000E-2 -0.364218666
3.000E-2 -0.364164713
4.000E-2 -0.364110229
5.000E-2 -0.364055146
6.000E-2 -0.363999373
7.000E-2 -0.363942788
8.000E-2 -0.363885223
9.000E-2 -0.363826447
1.000E-1 -0.363766143
1.100E-1 -0.363703866
1.200E-1 -0.363639004
1.300E-1 -0.363570694
1.400E-1 -0.363497734
1.500E-1 -0.363418423
1.600E-1 -0.363330362
1.700E-1 -0.363230136
1.800E-1 -0.363112876
1.900E-1 -0.362971597
2.000E-1 -0.362796253
2.100E-1 -0.36257233
2.200E-1 -0.362278817
2.300E-1 -0.3618852
2.400E-1 -0.361347096
2.500E-1 -0.360599827
2.600E-1 -0.359549014
2.700E-1 -0.358056793
2.800E-1 -0.355921585
2.900E-1 -0.352848449
3.000E-1 -0.348405597
3.100E-1 -0.341960664
3.200E-1 -0.332587329
3.300E-1 -0.318928672
3.400E-1 -0.298997467
3.500E-1 -0.26988502
3.600E-1 -0.227338086
3.700E-1 -0.165147226
3.800E-1 -0.0742688943
3.900E-1 0.0584200342
