0.000E+0 -0.703067265
1.000E-2 -0.703057751
2.000E-2 -0.703048108
3.000E-2 -0.70303831
4.000E-2 -0.703028322
5.000E-2 -0.703018095
6.000E-2 -0.70300756
7.000E-2 -0.702996619
8.000E-2 -0.702985134
9.000E-2 -0.702972905
1.000E-1 -0.702959652
1.100E-1 -0.702944971
1.200E-1 -0.702928284
1.300E-1 -0.702908767
1.400E-1 -0.702885237
1.500E-1 -0.702856001
1.600E-1 -0.702818631
1.700E-1 -0.702769647
1.800E-1 -0.702704058
1.900E-1 -0.702614704
2.000E-1 -0.702491314
2.100E-1 -0.702319157
2.200E-1 -0.702077097
2.300E-1 -0.701734823
2.400E-1 -0.701248872
2.500E-1 -0.700556953
2.600E-1 -0.699569852
2.700E-1 -0.69815992
2.800E-1 -0.696144785
2.900E-1 -0.69326445
3.000E-1 -0.68914939
3.100E-1 -0.683276726
3.200E-1 -0.674911302
3.300E-1 -0.663028944
3.400E-1 -0.646221574
3.500E-1 -0.622589855
3.600E-1 -0.589641376
3.700E-1 -0.544233601
3.800E-1 -0.48262911
3.900E-1 -0.400750606
4.000E-1 -0.294688795
4.100E-1 -0.161346517
4.200E-1 0.00124762365
