0.000E+0 0
1.000E-2 1.25366816E-12
2.000E-2 3.00001522E-12
3.000E-2 5.43618653E-12
4.000E-2 8.8377875E-12
5.000E-2 1.35899697E-11
6.000E-2 2.02298096E-11
7.000E-2 2.95101605E-11
8.000E-2 4.24824563E-11
9.000E-2 6.06155822E-11
1.000E-1 8.59681252E-11
1.100E-1 1.21424487E-10
1.200E-1 1.71033418E-10
1.300E-1 2.40487502E-10
1.400E-1 3.37803929E-10
1.500E-1 4.74294449E-10
1.600E-1 6.65943377E-10
1.700E-1 9.35376518E-10
1.800E-1 1.31466018E-9
1.900E-1 1.84929637E-9
2.000E-1 2.60392305E-9
2.100E-1 3.67042754E-9
2.200E-1 5.17954115E-9
2.300E-1 7.31735934E-9
2.400E-1 1.03489199E-8
2.500E-1 1.46518438E-8
2.600E-1 2.0764343E-8
2.700E-1 2.94537346E-8
2.800E-1 4.18142336E-8
2.900E-1 5.94065434E-8
3.000E-1 8.44571213E-8
3.100E-1 1.20142728E-7
3.200E-1 1.7099626E-7
3.300E-1 2.43486949E-7
3.400E-1 3.46847928E-7
3.500E-1 4.94258161E-7
3.600E-1 7.04529858E-7
3.700E-1 1.0045176E-6
3.800E-1 1.43255776E-6
3.900E-1 2.04337857E-6
4.000E-1 2.91510902E-6
4.100E-1 4.15928231E-6
4.200E-1 5.9351106E-6
4.300E-1 8.46984871E-6
4.400E-1 1.2087832E-5
4.500E-1 1.72518582E-5
