0.000E+0 0
1.000E-2 1.67299464E-14
2.000E-2 4.10338516E-14
3.000E-2 7.63834435E-14
4.000E-2 1.27833558E-13
5.000E-2 2.02739163E-13
6.000E-2 3.11795536E-13
7.000E-2 4.70547353E-13
8.000E-2 7.01569354E-13
9.000E-2 1.03768358E-12
1.000E-1 1.52653691E-12
1.100E-1 2.23737348E-12
1.200E-1 3.27086792E-12
1.300E-1 4.77352223E-12
1.400E-1 6.95877675E-12
1.500E-1 1.01380334E-11
1.600E-1 1.47663313E-11
1.700E-1 2.15096974E-11
1.800E-1 3.13445646E-11
1.900E-1 4.57046378E-11
2.000E-1 6.66979485E-11
2.100E-1 9.74277373E-11
2.200E-1 1.42466919E-10
2.300E-1 2.08559751E-10
2.400E-1 3.05659649E-10
2.500E-1 4.48464406E-10
2.600E-1 6.58687531E-10
2.700E-1 9.68419039E-10
2.800E-1 1.42509885E-9
2.900E-1 2.09887717E-9
3.000E-1 3.09350841E-9
3.100E-1 4.56247577E-9
3.200E-1 6.73285913E-9
3.300E-1 9.94066535E-9
3.400E-1 1.4683126E-8
3.500E-1 2.16961096E-8
3.600E-1 3.20687019E-8
3.700E-1 4.74127856E-8
3.800E-1 7.01139777E-8
3.900E-1 1.0370287E-7
4.000E-1 1.53404053E-7
4.100E-1 2.2694764E-7
4.200E-1 3.35767927E-7
4.300E-1 4.96772047E-7
4.400E-1 7.3494613E-7
4.500E-1 1.08718879E-6
