0.000E+0 0
1.000E-2 1.00885112E-12
2.000E-2 2.41595937E-12
3.000E-2 4.38013939E-12
4.000E-2 7.12355557E-12
5.000E-2 1.09570161E-11
6.000E-2 1.63153927E-11
7.000E-2 2.38072375E-11
8.000E-2 3.42843201E-11
9.000E-2 4.89391207E-11
1.000E-1 6.94415846E-11
1.100E-1 9.81310265E-11
1.200E-1 1.38285529E-10
1.300E-1 1.94500253E-10
1.400E-1 2.73218818E-10
1.500E-1 3.83479853E-10
1.600E-1 5.37965953E-10
1.700E-1 7.54477704E-10
1.800E-1 1.05800512E-9
1.900E-1 1.48363871E-9
2.000E-1 2.0806607E-9
2.100E-1 2.91829471E-9
2.200E-1 4.09378653E-9
2.300E-1 5.74376087E-9
2.400E-1 8.06018186E-9
2.500E-1 1.1312783E-8
2.600E-1 1.58805866E-8
2.700E-1 2.22961928E-8
2.800E-1 3.13079999E-8
2.900E-1 4.39676E-8
3.000E-1 6.17524956E-8
3.100E-1 8.67383335E-8
3.200E-1 1.21840485E-7
3.300E-1 1.71152583E-7
3.400E-1 2.40420316E-7
3.500E-1 3.37703323E-7
3.600E-1 4.74297471E-7
3.700E-1 6.66015258E-7
3.800E-1 9.34954124E-7
3.900E-1 1.31192039E-6
4.000E-1 1.83971611E-6
4.100E-1 2.57752585E-6
4.200E-1 3.60663458E-6
4.300E-1 5.03761354E-6
4.400E-1 7.01883203E-6
4.500E-1 9.74552939E-6
