0.000E+0 0
1.000E-2 6.69755122E-14
2.000E-2 1.60545237E-13
3.000E-2 2.91636142E-13
4.000E-2 4.75640768E-13
5.000E-2 7.3423483E-13
6.000E-2 1.09793675E-12
7.000E-2 1.60971689E-12
8.000E-2 2.33009644E-12
9.000E-2 3.34436676E-12
1.000E-1 4.77283769E-12
1.100E-1 6.78542577E-12
1.200E-1 9.62247733E-12
1.300E-1 1.36245679E-11
1.400E-1 1.92752419E-11
1.500E-1 2.72624207E-11
1.600E-1 3.85667498E-11
1.700E-1 5.45888162E-11
1.800E-1 7.7332443E-11
1.900E-1 1.09668878E-10
2.000E-1 1.55717664E-10
2.100E-1 2.2139584E-10
2.200E-1 3.15209993E-10
2.300E-1 4.49398743E-10
2.400E-1 6.41580993E-10
2.500E-1 9.17134189E-10
2.600E-1 1.31262642E-9
2.700E-1 1.88076992E-9
2.800E-1 2.69757117E-9
2.900E-1 3.8726526E-9
3.000E-1 5.56415369E-9
3.100E-1 8.0002445E-9
3.200E-1 1.15101872E-8
3.300E-1 1.65691836E-8
3.400E-1 2.38631285E-8
3.500E-1 3.43821011E-8
3.600E-1 4.95553419E-8
3.700E-1 7.14461073E-8
3.800E-1 1.03032921E-7
3.900E-1 1.48615438E-7
4.000E-1 2.14399939E-7
4.100E-1 3.09343523E-7
4.200E-1 4.46370445E-7
4.300E-1 6.44122742E-7
4.400E-1 9.29475996E-7
4.500E-1 1.34114647E-6
