0.000E+0 0
1.000E-2 1.26684156E-12
2.000E-2 3.04558486E-12
3.000E-2 5.5443324E-12
4.000E-2 9.05577095E-12
5.000E-2 1.39915556E-11
6.000E-2 2.0930696E-11
7.000E-2 3.0687671E-11
8.000E-2 4.44083531E-11
9.000E-2 6.37051577E-11
1.000E-1 9.08475406E-11
1.100E-1 1.29030635E-10
1.200E-1 1.82754228E-10
1.300E-1 2.58357605E-10
1.400E-1 3.64774564E-10
1.500E-1 5.14599505E-10
1.600E-1 7.25592961E-10
1.700E-1 1.02280799E-9
1.800E-1 1.44159363E-9
1.900E-1 2.03183738E-9
2.000E-1 2.8639581E-9
2.100E-1 4.0373718E-9
2.200E-1 5.69245095E-9
2.300E-1 8.02741962E-9
2.400E-1 1.13222219E-8
2.500E-1 1.5972243E-8
2.600E-1 2.25359507E-8
2.700E-1 3.18022048E-8
2.800E-1 4.48853565E-8
2.900E-1 6.33596113E-8
3.000E-1 8.94488684E-8
3.100E-1 1.26294942E-7
3.200E-1 1.78336529E-7
3.300E-1 2.51844637E-7
3.400E-1 3.55679065E-7
3.500E-1 5.02357162E-7
3.600E-1 7.09563707E-7
3.700E-1 1.00228384E-6
3.800E-1 1.41581587E-6
3.900E-1 2.00002634E-6
4.000E-1 2.82535843E-6
4.100E-1 3.99131386E-6
4.200E-1 5.63842211E-6
4.300E-1 7.9651216E-6
4.400E-1 1.12515511E-5
4.500E-1 1.58930451E-5
