0.000E+0 0
1.000E-2 3.54948223E-12
2.000E-2 8.51222997E-12
3.000E-2 1.54564689E-11
4.000E-2 2.5178748E-11
5.000E-2 3.87956753E-11
6.000E-2 5.7872613E-11
7.000E-2 8.46043322E-11
8.000E-2 1.22068775E-10
9.000E-2 1.74583784E-10
1.000E-1 2.4820897E-10
1.100E-1 3.51452321E-10
1.200E-1 4.96265802E-10
1.300E-1 6.99449017E-10
1.400E-1 9.8462921E-10
1.500E-1 1.38505535E-9
1.600E-1 1.94754212E-9
1.700E-1 2.73803816E-9
1.800E-1 3.84948834E-9
1.900E-1 5.4129364E-9
2.000E-1 7.61320393E-9
2.100E-1 1.07110337E-8
2.200E-1 1.50743636E-8
2.300E-1 2.12224994E-8
2.400E-1 2.98885068E-8
2.500E-1 4.21073444E-8
2.600E-1 5.93403596E-8
2.700E-1 8.3651157E-8
2.800E-1 1.17954044E-7
2.900E-1 1.66365009E-7
3.000E-1 2.34697559E-7
3.100E-1 3.31163191E-7
3.200E-1 4.67360956E-7
3.300E-1 6.59675384E-7
3.400E-1 9.31251208E-7
3.500E-1 1.3147827E-6
3.600E-1 1.85645331E-6
3.700E-1 2.62149905E-6
3.800E-1 3.70206351E-6
3.900E-1 5.22828492E-6
4.000E-1 7.38393873E-6
4.100E-1 1.04284945E-5
4.200E-1 1.47281908E-5
4.300E-1 2.07997648E-5
4.400E-1 2.93718849E-5
4.500E-1 4.14712527E-5
