0.000E+0 0
1.000E-2 2.90749288E-12
2.000E-2 7.03616133E-12
3.000E-2 1.29065616E-11
4.000E-2 2.12595938E-11
5.000E-2 3.31489583E-11
6.000E-2 5.00721958E-11
7.000E-2 7.41564768E-11
8.000E-2 1.08422224E-10
9.000E-2 1.57157653E-10
1.000E-1 2.26451841E-10
1.100E-1 3.2495508E-10
1.200E-1 4.64966125E-10
1.300E-1 6.63990958E-10
1.400E-1 9.4698328E-10
1.500E-1 1.34957229E-9
1.600E-1 1.92272174E-9
1.700E-1 2.7394649E-9
1.800E-1 3.90465043E-9
1.900E-1 5.56905504E-9
2.000E-1 7.94982846E-9
2.100E-1 1.13601203E-8
2.200E-1 1.6252021E-8
2.300E-1 2.32788098E-8
2.400E-1 3.3385201E-8
2.500E-1 4.79381947E-8
2.600E-1 6.89168065E-8
2.700E-1 9.9187159E-8
2.800E-1 1.42901285E-7
2.900E-1 2.06075108E-7
3.000E-1 2.97425707E-7
3.100E-1 4.29583262E-7
3.200E-1 6.20843382E-7
3.300E-1 8.97696585E-7
3.400E-1 1.29847084E-6
3.500E-1 1.878559E-6
3.600E-1 2.71788456E-6
3.700E-1 3.93150365E-6
3.800E-1 5.68446398E-6
3.900E-1 8.21250258E-6
4.000E-1 1.18502388E-5
4.100E-1 1.70688589E-5
4.200E-1 2.45249849E-5
4.300E-1 3.51214339E-5
4.400E-1 5.00778273E-5
4.500E-1 7.09999542E-5
