0.000E+0 0
1.000E-2 1.80824512E-14
2.000E-2 4.37880824E-14
3.000E-2 8.03574554E-14
4.000E-2 1.32407188E-13
5.000E-2 2.06513704E-13
6.000E-2 3.12044958E-13
7.000E-2 4.62346006E-13
8.000E-2 6.76429973E-13
9.000E-2 9.81391575E-13
1.000E-1 1.41585464E-12
1.100E-1 2.03490073E-12
1.200E-1 2.91712114E-12
1.300E-1 4.17471457E-12
1.400E-1 5.96795614E-12
1.500E-1 8.52594113E-12
1.600E-1 1.21763372E-11
1.700E-1 1.73880695E-11
1.800E-1 2.48325732E-11
1.900E-1 3.54716993E-11
2.000E-1 5.06838833E-11
2.100E-1 7.24452427E-11
2.200E-1 1.0358953E-10
2.300E-1 1.48181298E-10
2.400E-1 2.12051608E-10
2.500E-1 3.03567119E-10
2.600E-1 4.34734282E-10
2.700E-1 6.22784699E-10
2.800E-1 8.92451423E-10
2.900E-1 1.27923739E-9
3.000E-1 1.83410857E-9
3.100E-1 2.63023287E-9
3.200E-1 3.77265688E-9
3.300E-1 5.41220114E-9
3.400E-1 7.76541303E-9
3.500E-1 1.11432181E-8
3.600E-1 1.59920608E-8
3.700E-1 2.29529788E-8
3.800E-1 3.29464217E-8
3.900E-1 4.72940289E-8
4.000E-1 6.78934526E-8
4.100E-1 9.74692969E-8
4.200E-1 1.39933242E-7
4.300E-1 2.00900717E-7
4.400E-1 2.88431883E-7
4.500E-1 4.14093757E-7
