0.000E+0 0
1.000E-2 8.04355773E-14
2.000E-2 1.94725236E-13
3.000E-2 3.57245645E-13
4.000E-2 5.88475735E-13
5.000E-2 9.17564871E-13
6.000E-2 1.38602408E-12
7.000E-2 2.05296468E-12
8.000E-2 3.00257198E-12
9.000E-2 4.35476924E-12
1.000E-1 6.28044602E-12
1.100E-1 9.02322387E-12
1.200E-1 1.29305928E-11
1.300E-1 1.8498489E-11
1.400E-1 2.64351625E-11
1.500E-1 3.77527334E-11
1.600E-1 5.38985E-11
1.700E-1 7.6943315E-11
1.800E-1 1.09851887E-10
1.900E-1 1.56870692E-10
2.000E-1 2.24084705E-10
2.100E-1 3.20216486E-10
2.200E-1 4.57773191E-10
2.300E-1 6.54693057E-10
2.400E-1 9.36709019E-10
2.500E-1 1.34074196E-9
2.600E-1 1.91977235E-9
2.700E-1 2.74983469E-9
2.800E-1 3.94006005E-9
2.900E-1 5.64709568E-9
3.000E-1 8.09580954E-9
3.100E-1 1.16090202E-8
3.200E-1 1.66501866E-8
3.300E-1 2.38847074E-8
3.400E-1 3.42679438E-8
3.500E-1 4.9171613E-8
3.600E-1 7.05652783E-8
3.700E-1 1.01276945E-7
3.800E-1 1.45367222E-7
3.900E-1 2.08666519E-7
4.000E-1 2.99546209E-7
4.100E-1 4.30025544E-7
4.200E-1 6.17360124E-7
4.300E-1 8.86320804E-7
4.400E-1 1.27246175E-6
4.500E-1 1.82680438E-6
