0.000E+0 0
1.000E-2 1.42758921E-12
2.000E-2 3.43475216E-12
3.000E-2 6.25786311E-12
4.000E-2 1.0229654E-11
5.000E-2 1.58184804E-11
6.000E-2 2.36836003E-11
7.000E-2 3.47530126E-11
8.000E-2 5.0333091E-11
9.000E-2 7.22630466E-11
1.000E-1 1.03132622E-10
1.100E-1 1.46589002E-10
1.200E-1 2.07769628E-10
1.300E-1 2.93912738E-10
1.400E-1 4.15218749E-10
1.500E-1 5.86065661E-10
1.600E-1 8.26723933E-10
1.700E-1 1.16577571E-9
1.800E-1 1.64352659E-9
1.900E-1 2.31681476E-9
2.000E-1 3.26578449E-9
2.100E-1 4.60341601E-9
2.200E-1 6.48891213E-9
2.300E-1 9.14646074E-9
2.400E-1 1.28914494E-8
2.500E-1 1.81669309E-8
2.600E-1 2.55940359E-8
2.700E-1 3.60410749E-8
2.800E-1 5.071715E-8
2.900E-1 7.12969752E-8
3.000E-1 1.00083876E-7
3.100E-1 1.40217207E-7
3.200E-1 1.95928859E-7
3.300E-1 2.72853379E-7
3.400E-1 3.78404647E-7
3.500E-1 5.22262898E-7
3.600E-1 7.17085781E-7
3.700E-1 9.79665172E-7
3.800E-1 1.33284989E-6
3.900E-1 1.8085522E-6
4.000E-1 2.45200454E-6
4.100E-1 3.32722672E-6
4.200E-1 4.52357639E-6
4.300E-1 6.16332418E-6
4.400E-1 8.41027051E-6
4.500E-1 1.14793843E-5
