0.000E+0 -0.161183225
1.000E-2 -0.161129168
2.000E-2 -0.161074634
3.000E-2 -0.161019588
4.000E-2 -0.160963984
5.000E-2 -0.160907762
6.000E-2 -0.160850837
7.000E-2 -0.160793099
8.000E-2 -0.160734397
9.000E-2 -0.160674526
1.000E-1 -0.16061321
1.100E-1 -0.160550073
1.200E-1 -0.160484607
1.300E-1 -0.160416125
1.400E-1 -0.160343694
1.500E-1 -0.160266045
1.600E-1 -0.160181447
1.700E-1 -0.160087519
1.800E-1 -0.159980969
1.900E-1 -0.159857209
2.000E-1 -0.159709785
2.100E-1 -0.159529559
2.200E-1 -0.159303494
2.300E-1 -0.159012871
2.400E-1 -0.158630671
2.500E-1 -0.158117712
2.600E-1 -0.157416954
2.700E-1 -0.156445079
2.800E-1 -0.155080055
2.900E-1 -0.153142715
3.000E-1 -0.15036949
3.100E-1 -0.146371993
3.200E-1 -0.14057713
3.300E-1 -0.13213832
3.400E-1 -0.119803952
3.500E-1 -0.101722601
3.600E-1 -0.0751549876
3.700E-1 -0.0360488932
3.800E-1 0.0215860974
