0.000E+0 0
1.000E-2 2.88200699E-14
2.000E-2 6.98635549E-14
3.000E-2 1.28328116E-13
4.000E-2 2.11621284E-13
5.000E-2 3.30300011E-13
6.000E-2 4.9940997E-13
7.000E-2 7.40394945E-13
8.000E-2 1.08381949E-12
9.000E-2 1.57325201E-12
1.000E-1 2.27080407E-12
1.100E-1 3.26503398E-12
1.200E-1 4.68222588E-12
1.300E-1 6.70248914E-12
1.400E-1 9.58274098E-12
1.500E-1 1.36895191E-11
1.600E-1 1.95458321E-11
1.700E-1 2.78980582E-11
1.800E-1 3.98114712E-11
1.900E-1 5.68066511E-11
2.000E-1 8.10542778E-11
2.100E-1 1.15653302E-10
2.200E-1 1.65028177E-10
2.300E-1 2.35496138E-10
2.400E-1 3.36077302E-10
2.500E-1 4.79651581E-10
2.600E-1 6.84610844E-10
2.700E-1 9.77218405E-10
2.800E-1 1.39497868E-9
2.900E-1 1.99144948E-9
3.000E-1 2.84311463E-9
3.100E-1 4.0591992E-9
3.200E-1 5.79568702E-9
3.300E-1 8.2753401E-9
3.400E-1 1.18162896E-8
3.500E-1 1.68728686E-8
3.600E-1 2.40939287E-8
3.700E-1 3.44061261E-8
3.800E-1 4.91328705E-8
3.900E-1 7.0164206E-8
4.000E-1 1.00199436E-7
4.100E-1 1.43093641E-7
4.200E-1 2.04352585E-7
4.300E-1 2.9183956E-7
4.400E-1 4.1678495E-7
4.500E-1 5.95228186E-7
