0.000E+0 0
1.000E-2 4.82848953E-14
2.000E-2 1.16992379E-13
3.000E-2 2.14788962E-13
4.000E-2 3.54018174E-13
5.000E-2 5.52260609E-13
6.000E-2 8.34556404E-13
7.000E-2 1.23657212E-12
8.000E-2 1.8091143E-12
9.000E-2 2.62456409E-12
1.000E-1 3.78605303E-12
1.100E-1 5.44055151E-12
1.200E-1 7.79754292E-12
1.300E-1 1.11556731E-11
1.400E-1 1.59407891E-11
1.500E-1 2.27602417E-11
1.600E-1 3.24804137E-11
1.700E-1 4.63374144E-11
1.800E-1 6.60951396E-11
1.900E-1 9.42709623E-11
2.000E-1 1.3445801E-10
2.100E-1 1.91785359E-10
2.200E-1 2.7357519E-10
2.300E-1 3.90281209E-10
2.400E-1 5.56828729E-10
2.500E-1 7.9452838E-10
2.600E-1 1.13380904E-9
2.700E-1 1.6181206E-9
2.800E-1 2.30950763E-9
2.900E-1 3.296569E-9
3.000E-1 4.70582537E-9
3.100E-1 6.71795324E-9
3.200E-1 9.5909694E-9
3.300E-1 1.36933417E-8
3.400E-1 1.95512759E-8
3.500E-1 2.79162481E-8
3.600E-1 3.98614513E-8
3.700E-1 5.69195361E-8
3.800E-1 8.12793236E-8
3.900E-1 1.16066739E-7
4.000E-1 1.65746029E-7
4.100E-1 2.3669274E-7
4.200E-1 3.38011996E-7
4.300E-1 4.82707072E-7
4.400E-1 6.89348151E-7
4.500E-1 9.84455283E-7
