0.000E+0 -0.702229101
1.000E-2 -0.702228113
2.000E-2 -0.702227118
3.000E-2 -0.702226117
4.000E-2 -0.702225109
5.000E-2 -0.702224094
6.000E-2 -0.702223071
7.000E-2 -0.70222204
8.000E-2 -0.702221001
9.000E-2 -0.702219952
1.000E-1 -0.702218893
1.100E-1 -0.702217821
1.200E-1 -0.702216735
1.300E-1 -0.702215631
1.400E-1 -0.702214505
1.500E-1 -0.702213348
1.600E-1 -0.702212151
1.700E-1 -0.702210897
1.800E-1 -0.702209562
1.900E-1 -0.702208112
2.000E-1 -0.702206495
2.100E-1 -0.702204633
2.200E-1 -0.702202411
2.300E-1 -0.702199656
2.400E-1 -0.702196113
2.500E-1 -0.7021914
2.600E-1 -0.702184948
2.700E-1 -0.702175908
2.800E-1 -0.702163018
2.900E-1 -0.702144392
3.000E-1 -0.702117222
3.100E-1 -0.70207732
3.200E-1 -0.702018443
3.300E-1 -0.701931285
3.400E-1 -0.701801969
3.500E-1 -0.701609811
3.600E-1 -0.701323968
3.700E-1 -0.700898463
3.800E-1 -0.700264745
3.900E-1 -0.699320616
4.000E-1 -0.697913708
4.100E-1 -0.695816861
4.200E-1 -0.692691409
4.300E-1 -0.688032446
4.400E-1 -0.681087231
4.500E-1 -0.670733553
4.600E-1 -0.655298416
4.700E-1 -0.632287783
4.800E-1 -0.597983802
4.900E-1 -0.546844636
5.000E-1 -0.470610398
5.100E-1 -0.356971794
5.200E-1 -0.187588747
5.300E-1 0.0648557812
