0.000E+0 -0.278438339
1.000E-2 -0.278433419
2.000E-2 -0.278428445
3.000E-2 -0.278423405
4.000E-2 -0.278418279
5.000E-2 -0.27841304
6.000E-2 -0.278407649
7.000E-2 -0.278402054
8.000E-2 -0.278396176
9.000E-2 -0.278389905
1.000E-1 -0.278383084
1.100E-1 -0.278375491
1.200E-1 -0.278366806
1.300E-1 -0.278356573
1.400E-1 -0.278344143
1.500E-1 -0.278328588
1.600E-1 -0.278308584
1.700E-1 -0.27828224
1.800E-1 -0.278246856
1.900E-1 -0.278198577
2.000E-1 -0.278131897
2.100E-1 -0.278038956
2.200E-1 -0.277908529
2.300E-1 -0.277724583
2.400E-1 -0.277464227
2.500E-1 -0.277094769
2.600E-1 -0.276569522
2.700E-1 -0.275821812
2.800E-1 -0.274756428
2.900E-1 -0.273237397
3.000E-1 -0.271070537
3.100E-1 -0.267978539
3.200E-1 -0.263565382
3.300E-1 -0.257265515
3.400E-1 -0.248271282
3.500E-1 -0.235429288
3.600E-1 -0.217092412
3.700E-1 -0.190908474
3.800E-1 -0.153518494
3.900E-1 -0.100125848
4.000E-1 -0.0238811776
4.100E-1 0.0849956642
