0.000E+0 0
1.000E-2 4.2393585E-13
2.000E-2 1.02184278E-12
3.000E-2 1.86613454E-12
4.000E-2 3.05926969E-12
5.000E-2 4.7461821E-12
6.000E-2 7.13186404E-12
7.000E-2 1.05062606E-11
8.000E-2 1.52795578E-11
9.000E-2 2.20322747E-11
1.000E-1 3.15864856E-11
1.100E-1 4.51072536E-11
1.200E-1 6.42473306E-11
1.300E-1 9.13538843E-11
1.400E-1 1.29764217E-10
1.500E-1 1.84229208E-10
1.600E-1 2.61520071E-10
1.700E-1 3.71298224E-10
1.800E-1 5.27362733E-10
1.900E-1 7.49439575E-10
2.000E-1 1.06574839E-9
2.100E-1 1.51668497E-9
2.200E-1 2.16010495E-9
2.300E-1 3.07890581E-9
2.400E-1 4.39190775E-9
2.500E-1 6.26947035E-9
2.600E-1 8.95590816E-9
2.700E-1 1.28016671E-8
2.800E-1 1.83095155E-8
2.900E-1 2.62008571E-8
3.000E-1 3.75109366E-8
3.100E-1 5.37255285E-8
3.200E-1 7.69771965E-8
3.300E-1 1.10327083E-7
3.400E-1 1.58169516E-7
3.500E-1 2.26812969E-7
3.600E-1 3.25314237E-7
3.700E-1 4.66676188E-7
3.800E-1 6.69567528E-7
3.900E-1 9.60792011E-7
4.000E-1 1.37883347E-6
4.100E-1 1.97894503E-6
4.200E-1 2.84045421E-6
4.300E-1 4.07724684E-6
4.400E-1 5.85280919E-6
4.500E-1 8.40180203E-6
