0.000E+0 -0.686090562
1.000E-2 -0.686084182
2.000E-2 -0.68607771
3.000E-2 -0.686071115
4.000E-2 -0.686064363
5.000E-2 -0.686057407
6.000E-2 -0.686050182
7.000E-2 -0.686042596
8.000E-2 -0.686034516
9.000E-2 -0.686025758
1.000E-1 -0.68601606
1.100E-1 -0.686005048
1.200E-1 -0.685992194
1.300E-1 -0.685976742
1.400E-1 -0.685957624
1.500E-1 -0.685933313
1.600E-1 -0.685901638
1.700E-1 -0.685859505
1.800E-1 -0.685802505
1.900E-1 -0.685724349
2.000E-1 -0.685616073
2.100E-1 -0.685464884
2.200E-1 -0.685252534
2.300E-1 -0.684952985
2.400E-1 -0.684529073
2.500E-1 -0.683927757
2.600E-1 -0.683073331
2.700E-1 -0.681857725
2.800E-1 -0.680126666
2.900E-1 -0.677659929
3.000E-1 -0.674143127
3.100E-1 -0.669127467
3.200E-1 -0.661972324
3.300E-1 -0.651763322
3.400E-1 -0.637195531
3.500E-1 -0.616407048
3.600E-1 -0.58674206
3.700E-1 -0.544413937
3.800E-1 -0.484026897
3.900E-1 -0.397898286
4.000E-1 -0.275100697
4.100E-1 -0.100111998
4.200E-1 0.1490817
