0.000E+0 0
1.000E-2 9.74515884E-14
2.000E-2 2.37929025E-13
3.000E-2 4.40619386E-13
4.000E-2 7.33229648E-13
5.000E-2 1.15579401E-12
6.000E-2 1.76610555E-12
7.000E-2 2.64756325E-12
8.000E-2 3.92054128E-12
9.000E-2 5.75877541E-12
1.000E-1 8.41306775E-12
1.100E-1 1.2245607E-11
1.200E-1 1.77797263E-11
1.300E-1 2.57721466E-11
1.400E-1 3.73180125E-11
1.500E-1 5.40037957E-11
1.600E-1 7.81301129E-11
1.700E-1 1.13036683E-10
1.800E-1 1.63576514E-10
1.900E-1 2.36808093E-10
2.000E-1 3.43006067E-10
2.100E-1 4.97137136E-10
2.200E-1 7.21015586E-10
2.300E-1 1.04645166E-9
2.400E-1 1.51985054E-9
2.500E-1 2.20893082E-9
2.600E-1 3.21254001E-9
2.700E-1 4.67499563E-9
2.800E-1 6.80703962E-9
2.900E-1 9.91645653E-9
3.000E-1 1.44528128E-8
3.100E-1 2.1072829E-8
3.200E-1 3.07358947E-8
3.300E-1 4.48436137E-8
3.400E-1 6.54436417E-8
3.500E-1 9.55273712E-8
3.600E-1 1.39464511E-7
3.700E-1 2.03637191E-7
3.800E-1 2.97364506E-7
3.900E-1 4.34249136E-7
4.000E-1 6.34135925E-7
4.100E-1 9.25955145E-7
4.200E-1 1.35184022E-6
4.300E-1 1.97307446E-6
4.400E-1 2.87865356E-6
4.500E-1 4.19758093E-6
