0.000E+0 0
1.000E-2 5.82565668E-13
2.000E-2 1.41431033E-12
3.000E-2 2.60344906E-12
4.000E-2 4.30485381E-12
5.000E-2 6.73998466E-12
6.000E-2 1.02252822E-11
7.000E-2 1.5212623E-11
8.000E-2 2.23470057E-11
9.000E-2 3.2548907E-11
1.000E-1 4.71320697E-11
1.100E-1 6.79723452E-11
1.200E-1 9.77503592E-11
1.300E-1 1.4030126E-10
1.400E-1 2.01120204E-10
1.500E-1 2.88094795E-10
1.600E-1 4.12568615E-10
1.700E-1 5.90888115E-10
1.800E-1 8.46655081E-10
1.900E-1 1.21400915E-9
2.000E-1 1.74241365E-9
2.100E-1 2.50363545E-9
2.200E-1 3.60192702E-9
2.300E-1 5.18888278E-9
2.400E-1 7.4851193E-9
2.500E-1 1.08119198E-8
2.600E-1 1.56374298E-8
2.700E-1 2.26441045E-8
2.800E-1 3.28271964E-8
2.900E-1 4.76385798E-8
3.000E-1 6.91967915E-8
3.100E-1 1.00593774E-7
3.200E-1 1.46342819E-7
3.300E-1 2.13032631E-7
3.400E-1 3.10282137E-7
3.500E-1 4.52133867E-7
3.600E-1 6.59086252E-7
3.700E-1 9.61055459E-7
3.800E-1 1.40168693E-6
3.900E-1 2.04462104E-6
4.000E-1 2.98257644E-6
4.100E-1 4.35047225E-6
4.200E-1 6.34429148E-6
4.300E-1 9.24804595E-6
4.400E-1 1.34717713E-5
4.500E-1 1.96047553E-5
