0.000E+0 0
1.000E-2 3.04120066E-14
2.000E-2 7.38071918E-14
3.000E-2 1.35758064E-13
4.000E-2 2.24227762E-13
5.000E-2 3.50595463E-13
6.000E-2 5.31122277E-13
7.000E-2 7.89047583E-13
8.000E-2 1.15758832E-12
9.000E-2 1.6842321E-12
1.000E-1 2.43688568E-12
1.100E-1 3.51268494E-12
1.200E-1 5.05062457E-12
1.300E-1 7.24967164E-12
1.400E-1 1.03947525E-11
1.500E-1 1.48940451E-11
1.600E-1 2.1332507E-11
1.700E-1 3.05487118E-11
1.800E-1 4.3745158E-11
1.900E-1 6.26466353E-11
2.000E-1 8.97275932E-11
2.100E-1 1.28538591E-10
2.200E-1 1.84175012E-10
2.300E-1 2.63950065E-10
2.400E-1 3.78361128E-10
2.500E-1 5.4247736E-10
2.600E-1 7.77932207E-10
2.700E-1 1.11578462E-9
2.800E-1 1.60062777E-9
2.900E-1 2.29648925E-9
3.000E-1 3.29530403E-9
3.100E-1 4.72908202E-9
3.200E-1 6.78738167E-9
3.300E-1 9.7424032E-9
3.400E-1 1.3985025E-8
3.500E-1 2.00765545E-8
3.600E-1 2.88230489E-8
3.700E-1 4.1382045E-8
3.800E-1 5.94158369E-8
3.900E-1 8.53115935E-8
4.000E-1 1.22497474E-7
4.100E-1 1.75896589E-7
4.200E-1 2.52578923E-7
4.300E-1 3.62697527E-7
4.400E-1 5.20832892E-7
4.500E-1 7.47923406E-7
