0.000E+0 0
1.000E-2 1.12904254E-14
2.000E-2 2.69073075E-14
3.000E-2 4.85949377E-14
4.000E-2 7.87682717E-14
5.000E-2 1.20752827E-13
6.000E-2 1.79101764E-13
7.000E-2 2.6001168E-13
8.000E-2 3.71864284E-13
9.000E-2 5.25929071E-13
1.000E-1 7.37274395E-13
1.100E-1 1.02595398E-12
1.200E-1 1.41856785E-12
1.300E-1 1.95034784E-12
1.400E-1 2.667997E-12
1.500E-1 3.63363221E-12
1.600E-1 4.93035348E-12
1.700E-1 6.67021641E-12
1.800E-1 9.0057455E-12
1.900E-1 1.214665E-11
2.000E-1 1.63841699E-11
2.100E-1 2.21266122E-11
2.200E-1 2.99513214E-11
2.300E-1 4.06808381E-11
2.400E-1 5.54947378E-11
2.500E-1 7.60942103E-11
2.600E-1 1.04944722E-10
2.700E-1 1.45634428E-10
2.800E-1 2.03404347E-10
2.900E-1 2.85933605E-10
3.000E-1 4.04503699E-10
3.100E-1 5.7572628E-10
3.200E-1 8.24109095E-10
3.300E-1 1.18586907E-9
3.400E-1 1.71460164E-9
3.500E-1 2.48971361E-9
3.600E-1 3.62897124E-9
3.700E-1 5.30717752E-9
3.800E-1 7.78397953E-9
3.900E-1 1.14452778E-8
4.000E-1 1.68649024E-8
4.100E-1 2.48964882E-8
4.200E-1 3.68103522E-8
4.300E-1 5.44974381E-8
4.400E-1 8.07732104E-8
4.500E-1 1.19830511E-7
