0.000E+0 -0.183145162
1.000E-2 -0.183110391
2.000E-2 -0.183072949
3.000E-2 -0.183031921
4.000E-2 -0.182986061
5.000E-2 -0.182933679
6.000E-2 -0.182872477
7.000E-2 -0.18279933
8.000E-2 -0.182709995
9.000E-2 -0.182598697
1.000E-1 -0.182457567
1.100E-1 -0.182275872
1.200E-1 -0.182038932
1.300E-1 -0.181726624
1.400E-1 -0.181311288
1.500E-1 -0.180754791
1.600E-1 -0.180004415
1.700E-1 -0.178987082
1.800E-1 -0.177601227
1.900E-1 -0.175705386
2.000E-1 -0.173102129
2.100E-1 -0.16951545
2.200E-1 -0.16455895
2.300E-1 -0.157691025
2.400E-1 -0.148151775
2.500E-1 -0.134874125
2.600E-1 -0.116358658
2.700E-1 -0.0904973152
2.800E-1 -0.0543251755
2.900E-1 -0.00367112368
3.000E-1 0.0673334
