0.000E+0 0
1.000E-2 1.98550797E-13
2.000E-2 4.78801912E-13
3.000E-2 8.74554895E-13
4.000E-2 1.43358841E-12
5.000E-2 2.22343598E-12
6.000E-2 3.33955508E-12
7.000E-2 4.91688097E-12
8.000E-2 7.14617418E-12
9.000E-2 1.02971605E-11
1.000E-1 1.4751302E-11
1.100E-1 2.10482295E-11
1.200E-1 2.99515633E-11
1.300E-1 4.25422573E-11
1.400E-1 6.03510246E-11
1.500E-1 8.55462601E-11
1.600E-1 1.21200778E-10
1.700E-1 1.71670471E-10
1.800E-1 2.43131921E-10
1.900E-1 3.44345711E-10
2.000E-1 4.87740263E-10
2.100E-1 6.9095085E-10
2.200E-1 9.79004975E-10
2.300E-1 1.38742571E-9
2.400E-1 1.96663863E-9
2.500E-1 2.78823009E-9
2.600E-1 3.95383471E-9
2.700E-1 5.60775649E-9
2.800E-1 7.95489216E-9
2.900E-1 1.12861831E-8
3.000E-1 1.60147574E-8
3.100E-1 2.27272456E-8
3.200E-1 3.22566359E-8
3.300E-1 4.57856874E-8
3.400E-1 6.49936854E-8
3.500E-1 9.22646281E-8
3.600E-1 1.30982416E-7
3.700E-1 1.85949118E-7
3.800E-1 2.63977086E-7
3.900E-1 3.74726154E-7
4.000E-1 5.31885523E-7
4.100E-1 7.54839092E-7
4.200E-1 1.07100697E-6
4.300E-1 1.51913089E-6
4.400E-1 2.15387672E-6
4.500E-1 3.05227924E-6
