0.000E+0 0
1.000E-2 2.91870247E-12
2.000E-2 7.02605367E-12
3.000E-2 1.28099354E-11
4.000E-2 2.09582808E-11
5.000E-2 3.24410448E-11
6.000E-2 4.86258195E-11
7.000E-2 7.1440978E-11
8.000E-2 1.03606021E-10
9.000E-2 1.48957023E-10
1.000E-1 2.12906776E-10
1.100E-1 3.03095858E-10
1.200E-1 4.30314519E-10
1.300E-1 6.09808875E-10
1.400E-1 8.63132652E-10
1.500E-1 1.22077352E-9
1.600E-1 1.72587924E-9
1.700E-1 2.4395455E-9
1.800E-1 3.44832095E-9
1.900E-1 4.87486042E-9
2.000E-1 6.89304776E-9
2.100E-1 9.74946497E-9
2.200E-1 1.37938721E-8
2.300E-1 1.95224813E-8
2.400E-1 2.76393997E-8
2.500E-1 3.91438686E-8
2.600E-1 5.54541378E-8
2.700E-1 7.85833569E-8
2.800E-1 1.11389331E-7
2.900E-1 1.57929152E-7
3.000E-1 2.23962721E-7
3.100E-1 3.1766764E-7
3.200E-1 4.50654065E-7
3.300E-1 6.39405182E-7
3.400E-1 9.07321292E-7
3.500E-1 1.28761947E-6
3.600E-1 1.82744494E-6
3.700E-1 2.59369641E-6
3.800E-1 3.68127227E-6
3.900E-1 5.22472797E-6
4.000E-1 7.41472597E-6
4.100E-1 1.0521192E-5
4.200E-1 1.49258064E-5
4.300E-1 2.11674023E-5
4.400E-1 3.00050638E-5
4.500E-1 4.25053604E-5
