0.000E+0 0
1.000E-2 1.26733998E-12
2.000E-2 3.06826924E-12
3.000E-2 5.62874683E-12
4.000E-2 9.27040472E-12
5.000E-2 1.44510581E-11
6.000E-2 2.18223827E-11
7.000E-2 3.23120486E-11
8.000E-2 4.72407068E-11
9.000E-2 6.84886621E-11
1.000E-1 9.87333998E-11
1.100E-1 1.41788189E-10
1.200E-1 2.03084914E-10
1.300E-1 2.90362746E-10
1.400E-1 4.14650642E-10
1.500E-1 5.91669266E-10
1.600E-1 8.43831608E-10
1.700E-1 1.20309813E-9
1.800E-1 1.71505138E-9
1.900E-1 2.44471034E-9
2.000E-1 3.48482624E-9
2.100E-1 4.96771555E-9
2.200E-1 7.08213223E-9
2.300E-1 1.00973118E-8
2.400E-1 1.43972085E-8
2.500E-1 2.0529189E-8
2.600E-1 2.92731734E-8
2.700E-1 4.17395693E-8
2.800E-1 5.9507508E-8
2.900E-1 8.48189817E-8
3.000E-1 1.2084948E-7
3.100E-1 1.72081203E-7
3.200E-1 2.44809468E-7
3.300E-1 3.47813157E-7
3.400E-1 4.93208641E-7
3.500E-1 6.97469335E-7
3.600E-1 9.82504983E-7
3.700E-1 1.37651826E-6
3.800E-1 1.91405015E-6
3.900E-1 2.63418843E-6
4.000E-1 3.57549702E-6
4.100E-1 4.76633299E-6
4.200E-1 6.21082402E-6
4.300E-1 7.87471785E-6
4.400E-1 9.68018838E-6
4.500E-1 1.15188332E-5
