0.000E+0 0
1.000E-2 3.19309297E-12
2.000E-2 7.72466099E-12
3.000E-2 1.41598405E-11
4.000E-2 2.33023278E-11
5.000E-2 3.62950826E-11
6.000E-2 5.47635842E-11
7.000E-2 8.10196654E-11
8.000E-2 1.18351626E-10
9.000E-2 1.71437282E-10
1.000E-1 2.46932248E-10
1.100E-1 3.54308131E-10
1.200E-1 5.07047238E-10
1.300E-1 7.24346023E-10
1.400E-1 1.03354465E-9
1.500E-1 1.47359303E-9
1.600E-1 2.09999631E-9
1.700E-1 2.99187211E-9
1.800E-1 4.26202147E-9
1.900E-1 6.07130018E-9
2.000E-1 8.64912488E-9
2.100E-1 1.2322728E-8
2.200E-1 1.75588839E-8
2.300E-1 2.5023399E-8
2.400E-1 3.56658846E-8
2.500E-1 5.08404565E-8
2.600E-1 7.24773908E-8
2.700E-1 1.03326839E-7
2.800E-1 1.47304015E-7
2.900E-1 2.09976393E-7
3.000E-1 2.99247885E-7
3.100E-1 4.26312566E-7
3.200E-1 6.06969889E-7
3.300E-1 8.63409489E-7
3.400E-1 1.22657506E-6
3.500E-1 1.73917797E-6
3.600E-1 2.4593037E-6
3.700E-1 3.46425081E-6
3.800E-1 4.85362966E-6
3.900E-1 6.74966033E-6
4.000E-1 9.29097766E-6
4.100E-1 1.26141607E-5
4.200E-1 1.68168267E-5
4.300E-1 2.18998921E-5
4.400E-1 2.77038686E-5
4.500E-1 3.38847821E-5
