0.000E+0 0
1.000E-2 1.01497621E-12
2.000E-2 2.43523067E-12
3.000E-2 4.42716899E-12
4.000E-2 7.22529823E-12
5.000E-2 1.1160037E-11
6.000E-2 1.66969141E-11
7.000E-2 2.44918748E-11
8.000E-2 3.54694189E-11
9.000E-2 5.09331717E-11
1.000E-1 7.27226377E-11
1.100E-1 1.0343586E-10
1.200E-1 1.46746318E-10
1.300E-1 2.07854773E-10
1.400E-1 2.94134576E-10
1.500E-1 4.16054487E-10
1.600E-1 5.88499652E-10
1.700E-1 8.32663859E-10
1.800E-1 1.1787614E-9
1.900E-1 1.66991471E-9
2.000E-1 2.36772859E-9
2.100E-1 3.36028415E-9
2.200E-1 4.77360406E-9
2.300E-1 6.78809861E-9
2.400E-1 9.66215955E-9
2.500E-1 1.3766011E-8
2.600E-1 1.9630282E-8
2.700E-1 2.80157076E-8
2.800E-1 4.00131536E-8
2.900E-1 5.71871611E-8
3.000E-1 8.1781941E-8
3.100E-1 1.1701697E-7
3.200E-1 1.6751111E-7
3.300E-1 2.39891015E-7
3.400E-1 3.43663618E-7
3.500E-1 4.9246675E-7
3.600E-1 7.05860539E-7
3.700E-1 1.01189085E-6
3.800E-1 1.45075216E-6
3.900E-1 2.08001049E-6
4.000E-1 2.98202823E-6
4.100E-1 4.27447294E-6
4.200E-1 6.12509743E-6
4.300E-1 8.77233652E-6
4.400E-1 1.25536275E-5
4.500E-1 1.79435899E-5
