0.000E+0 0
1.000E-2 1.44054697E-12
2.000E-2 3.48400241E-12
3.000E-2 6.38414322E-12
4.000E-2 1.050148E-11
5.000E-2 1.63481125E-11
6.000E-2 2.46514489E-11
7.000E-2 3.64447462E-11
8.000E-2 5.31958099E-11
9.000E-2 7.69900146E-11
1.000E-1 1.10790707E-10
1.100E-1 1.588099E-10
1.200E-1 2.27036271E-10
1.300E-1 3.23987574E-10
1.400E-1 4.61783358E-10
1.500E-1 6.57674912E-10
1.600E-1 9.36227925E-10
1.700E-1 1.332437E-9
1.800E-1 1.89617039E-9
1.900E-1 2.69851369E-9
2.000E-1 3.84082401E-9
2.100E-1 5.4676529E-9
2.200E-1 7.78519103E-9
2.300E-1 1.10875926E-8
2.400E-1 1.57945434E-8
2.500E-1 2.25048677E-8
2.600E-1 3.20730074E-8
2.700E-1 4.57181009E-8
2.800E-1 6.517949E-8
2.900E-1 9.29382832E-8
3.000E-1 1.32532754E-7
3.100E-1 1.89006768E-7
3.200E-1 2.69546228E-7
3.300E-1 3.8438026E-7
3.400E-1 5.48053126E-7
3.500E-1 7.81211882E-7
3.600E-1 1.11310562E-6
3.700E-1 1.5850581E-6
3.800E-1 2.25526243E-6
3.900E-1 3.20536958E-6
4.000E-1 4.54953589E-6
4.100E-1 6.44692442E-6
4.200E-1 9.11919923E-6
4.300E-1 1.28753448E-5
4.400E-1 1.81466502E-5
4.500E-1 2.55353174E-5
