0.000E+0 0
1.000E-2 2.46752877E-16
2.000E-2 5.91059279E-16
3.000E-2 1.07342785E-15
4.000E-2 1.75079189E-15
5.000E-2 2.70297753E-15
6.000E-2 4.0416547E-15
7.000E-2 5.92272375E-15
8.000E-2 8.56348193E-15
9.000E-2 1.22664914E-14
1.000E-1 1.74529342E-14
1.100E-1 2.47095435E-14
1.200E-1 3.48551664E-14
1.300E-1 4.90359765E-14
1.400E-1 6.88627697E-14
1.500E-1 9.66103257E-14
1.600E-1 1.35508444E-13
1.700E-1 1.90168398E-13
1.800E-1 2.67209279E-13
1.900E-1 3.7617921E-13
2.000E-1 5.30911374E-13
2.100E-1 7.51521355E-13
2.200E-1 1.0673507E-12
2.300E-1 1.52130747E-12
2.400E-1 2.17627031E-12
2.500E-1 3.12454223E-12
2.600E-1 4.50181327E-12
2.700E-1 6.50779103E-12
2.800E-1 9.43669502E-12
2.900E-1 1.37223439E-11
3.000E-1 2.00048368E-11
3.100E-1 2.92291909E-11
3.200E-1 4.2791276E-11
3.300E-1 6.27537579E-11
3.400E-1 9.21656734E-11
3.500E-1 1.35535418E-10
3.600E-1 1.9953085E-10
3.700E-1 2.94015652E-10
3.800E-1 4.33583509E-10
3.900E-1 6.39829377E-10
4.000E-1 9.44712039E-10
4.100E-1 1.39553246E-9
4.200E-1 2.06230437E-9
4.300E-1 3.04866672E-9
4.400E-1 4.50803938E-9
4.500E-1 6.66754086E-9
