0.000E+0 -0.526229515
1.000E-2 -0.52621408
2.000E-2 -0.526198434
3.000E-2 -0.526182525
4.000E-2 -0.526166287
5.000E-2 -0.526149623
6.000E-2 -0.526132401
7.000E-2 -0.526114435
8.000E-2 -0.526095462
9.000E-2 -0.526075113
1.000E-1 -0.526052867
1.100E-1 -0.526027985
1.200E-1 -0.525999423
1.300E-1 -0.525965702
1.400E-1 -0.525924722
1.500E-1 -0.525873501
1.600E-1 -0.525807804
1.700E-1 -0.525721606
1.800E-1 -0.525606334
1.900E-1 -0.525449778
2.000E-1 -0.525234548
2.100E-1 -0.524935861
2.200E-1 -0.524518384
2.300E-1 -0.523931738
2.400E-1 -0.52310407
2.500E-1 -0.521932881
2.600E-1 -0.520271945
2.700E-1 -0.517912629
2.800E-1 -0.51455725
2.900E-1 -0.509781055
3.000E-1 -0.502978019
3.100E-1 -0.493283562
3.200E-1 -0.479464486
3.300E-1 -0.459762344
3.400E-1 -0.43167088
3.500E-1 -0.391620455
3.600E-1 -0.334531895
3.700E-1 -0.25318846
3.800E-1 -0.137357211
3.900E-1 0.0274293378
