0.000E+0 0
1.000E-2 2.83177115E-15
2.000E-2 6.94023146E-15
3.000E-2 1.29105765E-14
4.000E-2 2.15938452E-14
5.000E-2 3.42263276E-14
6.000E-2 5.26021439E-14
7.000E-2 7.93227009E-14
8.000E-2 1.18157527E-13
9.000E-2 1.74566947E-13
1.000E-1 2.56460816E-13
1.100E-1 3.75303033E-13
1.200E-1 5.47724862E-13
1.300E-1 7.97890068E-13
1.400E-1 1.16097486E-12
1.500E-1 1.68830501E-12
1.600E-1 2.4549601E-12
1.700E-1 3.57105259E-12
1.800E-1 5.19848106E-12
1.900E-1 7.57583549E-12
2.000E-1 1.10554397E-11
2.100E-1 1.61584629E-11
2.200E-1 2.36569311E-11
2.300E-1 3.46957956E-11
2.400E-1 5.0974657E-11
2.500E-1 7.50183559E-11
2.600E-1 1.10579964E-10
2.700E-1 1.63241062E-10
2.800E-1 2.41306012E-10
2.900E-1 3.57134407E-10
3.000E-1 5.29126556E-10
3.100E-1 7.84682374E-10
3.200E-1 1.16461117E-9
3.300E-1 1.72970425E-9
3.400E-1 2.57053142E-9
3.500E-1 3.82204369E-9
3.600E-1 5.68534039E-9
3.700E-1 8.46011724E-9
3.800E-1 1.25930369E-8
3.900E-1 1.87498374E-8
4.000E-1 2.7922829E-8
4.100E-1 4.15911487E-8
4.200E-1 6.19596689E-8
4.300E-1 9.2315163E-8
4.400E-1 1.37557283E-7
4.500E-1 2.04990142E-7
