0.000E+0 0
1.000E-2 1.41517646E-14
2.000E-2 3.45984728E-14
3.000E-2 6.41741504E-14
4.000E-2 1.06982787E-13
5.000E-2 1.68964082E-13
6.000E-2 2.58710293E-13
7.000E-2 3.88645888E-13
8.000E-2 5.76732058E-13
9.000E-2 8.48931835E-13
1.000E-1 1.24277977E-12
1.100E-1 1.81255944E-12
1.200E-1 2.63682702E-12
1.300E-1 3.82936623E-12
1.400E-1 5.55517168E-12
1.500E-1 8.05381241E-12
1.600E-1 1.16736372E-11
1.700E-1 1.69219154E-11
1.800E-1 2.4538402E-11
1.900E-1 3.56033357E-11
2.000E-1 5.16960422E-11
2.100E-1 7.51279144E-11
2.200E-1 1.09284701E-10
2.300E-1 1.59129461E-10
2.400E-1 2.31941692E-10
2.500E-1 3.38403669E-10
2.600E-1 4.94197298E-10
2.700E-1 7.22351623E-10
2.800E-1 1.0566942E-9
2.900E-1 1.54692573E-9
3.000E-1 2.2660819E-9
3.100E-1 3.32150572E-9
3.200E-1 4.87098204E-9
3.300E-1 7.14646271E-9
3.400E-1 1.04889515E-8
3.500E-1 1.5399793E-8
3.600E-1 2.26160679E-8
3.700E-1 3.32213962E-8
3.800E-1 4.88087186E-8
3.900E-1 7.17193124E-8
4.000E-1 1.05393482E-7
4.100E-1 1.54884577E-7
4.200E-1 2.27611384E-7
4.300E-1 3.34457612E-7
4.400E-1 4.91375556E-7
4.500E-1 7.21720811E-7
