0.000E+0 -0.6801391
1.000E-2 -0.680133728
2.000E-2 -0.680128249
3.000E-2 -0.680122631
4.000E-2 -0.680116828
5.000E-2 -0.68011078
6.000E-2 -0.6801044
7.000E-2 -0.680097565
8.000E-2 -0.680090103
9.000E-2 -0.68008177
1.000E-1 -0.680072221
1.100E-1 -0.680060968
1.200E-1 -0.68004732
1.300E-1 -0.680030298
1.400E-1 -0.680008514
1.500E-1 -0.679980001
1.600E-1 -0.679941969
1.700E-1 -0.679890461
1.800E-1 -0.679819862
1.900E-1 -0.679722204
2.000E-1 -0.679586178
2.100E-1 -0.679395732
2.200E-1 -0.679128077
2.300E-1 -0.67875086
2.400E-1 -0.678218148
2.500E-1 -0.677464724
2.600E-1 -0.676397995
2.700E-1 -0.674886501
2.800E-1 -0.672743616
2.900E-1 -0.669704425
3.000E-1 -0.665392959
3.100E-1 -0.659275777
3.200E-1 -0.650596323
3.300E-1 -0.638282222
3.400E-1 -0.620814702
3.500E-1 -0.596045314
3.600E-1 -0.560939956
3.700E-1 -0.511223907
3.800E-1 -0.440894618
3.900E-1 -0.341562637
4.000E-1 -0.201578605
4.100E-1 -0.00491124853
4.200E-1 0.270232929
