0.000E+0 0
1.000E-2 1.27458519E-11
2.000E-2 3.04402881E-11
3.000E-2 5.50332037E-11
4.000E-2 8.92410634E-11
5.000E-2 1.36847778E-10
6.000E-2 2.03124104E-10
7.000E-2 2.95412812E-10
8.000E-2 4.23946131E-10
9.000E-2 6.02989171E-10
1.000E-1 8.52441638E-10
1.100E-1 1.20008478E-9
1.200E-1 1.68473787E-9
1.300E-1 2.36069769E-9
1.400E-1 3.3039892E-9
1.500E-1 4.62117307E-9
1.600E-1 6.46176318E-9
1.700E-1 9.03574108E-9
1.800E-1 1.26382656E-8
1.900E-1 1.76845402E-8
2.000E-1 2.47590194E-8
2.100E-1 3.468486E-8
2.200E-1 4.86219536E-8
2.300E-1 6.8205318E-8
2.400E-1 9.57404774E-8
2.500E-1 1.34479323E-7
2.600E-1 1.89009626E-7
2.700E-1 2.65805062E-7
2.800E-1 3.74001908E-7
2.900E-1 5.2649583E-7
3.000E-1 7.41490665E-7
3.100E-1 1.04468532E-6
3.200E-1 1.47236146E-6
3.300E-1 2.07574216E-6
3.400E-1 2.92714355E-6
3.500E-1 4.1286535E-6
3.600E-1 5.82436967E-6
3.700E-1 8.21764393E-6
3.800E-1 1.15953562E-5
3.900E-1 1.63620332E-5
4.000E-1 2.30877066E-5
4.100E-1 3.25748468E-5
4.200E-1 4.59515933E-5
4.300E-1 6.48008614E-5
4.400E-1 9.13380005E-5
4.500E-1 0.000128650854
