0.000E+0 0
1.000E-2 2.61996127E-15
2.000E-2 6.43130086E-15
3.000E-2 1.19854232E-14
4.000E-2 2.00883817E-14
5.000E-2 3.19182109E-14
6.000E-2 4.91962818E-14
7.000E-2 7.44376221E-14
8.000E-2 1.11316772E-13
9.000E-2 1.65202878E-13
1.000E-1 2.4394306E-13
1.100E-1 3.59010562E-13
1.200E-1 5.27189817E-13
1.300E-1 7.73053027E-13
1.400E-1 1.13260528E-12
1.500E-1 1.65865669E-12
1.600E-1 2.42874903E-12
1.700E-1 3.55686201E-12
1.800E-1 5.21071332E-12
1.900E-1 7.63733663E-12
2.000E-1 1.12009092E-11
2.100E-1 1.64387054E-11
2.200E-1 2.41438712E-11
2.300E-1 3.54878856E-11
2.400E-1 5.22017482E-11
2.500E-1 7.68440695E-11
2.600E-1 1.13197746E-10
2.700E-1 1.66856881E-10
2.800E-1 2.46095117E-10
2.900E-1 3.63150077E-10
3.000E-1 5.36122743E-10
3.100E-1 7.91784852E-10
3.200E-1 1.1697253E-9
3.300E-1 1.72846737E-9
3.400E-1 2.5544783E-9
3.500E-1 3.77540527E-9
3.600E-1 5.57944692E-9
3.700E-1 8.24354383E-9
3.800E-1 1.21740521E-8
3.900E-1 1.79646665E-8
4.000E-1 2.64772605E-8
4.100E-1 3.89511668E-8
4.200E-1 5.71433382E-8
4.300E-1 8.34920673E-8
4.400E-1 1.21274251E-7
4.500E-1 1.74682809E-7
