0.000E+0 0
1.000E-2 3.71343416E-14
2.000E-2 8.86871439E-14
3.000E-2 1.60505703E-13
4.000E-2 2.60780747E-13
5.000E-2 4.00975267E-13
6.000E-2 5.97120881E-13
7.000E-2 8.71630125E-13
8.000E-2 1.25583631E-12
9.000E-2 1.79356475E-12
1.000E-1 2.5461743E-12
1.100E-1 3.59970604E-12
1.200E-1 5.07506616E-12
1.300E-1 7.14259366E-12
1.400E-1 1.00429797E-11
1.500E-1 1.41173993E-11
1.600E-1 1.98510083E-11
1.700E-1 2.79358291E-11
1.800E-1 3.93617542E-11
1.900E-1 5.55483154E-11
2.000E-1 7.85355569E-11
2.100E-1 1.11260605E-10
2.200E-1 1.5795853E-10
2.300E-1 2.24743514E-10
2.400E-1 3.20451672E-10
2.500E-1 4.57863648E-10
2.600E-1 6.55478528E-10
2.700E-1 9.40088226E-10
2.800E-1 1.35051425E-9
2.900E-1 1.94303247E-9
3.000E-1 2.79924944E-9
3.100E-1 4.03753947E-9
3.200E-1 5.82965355E-9
3.300E-1 8.42484065E-9
3.400E-1 1.2184882E-8
3.500E-1 1.76349763E-8
3.600E-1 2.55376535E-8
3.700E-1 3.70001364E-8
3.800E-1 5.36302933E-8
3.900E-1 7.77631677E-8
4.000E-1 1.12790018E-7
4.100E-1 1.6363623E-7
4.200E-1 2.37455396E-7
4.300E-1 3.44637187E-7
4.400E-1 5.00270575E-7
4.500E-1 7.26267437E-7
