0.000E+0 0
1.000E-2 3.26299051E-15
2.000E-2 7.98723362E-15
3.000E-2 1.48343694E-14
4.000E-2 2.47648563E-14
5.000E-2 3.91725902E-14
6.000E-2 6.00802409E-14
7.000E-2 9.04228986E-14
8.000E-2 1.34460379E-13
9.000E-2 1.98377284E-13
1.000E-1 2.91157566E-13
1.100E-1 4.25861144E-13
1.200E-1 6.21490245E-13
1.300E-1 9.05721841E-13
1.400E-1 1.31891306E-12
1.500E-1 1.91997847E-12
1.600E-1 2.79502028E-12
1.700E-1 4.07000713E-12
1.800E-1 5.92940638E-12
1.900E-1 8.64357031E-12
2.000E-1 1.26089939E-11
2.100E-1 1.84074986E-11
2.200E-1 2.68932473E-11
2.300E-1 3.93206869E-11
2.400E-1 5.75326861E-11
2.500E-1 8.42372064E-11
2.600E-1 1.234142E-10
2.700E-1 1.80914055E-10
2.800E-1 2.65337829E-10
2.900E-1 3.89331963E-10
3.000E-1 5.71492772E-10
3.100E-1 8.39167908E-10
3.200E-1 1.23257745E-9
3.300E-1 1.8108762E-9
3.400E-1 2.66107194E-9
3.500E-1 3.91114509E-9
3.600E-1 5.74934937E-9
3.700E-1 8.45260559E-9
3.800E-1 1.24282737E-8
3.900E-1 1.82756056E-8
4.000E-1 2.68761534E-8
4.100E-1 3.95267747E-8
4.200E-1 5.81353091E-8
4.300E-1 8.55084523E-8
4.400E-1 1.25775274E-7
4.500E-1 1.85010288E-7
