0.000E+0 -0.391232279
1.000E-2 -0.391196604
2.000E-2 -0.391160677
3.000E-2 -0.39112444
4.000E-2 -0.391087869
5.000E-2 -0.391050936
6.000E-2 -0.391013604
7.000E-2 -0.390975823
8.000E-2 -0.390937525
9.000E-2 -0.390898617
1.000E-1 -0.39085897
1.100E-1 -0.390818402
1.200E-1 -0.390776658
1.300E-1 -0.390733377
1.400E-1 -0.390688047
1.500E-1 -0.390639931
1.600E-1 -0.390587976
1.700E-1 -0.390530665
1.800E-1 -0.390465804
1.900E-1 -0.390390216
2.000E-1 -0.390299281
2.100E-1 -0.390186278
2.200E-1 -0.390041402
2.300E-1 -0.389850328
2.400E-1 -0.389592114
2.500E-1 -0.389236106
2.600E-1 -0.388737402
2.700E-1 -0.388030191
2.800E-1 -0.387017971
2.900E-1 -0.385559183
3.000E-1 -0.383446125
3.100E-1 -0.380373997
3.200E-1 -0.375895504
3.300E-1 -0.369354327
3.400E-1 -0.359787753
3.500E-1 -0.345784492
3.600E-1 -0.325277648
3.700E-1 -0.295244694
3.800E-1 -0.251275575
3.900E-1 -0.186957208
4.000E-1 -0.0930093131
4.100E-1 0.0439021095
