0.000E+0 0
1.000E-2 1.1475763E-12
2.000E-2 2.7859298E-12
3.000E-2 5.1280607E-12
4.000E-2 8.47871737E-12
5.000E-2 1.32735369E-11
6.000E-2 2.01347695E-11
7.000E-2 2.99506272E-11
8.000E-2 4.39883467E-11
9.000E-2 6.40554804E-11
1.000E-1 9.27303833E-11
1.100E-1 1.33692318E-10
1.200E-1 1.92195465E-10
1.300E-1 2.75751522E-10
1.400E-1 3.95115425E-10
1.500E-1 5.65712594E-10
1.600E-1 8.0970999E-10
1.700E-1 1.15902671E-9
1.800E-1 1.6597157E-9
1.900E-1 2.3783466E-9
2.000E-1 3.41130816E-9
2.100E-1 4.89837093E-9
2.200E-1 7.0424654E-9
2.300E-1 1.01385304E-8
2.400E-1 1.46155984E-8
2.500E-1 2.10982011E-8
2.600E-1 3.04959765E-8
2.700E-1 4.41344408E-8
2.800E-1 6.39458419E-8
2.900E-1 9.27476845E-8
3.000E-1 1.34649145E-7
3.100E-1 1.95643933E-7
3.200E-1 2.84474751E-7
3.300E-1 4.13892879E-7
3.400E-1 6.02491588E-7
3.500E-1 8.77370691E-7
3.600E-1 1.27800043E-6
3.700E-1 1.86180678E-6
3.800E-1 2.71220908E-6
3.900E-1 3.95012478E-6
4.000E-1 5.75025071E-6
4.100E-1 8.36395414E-6
4.200E-1 1.21508461E-5
4.300E-1 1.76215655E-5
4.400E-1 2.54941278E-5
4.500E-1 3.67650532E-5
