0.000E+0 0
1.000E-2 3.76757183E-15
2.000E-2 9.21959927E-15
3.000E-2 1.71194546E-14
4.000E-2 2.85741133E-14
5.000E-2 4.51874837E-14
6.000E-2 6.9281757E-14
7.000E-2 1.04217015E-13
8.000E-2 1.54853014E-13
9.000E-2 2.28217152E-13
1.000E-1 3.34472324E-13
1.100E-1 4.88322329E-13
1.200E-1 7.11057946E-13
1.300E-1 1.03354408E-12
1.400E-1 1.50059317E-12
1.500E-1 2.17738504E-12
1.600E-1 3.15891182E-12
1.700E-1 4.58389769E-12
1.800E-1 6.655339E-12
1.900E-1 9.67083834E-12
2.000E-1 1.40674248E-11
2.100E-1 2.04877987E-11
2.200E-1 2.9878264E-11
2.300E-1 4.36335297E-11
2.400E-1 6.38108523E-11
2.500E-1 9.34467741E-11
2.600E-1 1.3702569E-10
2.700E-1 2.01173125E-10
2.800E-1 2.95681623E-10
2.900E-1 4.35028987E-10
3.000E-1 6.40625393E-10
3.100E-1 9.44139544E-10
3.200E-1 1.39242235E-9
3.300E-1 2.05479584E-9
3.400E-1 3.0338439E-9
3.500E-1 4.48138806E-9
3.600E-1 6.62214023E-9
3.700E-1 9.78872242E-9
3.800E-1 1.44735169E-8
3.900E-1 2.1405436E-8
4.000E-1 3.16635884E-8
4.100E-1 4.68455713E-8
4.200E-1 6.93166349E-8
4.300E-1 1.02578562E-7
4.400E-1 1.51815742E-7
4.500E-1 2.24703441E-7
