0.000E+0 0
1.000E-2 3.24619068E-12
2.000E-2 7.62056859E-12
3.000E-2 1.35344964E-11
4.000E-2 2.15484897E-11
5.000E-2 3.24263062E-11
6.000E-2 4.72089602E-11
7.000E-2 6.73162882E-11
8.000E-2 9.4686752E-11
9.000E-2 1.3197051E-10
1.000E-1 1.82796921E-10
1.100E-1 2.52146285E-10
1.200E-1 3.46867788E-10
1.300E-1 4.76402669E-10
1.400E-1 6.53795511E-10
1.500E-1 8.97110019E-10
1.600E-1 1.23141254E-9
1.700E-1 1.69155232E-9
1.800E-1 2.32605983E-9
1.900E-1 3.20261409E-9
2.000E-1 4.41571231E-9
2.100E-1 6.09743116E-9
2.200E-1 8.43252909E-9
2.300E-1 1.16796454E-8
2.400E-1 1.62010627E-8
2.500E-1 2.25044996E-8
2.600E-1 3.13018045E-8
2.700E-1 4.35913984E-8
2.800E-1 6.07740858E-8
2.900E-1 8.48157586E-8
3.000E-1 1.18475996E-7
3.100E-1 1.65629268E-7
3.200E-1 2.31716281E-7
3.300E-1 3.24378206E-7
3.400E-1 4.54347919E-7
3.500E-1 6.36702384E-7
3.600E-1 8.92622465E-7
3.700E-1 1.25186562E-6
3.800E-1 1.7562399E-6
3.900E-1 2.46448389E-6
4.000E-1 3.45912008E-6
4.100E-1 4.85607626E-6
4.200E-1 6.81818636E-6
4.300E-1 9.57412166E-6
4.400E-1 1.34449103E-5
4.500E-1 1.88810344E-5
