0.000E+0 0
1.000E-2 3.10075221E-14
2.000E-2 7.4907307E-14
3.000E-2 1.37148138E-13
4.000E-2 2.2548033E-13
5.000E-2 3.50928116E-13
6.000E-2 5.29174002E-13
7.000E-2 7.8253083E-13
8.000E-2 1.14275309E-12
9.000E-2 1.65504802E-12
1.000E-1 2.38380368E-12
1.100E-1 3.42077666E-12
1.200E-1 4.89680608E-12
1.300E-1 6.99858656E-12
1.400E-1 9.99270165E-12
1.500E-1 1.42600802E-11
1.600E-1 2.03454159E-11
1.700E-1 2.90280683E-11
1.800E-1 4.14238022E-11
1.900E-1 5.91307942E-11
2.000E-1 8.44391861E-11
2.100E-1 1.20631859E-10
2.200E-1 1.72416163E-10
2.300E-1 2.46543647E-10
2.400E-1 3.52699707E-10
2.500E-1 5.04780748E-10
2.600E-1 7.22727738E-10
2.700E-1 1.03515858E-9
2.800E-1 1.48314734E-9
2.900E-1 2.12565001E-9
3.000E-1 3.04729375E-9
3.100E-1 4.36955859E-9
3.200E-1 6.26682743E-9
3.300E-1 8.98942008E-9
3.400E-1 1.28966425E-8
3.500E-1 1.85041893E-8
3.600E-1 2.65520973E-8
3.700E-1 3.81020875E-8
3.800E-1 5.46768549E-8
3.900E-1 7.84590691E-8
4.000E-1 1.12575039E-7
4.100E-1 1.61497739E-7
4.200E-1 2.31616682E-7
4.300E-1 3.3203812E-7
4.400E-1 4.75697145E-7
4.500E-1 6.80879741E-7
