0.000E+0 0
1.000E-2 1.15217581E-12
2.000E-2 2.74365481E-12
3.000E-2 4.94860574E-12
4.000E-2 8.00965852E-12
5.000E-2 1.22646178E-11
6.000E-2 1.81836126E-11
7.000E-2 2.64208385E-11
8.000E-2 3.78867789E-11
9.000E-2 5.38492826E-11
1.000E-1 7.60754777E-11
1.100E-1 1.07031702E-10
1.200E-1 1.50166149E-10
1.300E-1 2.10309758E-10
1.400E-1 2.94246436E-10
1.500E-1 4.11526008E-10
1.600E-1 5.75625207E-10
1.700E-1 8.05607704E-10
1.800E-1 1.12849951E-9
1.900E-1 1.58268977E-9
2.000E-1 2.22280118E-9
2.100E-1 3.12666708E-9
2.200E-1 4.4053287E-9
2.300E-1 6.21736339E-9
2.400E-1 8.78942463E-9
2.500E-1 1.24456932E-8
2.600E-1 1.7650114E-8
2.700E-1 2.50669783E-8
2.800E-1 3.56478346E-8
2.900E-1 5.07561811E-8
3.000E-1 7.23463819E-8
3.100E-1 1.03220401E-7
3.200E-1 1.47396204E-7
3.300E-1 2.10636405E-7
3.400E-1 3.01206777E-7
3.500E-1 4.30964488E-7
3.600E-1 6.16919015E-7
3.700E-1 8.83470323E-7
3.800E-1 1.26561658E-6
3.900E-1 1.81354802E-6
4.000E-1 2.59921893E-6
4.100E-1 3.72573497E-6
4.200E-1 5.34073208E-6
4.300E-1 7.65538261E-6
4.400E-1 1.09712703E-5
4.500E-1 1.57181373E-5
