0.000E+0 0
1.000E-2 2.30656119E-13
2.000E-2 5.58575167E-13
3.000E-2 1.02509031E-12
4.000E-2 1.6890747E-12
5.000E-2 2.63437455E-12
6.000E-2 3.98039534E-12
7.000E-2 5.89718526E-12
8.000E-2 8.62693906E-12
9.000E-2 1.25146772E-11
1.000E-1 1.80520506E-11
1.100E-1 2.593994E-11
1.200E-1 3.71779935E-11
1.300E-1 5.31927972E-11
1.400E-1 7.6021483E-11
1.500E-1 1.08574909E-10
1.600E-1 1.5501507E-10
1.700E-1 2.21296494E-10
1.800E-1 3.15943057E-10
1.900E-1 4.51162717E-10
2.000E-1 6.44447351E-10
2.100E-1 9.20868914E-10
2.200E-1 1.31637523E-9
2.300E-1 1.8825208E-9
2.400E-1 2.69325789E-9
2.500E-1 3.85468557E-9
2.600E-1 5.51904571E-9
2.700E-1 7.90481687E-9
2.800E-1 1.13255639E-8
2.900E-1 1.62313591E-8
3.000E-1 2.32682544E-8
3.100E-1 3.33636724E-8
3.200E-1 4.78490088E-8
3.300E-1 6.86356633E-8
3.400E-1 9.84677685E-8
3.500E-1 1.41285016E-7
3.600E-1 2.02743492E-7
3.700E-1 2.90963229E-7
3.800E-1 4.17600951E-7
3.900E-1 5.99389015E-7
4.000E-1 8.60342276E-7
4.100E-1 1.23492092E-6
4.200E-1 1.77255989E-6
4.300E-1 2.54414859E-6
4.400E-1 3.651288E-6
4.500E-1 5.23949325E-6
