0.000E+0 0
1.000E-2 2.14506003E-14
2.000E-2 5.19485913E-14
3.000E-2 9.53252046E-14
4.000E-2 1.57032686E-13
5.000E-2 2.44835225E-13
6.000E-2 3.69785602E-13
7.000E-2 5.4761723E-13
8.000E-2 8.00734173E-13
9.000E-2 1.16104273E-12
1.000E-1 1.67399067E-12
1.100E-1 2.4043286E-12
1.200E-1 3.44433081E-12
1.300E-1 4.92552722E-12
1.400E-1 7.03545014E-12
1.500E-1 1.00415417E-11
1.600E-1 1.4325287E-11
1.700E-1 2.04309499E-11
1.800E-1 2.91351606E-11
1.900E-1 4.15462781E-11
2.000E-1 5.92462758E-11
2.100E-1 8.44933383E-11
2.200E-1 1.20511175E-10
2.300E-1 1.71902147E-10
2.400E-1 2.45237228E-10
2.500E-1 3.49898481E-10
2.600E-1 4.99282184E-10
2.700E-1 7.1251697E-10
2.800E-1 1.01691747E-9
2.900E-1 1.45148843E-9
3.000E-1 2.07192882E-9
3.100E-1 2.95777859E-9
3.200E-1 4.22262488E-9
3.300E-1 6.02867791E-9
3.400E-1 8.60758747E-9
3.500E-1 1.22901714E-8
3.600E-1 1.75488735E-8
3.700E-1 2.5058397E-8
3.800E-1 3.57823001E-8
3.900E-1 5.10966658E-8
4.000E-1 7.2966718E-8
4.100E-1 1.04199054E-7
4.200E-1 1.4880186E-7
4.300E-1 2.12499325E-7
4.400E-1 3.03466266E-7
4.500E-1 4.33377193E-7
