0.000E+0 0
1.000E-2 1.10091916E-14
2.000E-2 2.66281611E-14
3.000E-2 4.88463096E-14
4.000E-2 8.05074131E-14
5.000E-2 1.25674945E-13
6.000E-2 1.90153625E-13
7.000E-2 2.82234655E-13
8.000E-2 4.13761984E-13
9.000E-2 6.01660501E-13
1.000E-1 8.70130956E-13
1.100E-1 1.25381003E-12
1.200E-1 1.8023316E-12
1.300E-1 2.5869271E-12
1.400E-1 3.70999872E-12
1.500E-1 5.3190318E-12
1.600E-1 7.62684438E-12
1.700E-1 1.09410936E-11
1.800E-1 1.57073019E-11
1.900E-1 2.25716279E-11
2.000E-1 3.24724675E-11
2.100E-1 4.67741563E-11
2.200E-1 6.74621524E-11
2.300E-1 9.74280169E-11
2.400E-1 1.40885567E-10
2.500E-1 2.03978669E-10
2.600E-1 2.95669035E-10
2.700E-1 4.29033188E-10
2.800E-1 6.23157337E-10
2.900E-1 9.05906076E-10
3.000E-1 1.3179681E-9
3.100E-1 1.91876824E-9
3.200E-1 2.79510711E-9
3.300E-1 4.07378685E-9
3.400E-1 5.94006188E-9
3.500E-1 8.66460128E-9
3.600E-1 1.2642886E-8
3.700E-1 1.84527688E-8
3.800E-1 2.69385532E-8
3.900E-1 3.93337712E-8
4.000E-1 5.744039E-8
4.100E-1 8.38902049E-8
4.200E-1 1.22525725E-7
4.300E-1 1.7895436E-7
4.400E-1 2.6135299E-7
4.500E-1 3.81632318E-7
