0.000E+0 0
1.000E-2 5.62962741E-14
2.000E-2 1.35355489E-13
3.000E-2 2.46738383E-13
4.000E-2 4.0398186E-13
5.000E-2 6.26235742E-13
6.000E-2 9.40570186E-13
7.000E-2 1.38523153E-12
8.000E-2 2.01424376E-12
9.000E-2 2.90392705E-12
1.000E-1 4.16215996E-12
1.100E-1 5.94158797E-12
1.200E-1 8.45853409E-12
1.300E-1 1.20201818E-11
1.400E-1 1.70637957E-11
1.500E-1 2.42134924E-11
1.600E-1 3.43626261E-11
1.700E-1 4.87935652E-11
1.800E-1 6.93520458E-11
1.900E-1 9.87011666E-11
2.000E-1 1.40691583E-10
2.100E-1 2.00901239E-10
2.200E-1 2.874225E-10
2.300E-1 4.12010382E-10
2.400E-1 5.91757958E-10
2.500E-1 8.51541596E-10
2.600E-1 1.22759056E-9
2.700E-1 1.77269903E-9
2.800E-1 2.56383764E-9
2.900E-1 3.71327084E-9
3.000E-1 5.3847967E-9
3.100E-1 7.81747249E-9
3.200E-1 1.13602778E-8
3.300E-1 1.65227623E-8
3.400E-1 2.40490509E-8
3.500E-1 3.50259788E-8
3.600E-1 5.10410972E-8
3.700E-1 7.44135328E-8
3.800E-1 1.08531264E-7
3.900E-1 1.58343781E-7
4.000E-1 2.31081536E-7
4.100E-1 3.37306144E-7
4.200E-1 4.92442518E-7
4.300E-1 7.19012085E-7
4.400E-1 1.0498837E-6
4.500E-1 1.53299694E-6
