0.000E+0 0
1.000E-2 1.99111942E-13
2.000E-2 4.7514853E-13
3.000E-2 8.59213614E-13
4.000E-2 1.39473495E-12
5.000E-2 2.14222856E-12
6.000E-2 3.18586742E-12
7.000E-2 4.64253908E-12
8.000E-2 6.67435222E-12
9.000E-2 9.50595177E-12
1.000E-1 1.34485912E-11
1.100E-1 1.89337813E-11
1.200E-1 2.65606284E-11
1.300E-1 3.71628884E-11
1.400E-1 5.19045839E-11
1.500E-1 7.24171576E-11
1.600E-1 1.00997145E-10
1.700E-1 1.40892067E-10
1.800E-1 1.96714886E-10
1.900E-1 2.75045739E-10
2.000E-1 3.85306367E-10
2.100E-1 5.4103165E-10
2.200E-1 7.61719562E-10
2.300E-1 1.075524E-9
2.400E-1 1.52317652E-9
2.500E-1 2.16370051E-9
2.600E-1 3.08274084E-9
2.700E-1 4.404711E-9
2.800E-1 6.31051376E-9
2.900E-1 9.0634E-9
3.000E-1 1.30467131E-8
3.100E-1 1.88189934E-8
3.200E-1 2.71944407E-8
3.300E-1 3.9360421E-8
3.400E-1 5.70490901E-8
3.500E-1 8.27880742E-8
3.600E-1 1.20266642E-7
3.700E-1 1.74870572E-7
3.800E-1 2.54463395E-7
3.900E-1 3.70527366E-7
4.000E-1 5.39829467E-7
4.100E-1 7.86853229E-7
4.200E-1 1.14734662E-6
4.300E-1 1.67349425E-6
4.400E-1 2.44144899E-6
4.500E-1 3.5622811E-6
