0.000E+0 0
1.000E-2 1.61849935E-12
2.000E-2 3.87779669E-12
3.000E-2 7.03684839E-12
4.000E-2 1.14584788E-11
5.000E-2 1.76507057E-11
6.000E-2 2.63244934E-11
7.000E-2 3.84745592E-11
8.000E-2 5.5492632E-11
9.000E-2 7.93265545E-11
1.000E-1 1.12704376E-10
1.100E-1 1.59450912E-10
1.200E-1 2.24936245E-10
1.300E-1 3.16712963E-10
1.400E-1 4.45423792E-10
1.500E-1 6.2609693E-10
1.600E-1 8.79997499E-10
1.700E-1 1.2372766E-9
1.800E-1 1.74076411E-9
1.900E-1 2.45140152E-9
2.000E-1 3.45602589E-9
2.100E-1 4.87852523E-9
2.200E-1 6.89582853E-9
2.300E-1 9.76083009E-9
2.400E-1 1.38352618E-8
2.500E-1 1.96368385E-8
2.600E-1 2.79068859E-8
2.700E-1 3.97073625E-8
2.800E-1 5.65600707E-8
2.900E-1 8.06464228E-8
3.000E-1 1.15094129E-7
3.100E-1 1.64388654E-7
3.200E-1 2.34963769E-7
3.300E-1 3.36049184E-7
3.400E-1 4.80887176E-7
3.500E-1 6.88478806E-7
3.600E-1 9.86090107E-7
3.700E-1 1.41284864E-6
3.800E-1 2.02490396E-6
3.900E-1 2.90283011E-6
4.000E-1 4.16224047E-6
4.100E-1 5.96900045E-6
4.200E-1 8.56101252E-6
4.300E-1 1.22793773E-5
4.400E-1 1.76128927E-5
4.500E-1 2.52614482E-5
