0.000E+0 0
1.000E-2 7.83114579E-13
2.000E-2 1.88430262E-12
3.000E-2 3.43442795E-12
4.000E-2 5.61808143E-12
5.000E-2 8.69560574E-12
6.000E-2 1.30341742E-11
7.000E-2 1.91516827E-11
8.000E-2 2.77788013E-11
9.000E-2 3.99468068E-11
1.000E-1 5.71120682E-11
1.100E-1 8.13327177E-11
1.200E-1 1.155197E-10
1.300E-1 1.63793921E-10
1.400E-1 2.31994807E-10
1.500E-1 3.28404999E-10
1.600E-1 4.6478356E-10
1.700E-1 6.57839555E-10
1.800E-1 9.3133416E-10
1.900E-1 1.31907981E-9
2.000E-1 1.86921964E-9
2.100E-1 2.65033418E-9
2.200E-1 3.7601564E-9
2.300E-1 5.33800995E-9
2.400E-1 7.58256275E-9
2.500E-1 1.07771692E-8
2.600E-1 1.53260468E-8
2.700E-1 2.18059228E-8
2.800E-1 3.10397684E-8
2.900E-1 4.42020733E-8
3.000E-1 6.29691556E-8
3.100E-1 8.9733779E-8
3.200E-1 1.27911597E-7
3.300E-1 1.82378725E-7
3.400E-1 2.60096544E-7
3.500E-1 3.71003881E-7
3.600E-1 5.29290949E-7
3.700E-1 7.5521841E-7
3.800E-1 1.07771476E-6
3.900E-1 1.53808488E-6
4.000E-1 2.19530492E-6
4.100E-1 3.13358123E-6
4.200E-1 4.47314029E-6
4.300E-1 6.38562773E-6
4.400E-1 9.11607954E-6
4.500E-1 1.30142587E-5
