0.000E+0 0
1.000E-2 9.9759339E-13
2.000E-2 2.39703016E-12
3.000E-2 4.36254982E-12
4.000E-2 7.12533076E-12
5.000E-2 1.10107136E-11
6.000E-2 1.64765286E-11
7.000E-2 2.41671078E-11
8.000E-2 3.49894949E-11
9.000E-2 5.02211281E-11
1.000E-1 7.16622298E-11
1.100E-1 1.01851806E-10
1.200E-1 1.4437427E-10
1.300E-1 2.04295315E-10
1.400E-1 2.88782182E-10
1.500E-1 4.07987154E-10
1.600E-1 5.76306709E-10
1.700E-1 8.14176851E-10
1.800E-1 1.15063359E-9
1.900E-1 1.62696533E-9
2.000E-1 2.30192337E-9
2.100E-1 3.25915601E-9
2.200E-1 4.61781633E-9
2.300E-1 6.54769966E-9
2.400E-1 9.29084715E-9
2.500E-1 1.31923806E-8
2.600E-1 1.87445155E-8
2.700E-1 2.66493896E-8
2.800E-1 3.79087559E-8
2.900E-1 5.3952033E-8
3.000E-1 7.68191238E-8
3.100E-1 1.09421438E-7
3.200E-1 1.55914577E-7
3.300E-1 2.22230469E-7
3.400E-1 3.16837171E-7
3.500E-1 4.51823762E-7
3.600E-1 6.44449404E-7
3.700E-1 9.19355147E-7
3.800E-1 1.31172192E-6
3.900E-1 1.87177928E-6
4.000E-1 2.6712422E-6
4.100E-1 3.81249935E-6
4.200E-1 5.44172696E-6
4.300E-1 7.76760119E-6
4.400E-1 1.108799E-5
4.500E-1 1.58280093E-5
