0.000E+0 0
1.000E-2 5.52247765E-14
2.000E-2 1.33795756E-13
3.000E-2 2.45615422E-13
4.000E-2 4.04785835E-13
5.000E-2 6.31389787E-13
6.000E-2 9.54028149E-13
7.000E-2 1.41343534E-12
8.000E-2 2.06763231E-12
9.000E-2 2.99927275E-12
1.000E-1 4.32611964E-12
1.100E-1 6.21598918E-12
1.200E-1 8.90807406E-12
1.300E-1 1.27433744E-11
1.400E-1 1.82081362E-11
1.500E-1 2.59958636E-11
1.600E-1 3.70958565E-11
1.700E-1 5.29196281E-11
1.800E-1 7.54814112E-11
1.900E-1 1.07655911E-10
2.000E-1 1.53546355E-10
2.100E-1 2.19010067E-10
2.200E-1 3.12408964E-10
2.300E-1 4.45681302E-10
2.400E-1 6.35872123E-10
2.500E-1 9.07318878E-10
2.600E-1 1.29477257E-9
2.700E-1 1.84785513E-9
2.800E-1 2.63742485E-9
2.900E-1 3.76466707E-9
3.000E-1 5.37407685E-9
3.100E-1 7.67199957E-9
3.200E-1 1.09531098E-8
3.300E-1 1.56382273E-8
3.400E-1 2.23283226E-8
3.500E-1 3.18816464E-8
3.600E-1 4.55238818E-8
3.700E-1 6.50054585E-8
3.800E-1 9.28262234E-8
3.900E-1 1.325563E-7
4.000E-1 1.8929433E-7
4.100E-1 2.70321905E-7
4.200E-1 3.86038172E-7
4.300E-1 5.51294577E-7
4.400E-1 7.87300963E-7
4.500E-1 1.12434763E-6
