0.000E+0 -0.384256442
1.000E-2 -0.384209898
2.000E-2 -0.38416234
3.000E-2 -0.38411343
4.000E-2 -0.384062752
5.000E-2 -0.384009718
6.000E-2 -0.383953508
7.000E-2 -0.383892967
8.000E-2 -0.383826473
9.000E-2 -0.383751739
1.000E-1 -0.383665544
1.100E-1 -0.383563343
1.200E-1 -0.383438718
1.300E-1 -0.383282594
1.400E-1 -0.383082128
1.500E-1 -0.382819128
1.600E-1 -0.382467798
1.700E-1 -0.381991525
1.800E-1 -0.381338301
1.900E-1 -0.380434202
2.000E-1 -0.379174085
2.100E-1 -0.377408334
2.200E-1 -0.374923972
2.300E-1 -0.371417755
2.400E-1 -0.366457859
2.500E-1 -0.359429371
2.600E-1 -0.349456818
2.700E-1 -0.335294242
2.800E-1 -0.315169579
2.900E-1 -0.286565096
3.000E-1 -0.245909112
3.100E-1 -0.188146163
3.200E-1 -0.106143693
3.300E-1 0.0101149843
