0.000E+0 0
1.000E-2 7.1444481E-13
2.000E-2 1.71198659E-12
3.000E-2 3.10868825E-12
4.000E-2 5.06788445E-12
5.000E-2 7.81932109E-12
6.000E-2 1.16860451E-11
7.000E-2 1.71222255E-11
8.000E-2 2.47664342E-11
9.000E-2 3.55168668E-11
1.000E-1 5.06378029E-11
1.100E-1 7.191071E-11
1.200E-1 1.01849343E-10
1.300E-1 1.44006823E-10
1.400E-1 2.03415152E-10
1.500E-1 2.87215656E-10
1.600E-1 4.05564794E-10
1.700E-1 5.72937183E-10
1.800E-1 8.10001519E-10
1.900E-1 1.14632267E-9
2.000E-1 1.62425508E-9
2.100E-1 2.30455418E-9
2.200E-1 3.27446541E-9
2.300E-1 4.65938736E-9
2.400E-1 6.63969103E-9
2.500E-1 9.47497952E-9
2.600E-1 1.35390847E-8
2.700E-1 1.9370561E-8
2.800E-1 2.77455447E-8
2.900E-1 3.97828976E-8
3.000E-1 5.70959441E-8
3.100E-1 8.20114559E-8
3.200E-1 1.17885676E-7
3.300E-1 1.69560346E-7
3.400E-1 2.4402065E-7
3.500E-1 3.51344241E-7
3.600E-1 5.06069562E-7
3.700E-1 7.2916752E-7
3.800E-1 1.05088003E-6
3.900E-1 1.51480117E-6
4.000E-1 2.18373383E-6
4.100E-1 3.14807081E-6
4.200E-1 4.5377406E-6
4.300E-1 6.53913409E-6
4.400E-1 9.4188855E-6
4.500E-1 1.35568671E-5
