0.000E+0 0
1.000E-2 3.16833311E-13
2.000E-2 7.65020684E-13
3.000E-2 1.39927782E-12
4.000E-2 2.29710892E-12
5.000E-2 3.56829763E-12
6.000E-2 5.36835338E-12
7.000E-2 7.91756397E-12
8.000E-2 1.15279966E-11
9.000E-2 1.66417707E-11
1.000E-1 2.38853183E-11
1.100E-1 3.41463265E-11
1.200E-1 4.86828598E-11
1.300E-1 6.92781403E-11
1.400E-1 9.84600973E-11
1.500E-1 1.39812769E-10
1.600E-1 1.98417897E-10
1.700E-1 2.81480906E-10
1.800E-1 3.99217734E-10
1.900E-1 5.66110061E-10
2.000E-1 8.02679636E-10
2.100E-1 1.13799158E-9
2.200E-1 1.61317648E-9
2.300E-1 2.2863664E-9
2.400E-1 3.23957304E-9
2.500E-1 4.58819339E-9
2.600E-1 6.49398861E-9
2.700E-1 9.18248939E-9
2.800E-1 1.29657098E-8
2.900E-1 1.82705432E-8
3.000E-1 2.56717995E-8
3.100E-1 3.59257521E-8
3.200E-1 4.99942817E-8
3.300E-1 6.90404362E-8
3.400E-1 9.43644449E-8
3.500E-1 1.27240816E-7
3.600E-1 1.68626649E-7
3.700E-1 2.1876007E-7
3.800E-1 2.76764334E-7
3.900E-1 3.40474335E-7
4.000E-1 4.06698739E-7
4.100E-1 4.71937889E-7
4.200E-1 5.33288883E-7
4.300E-1 5.89137361E-7
4.400E-1 6.39392631E-7
4.500E-1 6.85309705E-7
