0.000E+0 0
1.000E-2 6.89543819E-13
2.000E-2 1.6650008E-12
3.000E-2 3.04547947E-12
4.000E-2 4.99970049E-12
5.000E-2 7.76666115E-12
6.000E-2 1.16849125E-11
7.000E-2 1.72340446E-11
8.000E-2 2.50934794E-11
9.000E-2 3.62258105E-11
1.000E-1 5.19949574E-11
1.100E-1 7.43337149E-11
1.200E-1 1.05981383E-10
1.300E-1 1.50820829E-10
1.400E-1 2.14356615E-10
1.500E-1 3.04393171E-10
1.600E-1 4.31996547E-10
1.700E-1 6.12857823E-10
1.800E-1 8.692248E-10
1.900E-1 1.23263645E-9
2.000E-1 1.74778877E-9
2.100E-1 2.47799016E-9
2.200E-1 3.5128394E-9
2.300E-1 4.97899076E-9
2.400E-1 7.05516472E-9
2.500E-1 9.99291276E-9
2.600E-1 1.41450092E-8
2.700E-1 2.00036079E-8
2.800E-1 2.82502009E-8
2.900E-1 3.98184137E-8
3.000E-1 5.59677658E-8
3.100E-1 7.83600874E-8
3.200E-1 1.09118096E-7
3.300E-1 1.50825916E-7
3.400E-1 2.06405879E-7
3.500E-1 2.78787062E-7
3.600E-1 3.70299787E-7
3.700E-1 4.81833984E-7
3.800E-1 6.12010089E-7
3.900E-1 7.56839234E-7
4.000E-1 9.10355455E-7
4.100E-1 1.06628918E-6
4.200E-1 1.22021538E-6
4.300E-1 1.37131548E-6
4.400E-1 1.52324619E-6
4.500E-1 1.68426146E-6
