0.000E+0 -0.23229558
1.000E-2 -0.232282596
2.000E-2 -0.232269537
3.000E-2 -0.2322564
4.000E-2 -0.232243182
5.000E-2 -0.232229879
6.000E-2 -0.232216487
7.000E-2 -0.232203001
8.000E-2 -0.232189413
9.000E-2 -0.232175713
1.000E-1 -0.232161891
1.100E-1 -0.232147929
1.200E-1 -0.232133807
1.300E-1 -0.232119496
1.400E-1 -0.232104956
1.500E-1 -0.232090133
1.600E-1 -0.232074952
1.700E-1 -0.232059304
1.800E-1 -0.232043041
1.900E-1 -0.232025945
2.000E-1 -0.232007707
2.100E-1 -0.231987877
2.200E-1 -0.231965802
2.300E-1 -0.231940526
2.400E-1 -0.231910646
2.500E-1 -0.231874099
2.600E-1 -0.231827844
2.700E-1 -0.231767388
2.800E-1 -0.231686085
2.900E-1 -0.231574089
3.000E-1 -0.231416797
3.100E-1 -0.23119254
3.200E-1 -0.230869132
3.300E-1 -0.23039874
3.400E-1 -0.229710235
3.500E-1 -0.228697817
3.600E-1 -0.227204041
3.700E-1 -0.224994556
3.800E-1 -0.221720437
3.900E-1 -0.216862079
4.000E-1 -0.20964557
4.100E-1 -0.198918078
4.200E-1 -0.182962139
4.300E-1 -0.159218898
4.400E-1 -0.123875716
4.500E-1 -0.0712516661
4.600E-1 0.00711791247
