0.000E+0 -0.152245312
1.000E-2 -0.152230339
2.000E-2 -0.152215277
3.000E-2 -0.152200121
4.000E-2 -0.152184866
5.000E-2 -0.152169504
6.000E-2 -0.152154028
7.000E-2 -0.152138426
8.000E-2 -0.152122682
9.000E-2 -0.152106777
1.000E-1 -0.152090686
1.100E-1 -0.152074372
1.200E-1 -0.152057793
1.300E-1 -0.152040883
1.400E-1 -0.15202356
1.500E-1 -0.152005712
1.600E-1 -0.151987183
1.700E-1 -0.151967764
1.800E-1 -0.151947161
1.900E-1 -0.151924964
2.000E-1 -0.151900594
2.100E-1 -0.151873229
2.200E-1 -0.151841687
2.300E-1 -0.151804266
2.400E-1 -0.151758495
2.500E-1 -0.151700777
2.600E-1 -0.15162585
2.700E-1 -0.151526002
2.800E-1 -0.151389889
2.900E-1 -0.151200796
3.000E-1 -0.150934052
3.100E-1 -0.150553175
3.200E-1 -0.150004165
3.300E-1 -0.14920698
3.400E-1 -0.148042892
3.500E-1 -0.146335641
3.600E-1 -0.143823383
3.700E-1 -0.140116931
3.800E-1 -0.134637551
3.900E-1 -0.126524326
4.000E-1 -0.114496169
4.100E-1 -0.0966462569
4.200E-1 -0.0701358311
4.300E-1 -0.0307380502
4.400E-1 0.0278414307
