0.000E+0 0
1.000E-2 3.96060283E-16
2.000E-2 9.76595213E-16
3.000E-2 1.82857661E-15
4.000E-2 3.07983972E-15
5.000E-2 4.91820017E-15
6.000E-2 7.6194935E-15
7.000E-2 1.15887118E-14
8.000E-2 1.74203872E-14
9.000E-2 2.59873034E-14
1.000E-1 3.85709754E-14
1.100E-1 5.70538504E-14
1.200E-1 8.42029E-14
1.300E-1 1.24088829E-13
1.400E-1 1.82706867E-13
1.500E-1 2.68897592E-13
1.600E-1 3.95714694E-13
1.700E-1 5.82458748E-13
1.800E-1 8.5770354E-13
1.900E-1 1.26380146E-12
2.000E-1 1.86359271E-12
2.100E-1 2.75039791E-12
2.200E-1 4.06290272E-12
2.300E-1 6.00733184E-12
2.400E-1 8.89048482E-12
2.500E-1 1.31689597E-11
2.600E-1 1.95225033E-11
2.700E-1 2.89633216E-11
2.800E-1 4.29989943E-11
2.900E-1 6.38752921E-11
3.000E-1 9.49381083E-11
3.100E-1 1.41172954E-10
3.200E-1 2.10009169E-10
3.300E-1 3.12518759E-10
3.400E-1 4.65203565E-10
3.500E-1 6.92659531E-10
3.600E-1 1.03154861E-9
3.700E-1 1.53652018E-9
3.800E-1 2.28903894E-9
3.900E-1 3.41054613E-9
4.000E-1 5.08208104E-9
4.100E-1 7.57353459E-9
4.200E-1 1.12872628E-8
4.300E-1 1.68231097E-8
4.400E-1 2.50753495E-8
4.500E-1 3.73772157E-8
