0.000E+0 0
1.000E-2 6.44204493E-12
2.000E-2 1.54917709E-11
3.000E-2 2.82180996E-11
4.000E-2 4.61266468E-11
5.000E-2 7.13375339E-11
6.000E-2 1.06835648E-10
7.000E-2 1.56823116E-10
8.000E-2 2.27216229E-10
9.000E-2 3.26346824E-10
1.000E-1 4.65953649E-10
1.100E-1 6.62585655E-10
1.200E-1 9.3959138E-10
1.300E-1 1.32994329E-9
1.400E-1 1.88025241E-9
1.500E-1 2.65648114E-9
1.600E-1 3.75207871E-9
1.700E-1 5.29957365E-9
1.800E-1 7.48709846E-9
1.900E-1 1.05819508E-8
2.000E-1 1.49641935E-8
2.100E-1 2.11745759E-8
2.200E-1 2.99828878E-8
2.300E-1 4.24854669E-8
2.400E-1 6.02443046E-8
2.500E-1 8.54855078E-8
2.600E-1 1.21382458E-7
2.700E-1 1.72459815E-7
2.800E-1 2.45169926E-7
2.900E-1 3.48715137E-7
3.000E-1 4.96220761E-7
3.100E-1 7.06407792E-7
3.200E-1 1.00597744E-6
3.300E-1 1.43300857E-6
3.400E-1 2.04179441E-6
3.500E-1 2.90972065E-6
3.600E-1 4.14703081E-6
3.700E-1 5.91065967E-6
3.800E-1 8.423768E-6
3.900E-1 1.20032082E-5
4.000E-1 1.70979534E-5
4.100E-1 2.43422231E-5
4.200E-1 3.46286266E-5
4.300E-1 4.92068388E-5
4.400E-1 6.98146216E-5
4.500E-1 9.88470742E-5
