0.000E+0 0
1.000E-2 5.38673059E-15
2.000E-2 1.3087052E-14
3.000E-2 2.41121824E-14
4.000E-2 3.99146799E-14
5.000E-2 6.25808648E-14
6.000E-2 9.51072407E-14
7.000E-2 1.41797787E-13
8.000E-2 2.08835377E-13
9.000E-2 3.05104339E-13
1.000E-1 4.43375764E-13
1.100E-1 6.42017443E-13
1.200E-1 9.27463549E-13
1.300E-1 1.33778574E-12
1.400E-1 1.92786229E-12
1.500E-1 2.77686718E-12
1.600E-1 3.999128E-12
1.700E-1 5.75987627E-12
1.800E-1 8.29810289E-12
1.900E-1 1.19597313E-11
2.000E-1 1.7245773E-11
2.100E-1 2.48822395E-11
2.200E-1 3.59216458E-11
2.300E-1 5.18903922E-11
2.400E-1 7.50027691E-11
2.500E-1 1.08471717E-10
2.600E-1 1.56960086E-10
2.700E-1 2.27235931E-10
2.800E-1 3.29124009E-10
2.900E-1 4.76887288E-10
3.000E-1 6.91232377E-10
3.100E-1 1.00221991E-9
3.200E-1 1.45348642E-9
3.300E-1 2.10836476E-9
3.400E-1 3.05874862E-9
3.500E-1 4.43791363E-9
3.600E-1 6.43902341E-9
3.700E-1 9.34176215E-9
3.800E-1 1.35504949E-8
3.900E-1 1.96485938E-8
4.000E-1 2.84750391E-8
4.100E-1 4.1230886E-8
4.200E-1 5.96240174E-8
4.300E-1 8.60592686E-8
4.400E-1 1.2387433E-7
4.500E-1 1.77603983E-7
