0.000E+0 -0.301729954
1.000E-2 -0.301721327
2.000E-2 -0.301712655
3.000E-2 -0.301703935
4.000E-2 -0.301695164
5.000E-2 -0.301686341
6.000E-2 -0.30167746
7.000E-2 -0.301668516
8.000E-2 -0.301659502
9.000E-2 -0.301650408
1.000E-1 -0.301641219
1.100E-1 -0.301631917
1.200E-1 -0.301622475
1.300E-1 -0.301612853
1.400E-1 -0.301602996
1.500E-1 -0.301592825
1.600E-1 -0.301582227
1.700E-1 -0.301571036
1.800E-1 -0.301559013
1.900E-1 -0.301545812
2.000E-1 -0.301530925
2.100E-1 -0.301513613
2.200E-1 -0.301492796
2.300E-1 -0.30146689
2.400E-1 -0.301433577
2.500E-1 -0.301389456
2.600E-1 -0.301329538
2.700E-1 -0.301246498
2.800E-1 -0.301129582
2.900E-1 -0.300962993
3.000E-1 -0.300723517
3.100E-1 -0.300377046
3.200E-1 -0.299873441
3.300E-1 -0.299138999
3.400E-1 -0.298065359
3.500E-1 -0.296493189
3.600E-1 -0.294188195
3.700E-1 -0.290805826
3.800E-1 -0.28583936
3.900E-1 -0.278543541
4.000E-1 -0.267822249
4.100E-1 -0.252063275
4.200E-1 -0.228895286
4.300E-1 -0.194830352
4.400E-1 -0.144738192
4.500E-1 -0.0710729743
4.600E-1 0.0372636108
