0.000E+0 0
1.000E-2 2.14723802E-13
2.000E-2 5.15773484E-13
3.000E-2 9.38562979E-13
4.000E-2 1.53283153E-12
5.000E-2 2.36834398E-12
6.000E-2 3.54284116E-12
7.000E-2 5.19314257E-12
8.000E-2 7.51068558E-12
9.000E-2 1.07633427E-11
1.000E-1 1.53261749E-11
1.100E-1 2.17249793E-11
1.200E-1 3.06982443E-11
1.300E-1 4.3285698E-11
1.400E-1 6.09547983E-11
1.500E-1 8.57853258E-11
1.600E-1 1.20731778E-10
1.700E-1 1.70004606E-10
1.800E-1 2.39623581E-10
1.900E-1 3.38215644E-10
2.000E-1 4.78172425E-10
2.100E-1 6.77326493E-10
2.200E-1 9.61380787E-10
2.300E-1 1.36743004E-9
2.400E-1 1.94906692E-9
2.500E-1 2.783788E-9
2.600E-1 3.98373811E-9
2.700E-1 5.71130128E-9
2.800E-1 8.20172906E-9
2.900E-1 1.17959876E-8
3.000E-1 1.69884454E-8
3.100E-1 2.44961134E-8
3.200E-1 3.53591904E-8
3.300E-1 5.10870752E-8
3.400E-1 7.38704251E-8
3.500E-1 1.06889146E-7
3.600E-1 1.54759744E-7
3.700E-1 2.24185098E-7
3.800E-1 3.24898308E-7
3.900E-1 4.7103369E-7
4.000E-1 6.8311828E-7
4.100E-1 9.90964642E-7
4.200E-1 1.4378728E-6
4.300E-1 2.08673351E-6
4.400E-1 3.02889244E-6
4.500E-1 4.39702305E-6
