0.000E+0 0
1.000E-2 6.51556228E-14
2.000E-2 1.57366019E-13
3.000E-2 2.879043E-13
4.000E-2 4.72740349E-13
5.000E-2 7.34497742E-13
6.000E-2 1.10522677E-12
7.000E-2 1.63033469E-12
8.000E-2 2.37415736E-12
9.000E-2 3.42785976E-12
1.000E-1 4.92064185E-12
1.100E-1 7.03563675E-12
1.200E-1 1.00324717E-11
1.300E-1 1.42792911E-11
1.400E-1 2.02982184E-11
1.500E-1 2.88299055E-11
1.600E-1 4.09251932E-11
1.700E-1 5.80752772E-11
1.800E-1 8.23965662E-11
1.900E-1 1.16893217E-10
2.000E-1 1.65829996E-10
2.100E-1 2.35261838E-10
2.200E-1 3.3378597E-10
2.300E-1 4.73610157E-10
2.400E-1 6.72069954E-10
2.500E-1 9.53783738E-10
2.600E-1 1.35371364E-9
2.700E-1 1.92151322E-9
2.800E-1 2.72770293E-9
2.900E-1 3.87244176E-9
3.000E-1 5.49798667E-9
3.100E-1 7.80639024E-9
3.200E-1 1.1084639E-8
3.300E-1 1.57403611E-8
3.400E-1 2.23525457E-8
3.500E-1 3.17435884E-8
3.600E-1 4.50816249E-8
3.700E-1 6.40258883E-8
3.800E-1 9.09331758E-8
3.900E-1 1.29151108E-7
4.000E-1 1.83434658E-7
4.100E-1 2.60537744E-7
4.200E-1 3.70053423E-7
4.300E-1 5.25607046E-7
4.400E-1 7.46550551E-7
4.500E-1 1.06036797E-6
