0.000E+0 0
1.000E-2 5.1292518E-12
2.000E-2 1.22557462E-11
3.000E-2 2.21712843E-11
4.000E-2 3.59803795E-11
5.000E-2 5.52233563E-11
6.000E-2 8.20480614E-11
7.000E-2 1.19449672E-10
8.000E-2 1.71606105E-10
9.000E-2 2.44347959E-10
1.000E-1 3.45818227E-10
1.100E-1 4.87400236E-10
1.200E-1 6.85025349E-10
1.300E-1 9.6101901E-10
1.400E-1 1.34671047E-9
1.500E-1 1.88612621E-9
1.600E-1 2.64122142E-9
1.700E-1 3.69929379E-9
1.800E-1 5.18349421E-9
1.900E-1 7.26773097E-9
2.000E-1 1.01978078E-8
2.100E-1 1.43214077E-8
2.200E-1 2.01306287E-8
2.300E-1 2.83223349E-8
2.400E-1 3.9883795E-8
2.500E-1 5.62142164E-8
2.600E-1 7.9297239E-8
2.700E-1 1.11945779E-7
2.800E-1 1.5814959E-7
2.900E-1 2.23568668E-7
3.000E-1 3.16233712E-7
3.100E-1 4.47540565E-7
3.200E-1 6.33661991E-7
3.300E-1 8.9755189E-7
3.400E-1 1.27179034E-6
3.500E-1 1.80262177E-6
3.600E-1 2.55568564E-6
3.700E-1 3.62414673E-6
3.800E-1 5.14022546E-6
3.900E-1 7.29154092E-6
4.000E-1 1.03442565E-5
4.100E-1 1.46758219E-5
4.200E-1 2.08212147E-5
4.300E-1 2.95380923E-5
4.400E-1 4.18982822E-5
4.500E-1 5.94156435E-5
