0.000E+0 0
1.000E-2 2.29464727E-14
2.000E-2 5.61739288E-14
3.000E-2 1.04350183E-13
4.000E-2 1.74247238E-13
5.000E-2 2.75681227E-13
6.000E-2 4.22869345E-13
7.000E-2 6.36388934E-13
8.000E-2 9.46007335E-13
9.000E-2 1.39477378E-12
1.000E-1 2.04494544E-12
1.100E-1 2.98658771E-12
1.200E-1 4.3500871E-12
1.300E-1 6.32440765E-12
1.400E-1 9.18380337E-12
1.500E-1 1.33270084E-11
1.600E-1 1.93348673E-11
1.700E-1 2.80552385E-11
1.800E-1 4.07282433E-11
1.900E-1 5.91711979E-11
2.000E-1 8.60518152E-11
2.100E-1 1.25291948E-10
2.200E-1 1.82664384E-10
2.300E-1 2.66675171E-10
2.400E-1 3.89868309E-10
2.500E-1 5.70755341E-10
2.600E-1 8.36669616E-10
2.700E-1 1.22798901E-9
2.800E-1 1.804384E-9
2.900E-1 2.65406369E-9
3.000E-1 3.90745954E-9
3.100E-1 5.75747844E-9
3.200E-1 8.48948094E-9
3.300E-1 1.25256568E-8
3.400E-1 1.84907154E-8
3.500E-1 2.73091306E-8
3.600E-1 4.0349102E-8
3.700E-1 5.96356714E-8
3.800E-1 8.81662124E-8
3.900E-1 1.30377445E-7
4.000E-1 1.92836697E-7
4.100E-1 2.85264964E-7
4.200E-1 4.2205071E-7
4.300E-1 6.24489183E-7
4.400E-1 9.2409347E-7
4.500E-1 1.36748714E-6
