0.000E+0 0
1.000E-2 1.60552606E-13
2.000E-2 3.86397775E-13
3.000E-2 7.0459578E-13
4.000E-2 1.15321862E-12
5.000E-2 1.78609474E-12
6.000E-2 2.67875078E-12
7.000E-2 3.9374473E-12
8.000E-2 5.71155824E-12
9.000E-2 8.21110611E-12
1.000E-1 1.17315952E-11
1.100E-1 1.66893183E-11
1.200E-1 2.36709544E-11
1.300E-1 3.35086543E-11
1.400E-1 4.73792319E-11
1.500E-1 6.69586019E-11
1.600E-1 9.46354352E-11
1.700E-1 1.33823841E-10
1.800E-1 1.89418432E-10
1.900E-1 2.6844921E-10
2.000E-1 3.81033234E-10
2.100E-1 5.41753127E-10
2.200E-1 7.71656195E-10
2.300E-1 1.10115283E-9
2.400E-1 1.57422111E-9
2.500E-1 2.25450696E-9
2.600E-1 3.23417645E-9
2.700E-1 4.64676434E-9
2.800E-1 6.68582541E-9
2.900E-1 9.63201368E-9
3.000E-1 1.38924015E-8
3.100E-1 2.00575771E-8
3.200E-1 2.89845643E-8
3.300E-1 4.19172531E-8
3.400E-1 6.06613165E-8
3.500E-1 8.78382781E-8
3.600E-1 1.2725456E-7
3.700E-1 1.84437561E-7
3.800E-1 2.67414374E-7
3.900E-1 3.87842984E-7
4.000E-1 5.62655489E-7
4.100E-1 8.16445077E-7
4.200E-1 1.18493329E-6
4.300E-1 1.72000623E-6
4.400E-1 2.49702909E-6
4.500E-1 3.62546825E-6
