0.000E+0 0
1.000E-2 2.60459676E-12
2.000E-2 6.24383464E-12
3.000E-2 1.13329564E-11
4.000E-2 1.84537343E-11
5.000E-2 2.84212538E-11
6.000E-2 4.23775677E-11
7.000E-2 6.19231185E-11
8.000E-2 8.93013025E-11
9.000E-2 1.2765788E-10
1.000E-1 1.81405897E-10
1.100E-1 2.56739467E-10
1.200E-1 3.62357682E-10
1.300E-1 5.10485265E-10
1.400E-1 7.18312348E-10
1.500E-1 1.01002629E-9
1.600E-1 1.41967977E-9
1.700E-1 1.99524005E-9
1.800E-1 2.80430665E-9
1.900E-1 3.94218527E-9
2.000E-1 5.54329002E-9
2.100E-1 7.79724636E-9
2.200E-1 1.09716348E-8
2.300E-1 1.54441141E-8
2.400E-1 2.17477957E-8
2.500E-1 3.0635338E-8
2.600E-1 4.31694875E-8
2.700E-1 6.08509825E-8
2.800E-1 8.57992454E-8
2.900E-1 1.21007652E-7
3.000E-1 1.70704171E-7
3.100E-1 2.40860863E-7
3.200E-1 3.39913703E-7
3.300E-1 4.79779532E-7
3.400E-1 6.77292768E-7
3.500E-1 9.5623511E-7
3.600E-1 1.35020286E-6
3.700E-1 1.90665726E-6
3.800E-1 2.69264553E-6
3.900E-1 3.80288053E-6
4.000E-1 5.37114947E-6
4.100E-1 7.58641894E-6
4.200E-1 1.0715561E-5
4.300E-1 1.51354048E-5
4.400E-1 2.13779071E-5
4.500E-1 3.01937416E-5
