0.000E+0 -0.563638862
1.000E-2 -0.563631977
2.000E-2 -0.563625053
3.000E-2 -0.563618082
4.000E-2 -0.563611064
5.000E-2 -0.563603998
6.000E-2 -0.563596881
7.000E-2 -0.563589712
8.000E-2 -0.56358249
9.000E-2 -0.56357521
1.000E-1 -0.56356787
1.100E-1 -0.563560464
1.200E-1 -0.563552987
1.300E-1 -0.563545429
1.400E-1 -0.563537777
1.500E-1 -0.563530016
1.600E-1 -0.563522118
1.700E-1 -0.563514048
1.800E-1 -0.563505752
1.900E-1 -0.563497153
2.000E-1 -0.563488138
2.100E-1 -0.563478538
2.200E-1 -0.563468107
2.300E-1 -0.563456476
2.400E-1 -0.563443103
2.500E-1 -0.563427181
2.600E-1 -0.563407511
2.700E-1 -0.563382311
2.800E-1 -0.563348931
2.900E-1 -0.563303428
3.000E-1 -0.563239931
3.100E-1 -0.563149697
3.200E-1 -0.563019709
3.300E-1 -0.562830573
3.400E-1 -0.562553397
3.500E-1 -0.562145134
3.600E-1 -0.561541636
3.700E-1 -0.560647311
3.800E-1 -0.559319696
3.900E-1 -0.557346474
4.000E-1 -0.55441122
4.100E-1 -0.550042353
4.200E-1 -0.543537106
4.300E-1 -0.533848286
4.400E-1 -0.519415731
4.500E-1 -0.497915641
4.600E-1 -0.465888189
4.700E-1 -0.418185272
4.800E-1 -0.347153626
4.900E-1 -0.241431114
5.000E-1 -0.084182949
5.100E-1 0.149460899
