0.000E+0 -0.172327286
1.000E-2 -0.172306147
2.000E-2 -0.172284916
3.000E-2 -0.172263521
4.000E-2 -0.172241951
5.000E-2 -0.17222018
6.000E-2 -0.172198222
7.000E-2 -0.172175958
8.000E-2 -0.172153441
9.000E-2 -0.172130565
1.000E-1 -0.172107257
1.100E-1 -0.172083432
1.200E-1 -0.172058938
1.300E-1 -0.172033567
1.400E-1 -0.172007116
1.500E-1 -0.171979191
1.600E-1 -0.171949341
1.700E-1 -0.171916903
1.800E-1 -0.171880984
1.900E-1 -0.171840306
2.000E-1 -0.171793102
2.100E-1 -0.171736833
2.200E-1 -0.171667884
2.300E-1 -0.171581046
2.400E-1 -0.171468842
2.500E-1 -0.171320393
2.600E-1 -0.171119868
2.700E-1 -0.170844262
2.800E-1 -0.170459875
2.900E-1 -0.169917415
3.000E-1 -0.169144597
3.100E-1 -0.168035172
3.200E-1 -0.166432943
3.300E-1 -0.164108013
3.400E-1 -0.160721613
3.500E-1 -0.155774276
3.600E-1 -0.148529174
3.700E-1 -0.137898668
3.800E-1 -0.122276823
3.900E-1 -0.0992915605
4.000E-1 -0.0654384538
4.100E-1 -0.0155395864
4.200E-1 0.0580555314
