0.000E+0 -0.633453575
1.000E-2 -0.633446391
2.000E-2 -0.63343892
3.000E-2 -0.633431046
4.000E-2 -0.63342263
5.000E-2 -0.633413467
6.000E-2 -0.633403276
7.000E-2 -0.633391661
8.000E-2 -0.633378069
9.000E-2 -0.633361718
1.000E-1 -0.633341518
1.100E-1 -0.633315939
1.200E-1 -0.633282827
1.300E-1 -0.633239163
1.400E-1 -0.63318071
1.500E-1 -0.63310151
1.600E-1 -0.632993202
1.700E-1 -0.632844036
1.800E-1 -0.632637504
1.900E-1 -0.632350409
2.000E-1 -0.631950158
2.100E-1 -0.631390942
2.200E-1 -0.630608383
2.300E-1 -0.629511999
2.400E-1 -0.627974615
2.500E-1 -0.625817478
2.600E-1 -0.622789336
2.700E-1 -0.618537026
2.800E-1 -0.612564137
2.900E-1 -0.604172909
3.000E-1 -0.592382586
3.100E-1 -0.575814671
3.200E-1 -0.552531726
3.300E-1 -0.519810946
3.400E-1 -0.473826216
3.500E-1 -0.4092019
3.600E-1 -0.318387014
3.700E-1 -0.190778361
3.800E-1 -0.0114935111
3.900E-1 0.240342898
