0.000E+0 -0.2788924
1.000E-2 -0.278863115
2.000E-2 -0.278831835
3.000E-2 -0.278797802
4.000E-2 -0.278760011
5.000E-2 -0.278717124
6.000E-2 -0.278667255
7.000E-2 -0.278607809
8.000E-2 -0.278535209
9.000E-2 -0.278444531
1.000E-1 -0.278328944
1.100E-1 -0.278179011
1.200E-1 -0.277981633
1.300E-1 -0.277718674
1.400E-1 -0.277364908
1.500E-1 -0.276885263
1.600E-1 -0.276230876
1.700E-1 -0.275333598
1.800E-1 -0.274098275
1.900E-1 -0.272391933
2.000E-1 -0.270028573
2.100E-1 -0.266747826
2.200E-1 -0.262185046
2.300E-1 -0.255829273
2.400E-1 -0.246964215
2.500E-1 -0.234585457
2.600E-1 -0.217284173
2.700E-1 -0.193083927
2.800E-1 -0.159211689
2.900E-1 -0.111776564
3.000E-1 -0.045319422
3.100E-1 0.047818054
