0.000E+0 0
1.000E-2 4.84690184E-15
2.000E-2 1.19345886E-14
3.000E-2 2.23120217E-14
4.000E-2 3.75185488E-14
5.000E-2 5.98128284E-14
6.000E-2 9.25085812E-14
7.000E-2 1.4046712E-13
8.000E-2 2.10820108E-13
9.000E-2 3.14030692E-13
1.000E-1 4.6545243E-13
1.100E-1 6.87621358E-13
1.200E-1 1.01362904E-12
1.300E-1 1.49209123E-12
1.400E-1 2.19447422E-12
1.500E-1 3.22590723E-12
1.600E-1 4.74115257E-12
1.700E-1 6.96820854E-12
1.800E-1 1.02432095E-11
1.900E-1 1.50620458E-11
2.000E-1 2.21567285E-11
2.100E-1 3.26083723E-11
2.200E-1 4.80143619E-11
2.300E-1 7.07356911E-11
2.400E-1 1.04262908E-10
2.500E-1 1.53757497E-10
2.600E-1 2.26852671E-10
2.700E-1 3.34837527E-10
2.800E-1 4.94407329E-10
2.900E-1 7.30248725E-10
3.000E-1 1.07885415E-9
3.100E-1 1.59414071E-9
3.200E-1 2.3557074E-9
3.300E-1 3.48092517E-9
3.400E-1 5.14254327E-9
3.500E-1 7.59411848E-9
3.600E-1 1.12062866E-8
3.700E-1 1.6517509E-8
3.800E-1 2.43029383E-8
3.900E-1 3.56633E-8
4.000E-1 5.21298707E-8
4.100E-1 7.57677291E-8
4.200E-1 1.09232122E-7
4.300E-1 1.55689259E-7
4.400E-1 2.1846553E-7
4.500E-1 3.00288998E-7
