0.000E+0 -0.520986867
1.000E-2 -0.520982376
2.000E-2 -0.520977861
3.000E-2 -0.52097332
4.000E-2 -0.520968751
5.000E-2 -0.520964152
6.000E-2 -0.520959522
7.000E-2 -0.520954858
8.000E-2 -0.520950155
9.000E-2 -0.52094541
1.000E-1 -0.520940615
1.100E-1 -0.520935759
1.200E-1 -0.52093083
1.300E-1 -0.520925807
1.400E-1 -0.520920662
1.500E-1 -0.520915354
1.600E-1 -0.520909823
1.700E-1 -0.520903983
1.800E-1 -0.520897708
1.900E-1 -0.520890816
2.000E-1 -0.520883039
2.100E-1 -0.520873984
2.200E-1 -0.52086308
2.300E-1 -0.520849483
2.400E-1 -0.520831961
2.500E-1 -0.520808703
2.600E-1 -0.520777047
2.700E-1 -0.520733086
2.800E-1 -0.52067108
2.900E-1 -0.520582591
3.000E-1 -0.520455217
3.100E-1 -0.520270724
3.200E-1 -0.520002307
3.300E-1 -0.519610546
3.400E-1 -0.519037477
3.500E-1 -0.518197854
3.600E-1 -0.516966305
3.700E-1 -0.515158437
3.800E-1 -0.512503039
3.900E-1 -0.508601197
4.000E-1 -0.502866158
4.100E-1 -0.494434871
4.200E-1 -0.482037887
4.300E-1 -0.46380804
4.400E-1 -0.436999124
4.500E-1 -0.39757233
4.600E-1 -0.339588496
4.700E-1 -0.254315403
4.800E-1 -0.128917492
4.900E-1 0.0554653045
