0.000E+0 0
1.000E-2 2.01649773E-14
2.000E-2 4.81347568E-14
3.000E-2 8.70843495E-14
4.000E-2 1.41424981E-13
5.000E-2 2.17254613E-13
6.000E-2 3.22957666E-13
7.000E-2 4.6999746E-13
8.000E-2 6.73956681E-13
9.000E-2 9.55897617E-13
1.000E-1 1.34413843E-12
1.100E-1 1.87658017E-12
1.200E-1 2.6037811E-12
1.300E-1 3.59307313E-12
1.400E-1 4.93416937E-12
1.500E-1 6.74694515E-12
1.600E-1 9.1924203E-12
1.700E-1 1.24884722E-11
1.800E-1 1.69325315E-11
1.900E-1 2.29345592E-11
2.000E-1 3.10651296E-11
2.100E-1 4.21256985E-11
2.200E-1 5.72514808E-11
2.300E-1 7.80623455E-11
2.400E-1 1.0688456E-10
2.500E-1 1.47077274E-10
2.600E-1 2.03514099E-10
2.700E-1 2.83294603E-10
2.800E-1 3.96797032E-10
2.900E-1 5.59237765E-10
3.000E-1 7.92983817E-10
3.100E-1 1.13098497E-9
3.200E-1 1.62187124E-9
3.300E-1 2.33752838E-9
3.400E-1 3.38436148E-9
3.500E-1 4.92004959E-9
3.600E-1 7.17847672E-9
3.700E-1 1.05068403E-8
3.800E-1 1.54208993E-8
3.900E-1 2.26872449E-8
4.000E-1 3.34458327E-8
4.100E-1 4.93925049E-8
4.200E-1 7.30508997E-8
4.300E-1 1.08177563E-7
4.400E-1 1.60365538E-7
4.500E-1 2.37943711E-7
