0.000E+0 0
1.000E-2 2.30459046E-13
2.000E-2 5.58389106E-13
3.000E-2 1.02518728E-12
4.000E-2 1.68983003E-12
5.000E-2 2.63633803E-12
6.000E-2 3.98441255E-12
7.000E-2 5.90459243E-12
8.000E-2 8.63985643E-12
9.000E-2 1.25364169E-11
1.000E-1 1.80876241E-11
1.100E-1 2.59965742E-11
1.200E-1 3.72654058E-11
1.300E-1 5.33226806E-11
1.400E-1 7.62051071E-11
1.500E-1 1.088168E-10
1.600E-1 1.55299136E-10
1.700E-1 2.21558291E-10
1.800E-1 3.16017459E-10
1.900E-1 4.50688912E-10
2.000E-1 6.42700776E-10
2.100E-1 9.16469072E-10
2.200E-1 1.30678295E-9
2.300E-1 1.86317725E-9
2.400E-1 2.65610967E-9
2.500E-1 3.78564659E-9
2.600E-1 5.39359422E-9
2.700E-1 7.68027446E-9
2.800E-1 1.09273868E-8
2.900E-1 1.55284854E-8
3.000E-1 2.20282482E-8
3.100E-1 3.11703631E-8
3.200E-1 4.39505241E-8
3.300E-1 6.16642616E-8
3.400E-1 8.59275644E-8
3.500E-1 1.18631443E-7
3.600E-1 1.6177525E-7
3.700E-1 2.17125121E-7
3.800E-1 2.85694964E-7
3.900E-1 3.67174944E-7
4.000E-1 4.59601934E-7
4.100E-1 5.59631747E-7
4.200E-1 6.63561374E-7
4.300E-1 7.68814542E-7
4.400E-1 8.75314707E-7
4.500E-1 9.86330399E-7
