0.000E+0 0
1.000E-2 5.25448833E-12
2.000E-2 1.2720285E-11
3.000E-2 2.3333436E-11
4.000E-2 3.84261213E-11
5.000E-2 5.98942859E-11
6.000E-2 9.04362556E-11
7.000E-2 1.33892453E-10
8.000E-2 1.95729159E-10
9.000E-2 2.83727563E-10
1.000E-1 4.08965512E-10
1.100E-1 5.87216667E-10
1.200E-1 8.40945148E-10
1.300E-1 1.20214981E-9
1.400E-1 1.71642091E-9
1.500E-1 2.44872686E-9
1.600E-1 3.49166922E-9
1.700E-1 4.97725872E-9
1.800E-1 7.0937114E-9
1.900E-1 1.01093991E-8
2.000E-1 1.44069869E-8
2.100E-1 2.05320601E-8
2.200E-1 2.92623265E-8
2.300E-1 4.17059694E-8
2.400E-1 5.94411604E-8
2.500E-1 8.47134101E-8
2.600E-1 1.20713612E-7
2.700E-1 1.71967499E-7
2.800E-1 2.44876517E-7
2.900E-1 3.48459616E-7
3.000E-1 4.9535158E-7
3.100E-1 7.03108279E-7
3.200E-1 9.95835851E-7
3.300E-1 1.40606786E-6
3.400E-1 1.97660861E-6
3.500E-1 2.76166507E-6
3.600E-1 3.82592833E-6
3.700E-1 5.23935916E-6
3.800E-1 7.06467427E-6
3.900E-1 9.3350058E-6
4.000E-1 1.20240272E-5
4.100E-1 1.50212551E-5
4.200E-1 1.81377731E-5
4.300E-1 2.11597296E-5
4.400E-1 2.39268024E-5
4.500E-1 2.63820315E-5
