0.000E+0 0
1.000E-2 1.82858352E-11
2.000E-2 4.41369979E-11
3.000E-2 8.07188468E-11
4.000E-2 1.32520132E-10
5.000E-2 2.05906034E-10
6.000E-2 3.09902589E-10
7.000E-2 4.57309647E-10
8.000E-2 6.66280713E-10
9.000E-2 9.62566642E-10
1.000E-1 1.38270404E-9
1.100E-1 1.978549E-9
1.200E-1 2.82372786E-9
1.300E-1 4.02282103E-9
1.400E-1 5.72444445E-9
1.500E-1 8.13989072E-9
1.600E-1 1.15697001E-8
1.700E-1 1.64415408E-8
1.800E-1 2.33642135E-8
1.900E-1 3.32046356E-8
2.000E-1 4.7197556E-8
2.100E-1 6.71018543E-8
2.200E-1 9.54230637E-8
2.300E-1 1.35729889E-7
2.400E-1 1.93103828E-7
2.500E-1 2.74776644E-7
2.600E-1 3.910317E-7
2.700E-1 5.56473305E-7
2.800E-1 7.91804228E-7
2.900E-1 1.1262945E-6
3.000E-1 1.60117014E-6
3.100E-1 2.27418592E-6
3.200E-1 3.22564385E-6
3.300E-1 4.56605489E-6
3.400E-1 6.44523609E-6
3.500E-1 9.06246325E-6
3.600E-1 1.26759058E-5
3.700E-1 1.76089164E-5
3.800E-1 2.42495618E-5
3.900E-1 3.30397386E-5
4.000E-1 4.44508667E-5
4.100E-1 5.89415669E-5
4.200E-1 7.68793545E-5
4.300E-1 9.83645922E-5
4.400E-1 0.000122818131
4.500E-1 0.000148320654
