0.000E+0 0
1.000E-2 1.83345658E-12
2.000E-2 4.3985171E-12
3.000E-2 7.99094322E-12
4.000E-2 1.30258497E-11
5.000E-2 2.00858201E-11
6.000E-2 2.9988487E-11
7.000E-2 4.38815319E-11
8.000E-2 6.3376373E-11
9.000E-2 9.07365157E-11
1.000E-1 1.2914325E-10
1.100E-1 1.8307093E-10
1.200E-1 2.58817637E-10
1.300E-1 3.65256349E-10
1.400E-1 5.14899118E-10
1.500E-1 7.25405637E-10
1.600E-1 1.02172275E-9
1.700E-1 1.43911966E-9
1.800E-1 2.02749468E-9
1.900E-1 2.85748698E-9
2.000E-1 4.02915055E-9
2.100E-1 5.68426563E-9
2.200E-1 8.02381433E-9
2.300E-1 1.13327883E-8
2.400E-1 1.60154072E-8
2.500E-1 2.26451216E-8
2.600E-1 3.20356075E-8
2.700E-1 4.53415761E-8
2.800E-1 6.4201919E-8
2.900E-1 9.0942983E-8
3.000E-1 1.28867235E-7
3.100E-1 1.826632E-7
3.200E-1 2.58987622E-7
3.300E-1 3.67292219E-7
3.400E-1 5.2099778E-7
3.500E-1 7.39161503E-7
3.600E-1 1.04884472E-6
3.700E-1 1.48847501E-6
3.800E-1 2.1126199E-6
3.900E-1 2.99876409E-6
4.000E-1 4.25692899E-6
4.100E-1 6.04332343E-6
4.200E-1 8.57970717E-6
4.300E-1 1.21808433E-5
4.400E-1 1.72933885E-5
4.500E-1 2.4550926E-5
