0.000E+0 0
1.000E-2 4.86554593E-15
2.000E-2 1.18499459E-14
3.000E-2 2.18937505E-14
4.000E-2 3.63543014E-14
5.000E-2 5.71901801E-14
6.000E-2 8.72273727E-14
7.000E-2 1.3054357E-13
8.000E-2 1.9302345E-13
9.000E-2 2.83161808E-13
1.000E-1 4.13226472E-13
1.100E-1 6.0094437E-13
1.200E-1 8.71949418E-13
1.300E-1 1.26334121E-12
1.400E-1 1.82886495E-12
1.500E-1 2.64645933E-12
1.600E-1 3.82926403E-12
1.700E-1 5.54168251E-12
1.800E-1 8.02283179E-12
1.900E-1 1.16207852E-11
2.000E-1 1.68425842E-11
2.100E-1 2.44272895E-11
2.200E-1 3.54526939E-11
2.300E-1 5.14912217E-11
2.400E-1 7.48377021E-11
2.500E-1 1.08842179E-10
2.600E-1 1.58396221E-10
2.700E-1 2.3064358E-10
2.800E-1 3.36018721E-10
2.900E-1 4.89764548E-10
3.000E-1 7.14150446E-10
3.100E-1 1.04171373E-9
3.200E-1 1.51999653E-9
3.300E-1 2.21846737E-9
3.400E-1 3.23863392E-9
3.500E-1 4.72881477E-9
3.600E-1 6.90571026E-9
3.700E-1 1.00858866E-8
3.800E-1 1.47316971E-8
3.900E-1 2.15181923E-8
4.000E-1 3.14304634E-8
4.100E-1 4.59049466E-8
4.200E-1 6.70338688E-8
4.300E-1 9.78596148E-8
4.400E-1 1.42795527E-7
4.500E-1 2.08221003E-7
