0.000E+0 0
1.000E-2 1.55144789E-13
2.000E-2 3.73178818E-13
3.000E-2 6.80545819E-13
4.000E-2 1.11469879E-12
5.000E-2 1.72863425E-12
6.000E-2 2.59728326E-12
7.000E-2 3.82652596E-12
8.000E-2 5.56592451E-12
9.000E-2 8.02674626E-12
1.000E-1 1.15075483E-11
1.100E-1 1.64306217E-11
1.200E-1 2.33941063E-11
1.300E-1 3.32468162E-11
1.400E-1 4.71960805E-11
1.500E-1 6.69636974E-11
1.600E-1 9.5012075E-11
1.700E-1 1.34872814E-10
1.800E-1 1.9162479E-10
1.900E-1 2.72590375E-10
2.000E-1 3.88349884E-10
2.100E-1 5.54220248E-10
2.200E-1 7.92411011E-10
2.300E-1 1.13516873E-9
2.400E-1 1.62936418E-9
2.500E-1 2.34318605E-9
2.600E-1 3.37591089E-9
2.700E-1 4.87216604E-9
2.800E-1 7.04275563E-9
2.900E-1 1.01950744E-8
3.000E-1 1.47775289E-8
3.100E-1 2.14444229E-8
3.200E-1 3.1150742E-8
3.300E-1 4.52906181E-8
3.400E-1 6.58996025E-8
3.500E-1 9.59501385E-8
3.600E-1 1.39783128E-7
3.700E-1 2.03738153E-7
3.800E-1 2.97073522E-7
3.900E-1 4.33308768E-7
4.000E-1 6.32182207E-7
4.100E-1 9.22502328E-7
4.200E-1 1.34629467E-6
4.300E-1 1.96481901E-6
4.400E-1 2.86727113E-6
4.500E-1 4.18330485E-6
