0.000E+0 0
1.000E-2 3.601276E-15
2.000E-2 8.79909589E-15
3.000E-2 1.63098329E-14
4.000E-2 2.71697486E-14
5.000E-2 4.28769993E-14
6.000E-2 6.55964942E-14
7.000E-2 9.84555359E-14
8.000E-2 1.45970786E-13
9.000E-2 2.1466557E-13
1.000E-1 3.13963694E-13
1.100E-1 4.57485969E-13
1.200E-1 6.64934705E-13
1.300E-1 9.64838664E-13
1.400E-1 1.39855964E-12
1.500E-1 2.02615146E-12
1.600E-1 2.93494112E-12
1.700E-1 4.25211157E-12
1.800E-1 6.16316756E-12
1.900E-1 8.93904953E-12
2.000E-1 1.29759588E-11
2.100E-1 1.88538656E-11
2.200E-1 2.74224772E-11
2.300E-1 3.9927572E-11
2.400E-1 5.81966762E-11
2.500E-1 8.49119924E-11
2.600E-1 1.2401163E-10
2.700E-1 1.81279511E-10
2.800E-1 2.6521277E-10
2.900E-1 3.88297267E-10
3.000E-1 5.68883381E-10
3.100E-1 8.33944739E-10
3.200E-1 1.22313569E-9
3.300E-1 1.79475913E-9
3.400E-1 2.63454451E-9
3.500E-1 3.86855952E-9
3.600E-1 5.68220239E-9
3.700E-1 8.34813892E-9
3.800E-1 1.22673968E-8
3.900E-1 1.80298132E-8
4.000E-1 2.65029496E-8
4.100E-1 3.89628724E-8
4.200E-1 5.72865045E-8
4.300E-1 8.42345058E-8
4.400E-1 1.23867231E-7
4.500E-1 1.82156251E-7
