0.000E+0 0
1.000E-2 1.80622557E-13
2.000E-2 4.31398701E-13
3.000E-2 7.80675361E-13
4.000E-2 1.2681567E-12
5.000E-2 1.94942122E-12
6.000E-2 2.90223721E-12
7.000E-2 4.2354062E-12
8.000E-2 6.1011735E-12
9.000E-2 8.7126927E-12
1.000E-1 1.23686828E-11
1.100E-1 1.74883636E-11
1.200E-1 2.46611304E-11
1.300E-1 3.4717426E-11
1.400E-1 4.88301495E-11
1.500E-1 6.86601025E-11
1.600E-1 9.65649574E-11
1.700E-1 1.35899851E-10
1.800E-1 1.91450108E-10
1.900E-1 2.70054474E-10
2.000E-1 3.81503022E-10
2.100E-1 5.3983112E-10
2.200E-1 7.65184579E-10
2.300E-1 1.08650874E-9
2.400E-1 1.54542633E-9
2.500E-1 2.20183076E-9
2.600E-1 3.14195535E-9
2.700E-1 4.49001637E-9
2.800E-1 6.42501505E-9
2.900E-1 9.20498805E-9
3.000E-1 1.32020107E-8
3.100E-1 1.89527266E-8
3.200E-1 2.7231294E-8
3.300E-1 3.91546997E-8
3.400E-1 5.63348081E-8
3.500E-1 8.10978853E-8
3.600E-1 1.16801542E-7
3.700E-1 1.68292305E-7
3.800E-1 2.42566175E-7
3.900E-1 3.49722077E-7
4.000E-1 5.04337837E-7
4.100E-1 7.27455294E-7
4.200E-1 1.049443E-6
4.300E-1 1.51412174E-6
4.400E-1 2.18470452E-6
4.500E-1 3.1523371E-6
