0.000E+0 0
1.000E-2 4.59265285E-12
2.000E-2 1.10359232E-11
3.000E-2 2.00863838E-11
4.000E-2 3.28097714E-11
5.000E-2 5.07073583E-11
6.000E-2 7.58941122E-11
7.000E-2 1.11350003E-10
8.000E-2 1.61274716E-10
9.000E-2 2.31588664E-10
1.000E-1 3.30641207E-10
1.100E-1 4.7021252E-10
1.200E-1 6.66931939E-10
1.300E-1 9.44287279E-10
1.400E-1 1.33547298E-9
1.500E-1 1.88742913E-9
1.600E-1 2.66657112E-9
1.700E-1 3.76691983E-9
1.800E-1 5.32163932E-9
1.900E-1 7.51941229E-9
2.000E-1 1.06276828E-8
2.100E-1 1.50256475E-8
2.200E-1 2.12510843E-8
2.300E-1 3.00668239E-8
2.400E-1 4.2555098E-8
2.500E-1 6.02514502E-8
2.600E-1 8.53347745E-8
2.700E-1 1.2089696E-7
2.800E-1 1.71325378E-7
2.900E-1 2.42845205E-7
3.000E-1 3.44287911E-7
3.100E-1 4.88179257E-7
3.200E-1 6.92277675E-7
3.300E-1 9.81745547E-7
3.400E-1 1.39220576E-6
3.500E-1 1.97402859E-6
3.600E-1 2.79831227E-6
3.700E-1 3.9651634E-6
3.800E-1 5.61503694E-6
3.900E-1 7.94402349E-6
4.000E-1 1.12239888E-5
4.100E-1 1.58282167E-5
4.200E-1 2.22625208E-5
4.300E-1 3.11994325E-5
4.400E-1 4.35116E-5
4.500E-1 6.02937016E-5
