0.000E+0 -0.717641289
1.000E-2 -0.717633931
2.000E-2 -0.717626472
3.000E-2 -0.717618888
4.000E-2 -0.717611151
5.000E-2 -0.717603222
6.000E-2 -0.717595043
7.000E-2 -0.717586534
8.000E-2 -0.717577581
9.000E-2 -0.717568023
1.000E-1 -0.717557628
1.100E-1 -0.717546067
1.200E-1 -0.717532868
1.300E-1 -0.717517358
1.400E-1 -0.717498573
1.500E-1 -0.717475132
1.600E-1 -0.717445058
1.700E-1 -0.717405518
1.800E-1 -0.717352449
1.900E-1 -0.717280027
2.000E-1 -0.717179896
2.100E-1 -0.717040069
2.200E-1 -0.71684335
2.300E-1 -0.71656506
2.400E-1 -0.71616979
2.500E-1 -0.715606729
2.600E-1 -0.714802971
2.700E-1 -0.713653923
2.800E-1 -0.712009574
2.900E-1 -0.70965484
3.000E-1 -0.706281519
3.100E-1 -0.701448312
3.200E-1 -0.694524052
3.300E-1 -0.684607391
3.400E-1 -0.67041379
3.500E-1 -0.650117539
3.600E-1 -0.621132426
3.700E-1 -0.579809155
3.800E-1 -0.521019038
3.900E-1 -0.437579047
4.000E-1 -0.319448489
4.100E-1 -0.152589986
4.200E-1 0.0826492493
