0.000E+0 0
1.000E-2 2.40244409E-15
2.000E-2 5.76849049E-15
3.000E-2 1.05005393E-14
4.000E-2 1.71673463E-14
5.000E-2 2.65721309E-14
6.000E-2 3.98485061E-14
7.000E-2 5.85957819E-14
8.000E-2 8.50702003E-14
9.000E-2 1.22456002E-13
1.000E-1 1.75251003E-13
1.100E-1 2.49817281E-13
1.200E-1 3.55170956E-13
1.300E-1 5.04119546E-13
1.400E-1 7.14905816E-13
1.500E-1 1.01359076E-12
1.600E-1 1.43751578E-12
1.700E-1 2.04034063E-12
1.800E-1 2.89938108E-12
1.900E-1 4.12630292E-12
2.000E-1 5.88271283E-12
2.100E-1 8.40289524E-12
2.200E-1 1.20269787E-11
2.300E-1 1.72493285E-11
2.400E-1 2.47891727E-11
2.500E-1 3.56937018E-11
2.600E-1 5.14886048E-11
2.700E-1 7.4397911E-11
2.800E-1 1.07665095E-10
2.900E-1 1.56022154E-10
3.000E-1 2.26374932E-10
3.100E-1 3.2880446E-10
3.200E-1 4.78030172E-10
3.300E-1 6.95548162E-10
3.400E-1 1.01275606E-9
3.500E-1 1.47552E-9
3.600E-1 2.15084924E-9
3.700E-1 3.13665147E-9
3.800E-1 4.57599039E-9
3.900E-1 6.67792336E-9
4.000E-1 9.74795444E-9
4.100E-1 1.4232536E-8
4.200E-1 2.07840921E-8
4.300E-1 3.03560089E-8
4.400E-1 4.43413615E-8
4.500E-1 6.47754286E-8
