0.000E+0 0
1.000E-2 3.47507393E-16
2.000E-2 8.56931118E-16
3.000E-2 1.60458918E-15
4.000E-2 2.70265018E-15
5.000E-2 4.31590192E-15
6.000E-2 6.68634492E-15
7.000E-2 1.01692702E-14
8.000E-2 1.52862102E-14
9.000E-2 2.28027173E-14
1.000E-1 3.38427365E-14
1.100E-1 5.00570286E-14
1.200E-1 7.38715965E-14
1.300E-1 1.08854773E-13
1.400E-1 1.60260633E-13
1.500E-1 2.35834757E-13
1.600E-1 3.47010754E-13
1.700E-1 5.10688994E-13
1.800E-1 7.51882992E-13
1.900E-1 1.1076587E-12
2.000E-1 1.63300019E-12
2.100E-1 2.40954553E-12
2.200E-1 3.55859864E-12
2.300E-1 5.26051261E-12
2.400E-1 7.78356683E-12
2.500E-1 1.15269924E-11
2.600E-1 1.7085084E-11
2.700E-1 2.53427404E-11
2.800E-1 3.76178517E-11
2.900E-1 5.58735178E-11
3.000E-1 8.30343628E-11
3.100E-1 1.23458027E-10
3.200E-1 1.83637992E-10
3.300E-1 2.73251273E-10
3.400E-1 4.06720238E-10
3.500E-1 6.05540916E-10
3.600E-1 9.01753991E-10
3.700E-1 1.34311942E-9
3.800E-1 2.00083089E-9
3.900E-1 2.98101686E-9
4.000E-1 4.44188693E-9
4.100E-1 6.61929478E-9
4.200E-1 9.86484884E-9
4.300E-1 1.47027302E-8
4.400E-1 2.19143991E-8
4.500E-1 3.26648792E-8
