0.000E+0 0
1.000E-2 7.24154973E-14
2.000E-2 1.75725391E-13
3.000E-2 3.23244457E-13
4.000E-2 5.34016762E-13
5.000E-2 8.3527718E-13
6.000E-2 1.26597164E-12
7.000E-2 1.88179417E-12
8.000E-2 2.76239945E-12
9.000E-2 4.02173922E-12
1.000E-1 5.82289027E-12
1.100E-1 8.39934826E-12
1.200E-1 1.20856392E-11
1.300E-1 1.73613702E-11
1.400E-1 2.49146753E-11
1.500E-1 3.57336606E-11
1.600E-1 5.12382791E-11
1.700E-1 7.34705783E-11
1.800E-1 1.05369229E-10
1.900E-1 1.51165731E-10
2.000E-1 2.16956291E-10
2.100E-1 3.11527302E-10
2.200E-1 4.47547001E-10
2.300E-1 6.43285798E-10
2.400E-1 9.25100017E-10
2.500E-1 1.331018E-9
2.600E-1 1.91591813E-9
2.700E-1 2.75900583E-9
2.800E-1 3.97461065E-9
2.900E-1 5.72777835E-9
3.000E-1 8.25678813E-9
3.100E-1 1.19056713E-8
3.200E-1 1.71711756E-8
3.300E-1 2.47705917E-8
3.400E-1 3.57397131E-8
3.500E-1 5.15743157E-8
3.600E-1 7.44344944E-8
3.700E-1 1.07439782E-7
3.800E-1 1.55095383E-7
3.900E-1 2.23907777E-7
4.000E-1 3.23273788E-7
4.100E-1 4.66764607E-7
4.200E-1 6.7398011E-7
4.300E-1 9.73226629E-7
4.400E-1 1.40538352E-6
4.500E-1 2.02948554E-6
