0.000E+0 0
1.000E-2 7.06263579E-14
2.000E-2 1.71351901E-13
3.000E-2 3.15137972E-13
4.000E-2 5.20518121E-13
5.000E-2 8.139898E-13
6.000E-2 1.23343377E-12
7.000E-2 1.83300549E-12
8.000E-2 2.69013721E-12
9.000E-2 3.91557051E-12
1.000E-1 5.66774522E-12
1.100E-1 8.17345914E-12
1.200E-1 1.17575636E-11
1.300E-1 1.68856908E-11
1.400E-1 2.4225789E-11
1.500E-1 3.47368068E-11
1.600E-1 4.97965802E-11
1.700E-1 7.13863207E-11
1.800E-1 1.02356824E-10
1.900E-1 1.46812659E-10
2.000E-1 2.10666684E-10
2.100E-1 3.02440457E-10
2.200E-1 4.34419667E-10
2.300E-1 6.24322154E-10
2.400E-1 8.97706074E-10
2.500E-1 1.29144685E-9
2.600E-1 1.85875752E-9
2.700E-1 2.67643798E-9
2.800E-1 3.8553431E-9
2.900E-1 5.55549959E-9
3.000E-1 8.00793683E-9
3.100E-1 1.15462141E-8
3.200E-1 1.66519524E-8
3.300E-1 2.40205928E-8
3.400E-1 3.46563677E-8
3.500E-1 5.00094637E-8
3.600E-1 7.21741237E-8
3.700E-1 1.04174759E-7
3.800E-1 1.50379176E-7
3.900E-1 2.17095379E-7
4.000E-1 3.13433509E-7
4.100E-1 4.52550637E-7
4.200E-1 6.53448449E-7
4.300E-1 9.43569183E-7
4.400E-1 1.36254398E-6
4.500E-1 1.96760451E-6
