0.000E+0 0
1.000E-2 1.31469707E-13
2.000E-2 3.18582762E-13
3.000E-2 5.85185601E-13
4.000E-2 9.65300153E-13
5.000E-2 1.5074851E-12
6.000E-2 2.28103325E-12
7.000E-2 3.38482503E-12
8.000E-2 4.95998058E-12
9.000E-2 7.20795907E-12
1.000E-1 1.04164815E-11
1.100E-1 1.49967064E-11
1.200E-1 2.15366136E-11
1.300E-1 3.08777553E-11
1.400E-1 4.42257252E-11
1.500E-1 6.33092969E-11
1.600E-1 9.06098291E-11
1.700E-1 1.29692117E-10
1.800E-1 1.85681698E-10
1.900E-1 2.65953569E-10
2.000E-1 3.81126082E-10
2.100E-1 5.46495378E-10
2.200E-1 7.84105779E-10
2.300E-1 1.12573834E-9
2.400E-1 1.61722507E-9
2.500E-1 2.32467724E-9
2.600E-1 3.34347781E-9
2.700E-1 4.81126518E-9
2.800E-1 6.92668098E-9
2.900E-1 9.97644241E-9
3.000E-1 1.43744357E-8
3.100E-1 2.07181718E-8
3.200E-1 2.98703168E-8
3.300E-1 4.30764355E-8
3.400E-1 6.21350378E-8
3.500E-1 8.96431611E-8
3.600E-1 1.29351049E-7
3.700E-1 1.8667439E-7
3.800E-1 2.69434102E-7
3.900E-1 3.88924742E-7
4.000E-1 5.61457477E-7
4.100E-1 8.10588329E-7
4.200E-1 1.17033587E-6
4.300E-1 1.68982736E-6
4.400E-1 2.44000655E-6
4.500E-1 3.52331651E-6
