0.000E+0 0
1.000E-2 3.92216345E-13
2.000E-2 9.45810619E-13
3.000E-2 1.72840363E-12
4.000E-2 2.83570691E-12
5.000E-2 4.40325934E-12
6.000E-2 6.62290565E-12
7.000E-2 9.76614248E-12
8.000E-2 1.4217208E-11
9.000E-2 2.05200612E-11
1.000E-1 2.94452173E-11
1.100E-1 4.20850415E-11
1.200E-1 5.99899351E-11
1.300E-1 8.53633872E-11
1.400E-1 1.21341883E-10
1.500E-1 1.72397234E-10
1.600E-1 2.44915579E-10
1.700E-1 3.48031338E-10
1.800E-1 4.94829076E-10
1.900E-1 7.04076169E-10
2.000E-1 1.00272127E-9
2.100E-1 1.42949764E-9
2.200E-1 2.04012078E-9
2.300E-1 2.91478659E-9
2.400E-1 4.16899018E-9
2.500E-1 5.96913755E-9
2.600E-1 8.55507703E-9
2.700E-1 1.22726198E-8
2.800E-1 1.76204845E-8
2.900E-1 2.53180672E-8
3.000E-1 3.64032837E-8
3.100E-1 5.23738355E-8
3.200E-1 7.5391181E-8
3.300E-1 1.08575057E-7
3.400E-1 1.56428765E-7
3.500E-1 2.25453278E-7
3.600E-1 3.25034038E-7
3.700E-1 4.68721501E-7
3.800E-1 6.76080238E-7
3.900E-1 9.75358962E-7
4.000E-1 1.40734569E-6
4.100E-1 2.03093362E-6
4.200E-1 2.93115572E-6
4.300E-1 4.23078079E-6
4.400E-1 6.10704455E-6
4.500E-1 8.8157797E-6
