0.000E+0 0
1.000E-2 1.29785333E-13
2.000E-2 3.118943E-13
3.000E-2 5.67733317E-13
4.000E-2 9.27465699E-13
5.000E-2 1.43359671E-12
6.000E-2 2.14603107E-12
7.000E-2 3.14921167E-12
8.000E-2 4.56220284E-12
9.000E-2 6.55294259E-12
1.000E-1 9.35840311E-12
1.100E-1 1.33131297E-11
1.200E-1 1.8889668E-11
1.300E-1 2.67558668E-11
1.400E-1 3.78561419E-11
1.500E-1 5.35267627E-11
1.600E-1 7.56594541E-11
1.700E-1 1.06933604E-10
1.800E-1 1.51145883E-10
1.900E-1 2.13678187E-10
2.000E-1 3.02161974E-10
2.100E-1 4.27421479E-10
2.200E-1 6.04812904E-10
2.300E-1 8.56125915E-10
2.400E-1 1.2122836E-9
2.500E-1 1.71717623E-9
2.600E-1 2.43310502E-9
2.700E-1 3.44851176E-9
2.800E-1 4.88895387E-9
2.900E-1 6.93268627E-9
3.000E-1 9.83278104E-9
3.100E-1 1.39485223E-8
3.200E-1 1.97899534E-8
3.300E-1 2.80810606E-8
3.400E-1 3.98493405E-8
3.500E-1 5.65526596E-8
3.600E-1 8.02587279E-8
3.700E-1 1.13898573E-7
3.800E-1 1.61623671E-7
3.900E-1 2.29307391E-7
4.000E-1 3.25245585E-7
4.100E-1 4.61128435E-7
4.200E-1 6.53374674E-7
4.300E-1 9.2493556E-7
4.400E-1 1.30767918E-6
4.500E-1 1.84543404E-6
