0.000E+0 0
1.000E-2 4.7887134E-13
2.000E-2 1.14865456E-12
3.000E-2 2.08686224E-12
4.000E-2 3.40246567E-12
5.000E-2 5.24867182E-12
6.000E-2 7.84091006E-12
7.000E-2 1.14821715E-11
8.000E-2 1.65987366E-11
9.000E-2 2.37905976E-11
1.000E-1 3.39026883E-11
1.100E-1 4.81256064E-11
1.200E-1 6.81381673E-11
1.300E-1 9.63093255E-11
1.400E-1 1.35984374E-10
1.500E-1 1.91890804E-10
1.600E-1 2.70714067E-10
1.700E-1 3.8191456E-10
1.800E-1 5.38887094E-10
1.900E-1 7.60606579E-10
2.000E-1 1.073964E-9
2.100E-1 1.51708246E-9
2.200E-1 2.14402463E-9
2.300E-1 3.03147596E-9
2.400E-1 4.28823311E-9
2.500E-1 6.06867559E-9
2.600E-1 8.59189318E-9
2.700E-1 1.21688432E-8
2.800E-1 1.7240908E-8
2.900E-1 2.44346353E-8
3.000E-1 3.46394439E-8
3.100E-1 4.91179143E-8
3.200E-1 6.96622867E-8
3.300E-1 9.88164485E-8
3.400E-1 1.4019065E-7
3.500E-1 1.98907347E-7
3.600E-1 2.82232124E-7
3.700E-1 4.00465152E-7
3.800E-1 5.68197975E-7
3.900E-1 8.06079721E-7
4.000E-1 1.14328791E-6
4.100E-1 1.62096216E-6
4.200E-1 2.29693015E-6
4.300E-1 3.25212049E-6
4.400E-1 4.59908027E-6
4.500E-1 6.49291991E-6
