0.000E+0 0
1.000E-2 1.18396976E-13
2.000E-2 2.83866102E-13
3.000E-2 5.15991339E-13
4.000E-2 8.42294994E-13
5.000E-2 1.30134361E-12
6.000E-2 1.94702044E-12
7.000E-2 2.85438925E-12
8.000E-2 4.12773246E-12
9.000E-2 5.91157419E-12
1.000E-1 8.40583214E-12
1.100E-1 1.1886741E-11
1.200E-1 1.67359432E-11
1.300E-1 2.34812837E-11
1.400E-1 3.28545707E-11
1.500E-1 4.58741375E-11
1.600E-1 6.39638658E-11
1.700E-1 8.91259369E-11
1.800E-1 1.24192796E-10
1.900E-1 1.73195832E-10
2.000E-1 2.41905897E-10
2.100E-1 3.38626755E-10
2.200E-1 4.75360854E-10
2.300E-1 6.69523509E-10
2.400E-1 9.46465429E-10
2.500E-1 1.34318768E-9
2.600E-1 1.91381678E-9
2.700E-1 2.73767937E-9
2.800E-1 3.93121785E-9
2.900E-1 5.66558302E-9
3.000E-1 8.19261954E-9
3.100E-1 1.18832624E-8
3.200E-1 1.72842882E-8
3.300E-1 2.52022168E-8
3.400E-1 3.68273748E-8
3.500E-1 5.39173739E-8
3.600E-1 7.90684836E-8
3.700E-1 1.16117024E-7
3.800E-1 1.70733062E-7
3.900E-1 2.51298471E-7
4.000E-1 3.70205289E-7
4.100E-1 5.45774937E-7
4.200E-1 8.05093627E-7
4.300E-1 1.18819786E-6
4.400E-1 1.75424509E-6
4.500E-1 2.59059371E-6
