0.000E+0 0
1.000E-2 2.98882878E-13
2.000E-2 7.24083142E-13
3.000E-2 1.32988041E-12
4.000E-2 2.19385258E-12
5.000E-2 3.42686996E-12
6.000E-2 5.187384E-12
7.000E-2 7.70186679E-12
8.000E-2 1.12940691E-11
9.000E-2 1.64269371E-11
1.000E-1 2.37627213E-11
1.100E-1 3.42492621E-11
1.200E-1 4.92439838E-11
1.300E-1 7.06922511E-11
1.400E-1 1.0138416E-10
1.500E-1 1.45324532E-10
1.600E-1 2.08266323E-10
1.700E-1 2.98479975E-10
1.800E-1 4.27863348E-10
1.900E-1 6.13543355E-10
2.000E-1 8.80187345E-10
2.100E-1 1.26333906E-9
2.200E-1 1.81423368E-9
2.300E-1 2.60674799E-9
2.400E-1 3.74743308E-9
2.500E-1 5.38999721E-9
2.600E-1 7.75621297E-9
2.700E-1 1.11660985E-8
2.800E-1 1.60814841E-8
2.900E-1 2.3168897E-8
3.000E-1 3.33903137E-8
3.100E-1 4.81341015E-8
3.200E-1 6.94038781E-8
3.300E-1 1.00090762E-7
3.400E-1 1.4436553E-7
3.500E-1 2.08242838E-7
3.600E-1 3.00391667E-7
3.700E-1 4.33296595E-7
3.800E-1 6.24915908E-7
3.900E-1 9.01036858E-7
4.000E-1 1.29859583E-6
4.100E-1 1.87030621E-6
4.200E-1 2.69100057E-6
4.300E-1 3.86609959E-6
4.400E-1 5.54246426E-6
4.500E-1 7.92136833E-6
