0.000E+0 0
1.000E-2 7.06956001E-14
2.000E-2 1.71060916E-13
3.000E-2 3.13741228E-13
4.000E-2 5.16740183E-13
5.000E-2 8.05677082E-13
6.000E-2 1.21699507E-12
7.000E-2 1.80252569E-12
8.000E-2 2.63599326E-12
9.000E-2 3.82230117E-12
1.000E-1 5.51082051E-12
1.100E-1 7.91445241E-12
1.200E-1 1.13370409E-11
1.300E-1 1.62128852E-11
1.400E-1 2.31638069E-11
1.500E-1 3.30817009E-11
1.600E-1 4.72480896E-11
1.700E-1 6.75074025E-11
1.800E-1 9.65182432E-11
1.900E-1 1.38117854E-10
2.000E-1 1.9785087E-10
2.100E-1 2.83736548E-10
2.200E-1 4.07382153E-10
2.300E-1 5.85598947E-10
2.400E-1 8.42747947E-10
2.500E-1 1.21414549E-9
2.600E-1 1.75100798E-9
2.700E-1 2.52763227E-9
2.800E-1 3.65182331E-9
2.900E-1 5.28003884E-9
3.000E-1 7.63938633E-9
3.100E-1 1.10595741E-8
3.200E-1 1.60193234E-8
3.300E-1 2.32137889E-8
3.400E-1 3.36524995E-8
3.500E-1 4.88016412E-8
3.600E-1 7.07907586E-8
3.700E-1 1.0271305E-7
3.800E-1 1.49061636E-7
3.900E-1 2.16363378E-7
4.000E-1 3.14099701E-7
4.100E-1 4.56044383E-7
4.200E-1 6.62207096E-7
4.300E-1 9.61656928E-7
4.400E-1 1.39662419E-6
4.500E-1 2.02845892E-6
