0.000E+0 0
1.000E-2 2.49636005E-14
2.000E-2 6.0540256E-14
3.000E-2 1.11270173E-13
4.000E-2 1.83633773E-13
5.000E-2 2.86879913E-13
6.000E-2 4.34207821E-13
7.000E-2 6.44454275E-13
8.000E-2 9.44502985E-13
9.000E-2 1.37272702E-12
1.000E-1 1.98391001E-12
1.100E-1 2.85628589E-12
1.200E-1 4.10161556E-12
1.300E-1 5.87961971E-12
1.400E-1 8.41866252E-12
1.500E-1 1.20454078E-11
1.600E-1 1.72273549E-11
1.700E-1 2.46338662E-11
1.800E-1 3.52237381E-11
1.900E-1 5.03708785E-11
2.000E-1 7.20446826E-11
2.100E-1 1.03068925E-10
2.200E-1 1.47493354E-10
2.300E-1 2.11127054E-10
2.400E-1 3.0230399E-10
2.500E-1 4.32981773E-10
2.600E-1 6.20318564E-10
2.700E-1 8.88935916E-10
2.800E-1 1.2741653E-9
2.900E-1 1.82670454E-9
3.000E-1 2.61929365E-9
3.100E-1 3.75627975E-9
3.200E-1 5.38730939E-9
3.300E-1 7.72690503E-9
3.400E-1 1.10824068E-8
3.500E-1 1.58937631E-8
3.600E-1 2.27900281E-8
3.700E-1 3.26692918E-8
3.800E-1 4.68113089E-8
3.900E-1 6.70356231E-8
4.000E-1 9.59231337E-8
4.100E-1 1.37127121E-7
4.200E-1 1.95812948E-7
4.300E-1 2.79286675E-7
4.400E-1 3.97902259E-7
4.500E-1 5.66369986E-7
