0.000E+0 0
1.000E-2 1.86579017E-13
2.000E-2 4.4855092E-13
3.000E-2 8.16419392E-13
4.000E-2 1.33303037E-12
5.000E-2 2.05856667E-12
6.000E-2 3.07756486E-12
7.000E-2 4.50877403E-12
8.000E-2 6.51900829E-12
9.000E-2 9.34261337E-12
1.000E-1 1.33088234E-11
1.100E-1 1.88802115E-11
1.200E-1 2.67067331E-11
1.300E-1 3.77016943E-11
1.400E-1 5.31485391E-11
1.500E-1 7.48509698E-11
1.600E-1 1.05343979E-10
1.700E-1 1.48190528E-10
1.800E-1 2.08398613E-10
1.900E-1 2.93007602E-10
2.000E-1 4.11912516E-10
2.100E-1 5.79022852E-10
2.200E-1 8.13891712E-10
2.300E-1 1.14400612E-9
2.400E-1 1.60800696E-9
2.500E-1 2.26021566E-9
2.600E-1 3.17699836E-9
2.700E-1 4.46571305E-9
2.800E-1 6.27728831E-9
2.900E-1 8.82390756E-9
3.000E-1 1.24038717E-8
3.100E-1 1.7436553E-8
3.200E-1 2.45115375E-8
3.300E-1 3.44577142E-8
3.400E-1 4.84404097E-8
3.500E-1 6.80979513E-8
3.600E-1 9.57336651E-8
3.700E-1 1.34585814E-7
3.800E-1 1.89207123E-7
3.900E-1 2.6599837E-7
4.000E-1 3.73958639E-7
4.100E-1 5.25740177E-7
4.200E-1 7.39131645E-7
4.300E-1 1.03914381E-6
4.400E-1 1.46094255E-6
4.500E-1 2.05397391E-6
