0.000E+0 0
1.000E-2 2.12047188E-14
2.000E-2 5.14977859E-14
3.000E-2 9.47923519E-14
4.000E-2 1.56685766E-13
5.000E-2 2.45184286E-13
6.000E-2 3.71739944E-13
7.000E-2 5.52734418E-13
8.000E-2 8.11603339E-13
9.000E-2 1.18187854E-12
1.000E-1 1.71154677E-12
1.100E-1 2.46929699E-12
1.200E-1 3.55347833E-12
1.300E-1 5.10494933E-12
1.400E-1 7.32551436E-12
1.500E-1 1.05043829E-11
1.600E-1 1.50561497E-11
1.700E-1 2.15753179E-11
1.800E-1 3.09145767E-11
1.900E-1 4.42971887E-11
2.000E-1 6.34783537E-11
2.100E-1 9.09769003E-11
2.200E-1 1.30407961E-10
2.300E-1 1.86960662E-10
2.400E-1 2.68084045E-10
2.500E-1 3.84472029E-10
2.600E-1 5.51477801E-10
2.700E-1 7.91144882E-10
2.800E-1 1.13512383E-9
2.900E-1 1.62886073E-9
3.000E-1 2.33761223E-9
3.100E-1 3.35508349E-9
3.200E-1 4.81583316E-9
3.300E-1 6.9130881E-9
3.400E-1 9.92432734E-9
3.500E-1 1.42480234E-8
3.600E-1 2.04564072E-8
3.700E-1 2.93712455E-8
3.800E-1 4.21726654E-8
3.900E-1 6.05554417E-8
4.000E-1 8.69534428E-8
4.100E-1 1.24861963E-7
4.200E-1 1.79300627E-7
4.300E-1 2.57478167E-7
4.400E-1 3.69747089E-7
4.500E-1 5.30974627E-7
