0.000E+0 -0.618980533
1.000E-2 -0.618979512
2.000E-2 -0.618978486
3.000E-2 -0.618977454
4.000E-2 -0.618976417
5.000E-2 -0.618975372
6.000E-2 -0.61897432
7.000E-2 -0.618973259
8.000E-2 -0.618972188
9.000E-2 -0.618971103
1.000E-1 -0.618970001
1.100E-1 -0.618968877
1.200E-1 -0.618967722
1.300E-1 -0.618966525
1.400E-1 -0.618965268
1.500E-1 -0.618963927
1.600E-1 -0.618962463
1.700E-1 -0.618960822
1.800E-1 -0.618958924
1.900E-1 -0.618956651
2.000E-1 -0.618953829
2.100E-1 -0.618950202
2.200E-1 -0.618945395
2.300E-1 -0.618938856
2.400E-1 -0.61892977
2.500E-1 -0.618916942
2.600E-1 -0.618898614
2.700E-1 -0.618872197
2.800E-1 -0.618833884
2.900E-1 -0.618778075
3.000E-1 -0.61869653
3.100E-1 -0.618577129
3.200E-1 -0.61840204
3.300E-1 -0.61814503
3.400E-1 -0.617767509
3.500E-1 -0.617212703
3.600E-1 -0.61639709
3.700E-1 -0.615197798
3.800E-1 -0.613434066
3.900E-1 -0.610839968
4.000E-1 -0.607024294
4.100E-1 -0.601411518
4.200E-1 -0.593154971
4.300E-1 -0.581009092
4.400E-1 -0.563141518
4.500E-1 -0.536856638
4.600E-1 -0.498188943
4.700E-1 -0.441304855
4.800E-1 -0.357622855
4.900E-1 -0.234519371
5.000E-1 -0.0534255525
5.100E-1 0.212971294
