0.000E+0 0
1.000E-2 1.80256912E-15
2.000E-2 4.29728528E-15
3.000E-2 7.75951453E-15
4.000E-2 1.25738786E-14
5.000E-2 1.92776223E-14
6.000E-2 2.86213474E-14
7.000E-2 4.16542164E-14
8.000E-2 5.98437299E-14
9.000E-2 8.52444802E-14
1.000E-1 1.20736464E-13
1.100E-1 1.7036236E-13
1.200E-1 2.39805858E-13
1.300E-1 3.37071154E-13
1.400E-1 4.73449526E-13
1.500E-1 6.64895608E-13
1.600E-1 9.33988309E-13
1.700E-1 1.3127259E-12
1.800E-1 1.84651115E-12
1.900E-1 2.59983439E-12
2.000E-1 3.66437879E-12
2.100E-1 5.17058205E-12
2.200E-1 7.3041308E-12
2.300E-1 1.03294946E-11
2.400E-1 1.4623509E-11
2.500E-1 2.0723303E-11
2.600E-1 2.93947064E-11
2.700E-1 4.17298948E-11
2.800E-1 5.92867792E-11
2.900E-1 8.42880009E-11
3.000E-1 1.19905031E-10
3.100E-1 1.7066379E-10
3.200E-1 2.43023782E-10
3.300E-1 3.46204997E-10
3.400E-1 4.93368546E-10
3.500E-1 7.03302456E-10
3.600E-1 1.00282858E-9
3.700E-1 1.43023906E-9
3.800E-1 2.04020244E-9
3.900E-1 2.91076707E-9
4.000E-1 4.15335726E-9
4.100E-1 5.92703737E-9
4.200E-1 8.45886021E-9
4.300E-1 1.20728808E-8
4.400E-1 1.72314998E-8
4.500E-1 2.45943163E-8
