0.000E+0 -0.188255429
1.000E-2 -0.188246153
2.000E-2 -0.18823669
3.000E-2 -0.188226984
4.000E-2 -0.188216953
5.000E-2 -0.188206483
6.000E-2 -0.188195416
7.000E-2 -0.188183526
8.000E-2 -0.188170495
9.000E-2 -0.188155875
1.000E-1 -0.188139031
1.100E-1 -0.188119066
1.200E-1 -0.188094712
1.300E-1 -0.188064172
1.400E-1 -0.188024903
1.500E-1 -0.187973299
1.600E-1 -0.187904253
1.700E-1 -0.187810525
1.800E-1 -0.187681845
1.900E-1 -0.187503652
2.000E-1 -0.187255287
2.100E-1 -0.186907444
2.200E-1 -0.186418536
2.300E-1 -0.185729545
2.400E-1 -0.18475671
2.500E-1 -0.183381141
2.600E-1 -0.181434069
2.700E-1 -0.178675908
2.800E-1 -0.174766514
2.900E-1 -0.169222958
3.000E-1 -0.161359557
3.100E-1 -0.150202705
3.200E-1 -0.134369933
3.300E-1 -0.111898159
3.400E-1 -0.0799997818
3.500E-1 -0.0347163316
3.600E-1 0.0295733427
