0.000E+0 0
1.000E-2 1.00540313E-13
2.000E-2 2.41557275E-13
3.000E-2 4.39397766E-13
4.000E-2 7.17011997E-13
5.000E-2 1.1066221E-12
6.000E-2 1.65347014E-12
7.000E-2 2.42108281E-12
8.000E-2 3.49866737E-12
9.000E-2 5.01150299E-12
1.000E-1 7.13554247E-12
1.100E-1 1.01179324E-11
1.200E-1 1.43058534E-11
1.300E-1 2.01870573E-11
1.400E-1 2.84468479E-11
1.500E-1 4.00481804E-11
1.600E-1 5.63442602E-11
1.700E-1 7.92368327E-11
1.800E-1 1.11398708E-10
1.900E-1 1.56586583E-10
2.000E-1 2.20080823E-10
2.100E-1 3.0930371E-10
2.200E-1 4.34688607E-10
2.300E-1 6.1090187E-10
2.400E-1 8.58560693E-10
2.500E-1 1.20664816E-9
2.600E-1 1.69590846E-9
2.700E-1 2.38362024E-9
2.800E-1 3.35030722E-9
2.900E-1 4.7091726E-9
3.000E-1 6.61936245E-9
3.100E-1 9.30461243E-9
3.200E-1 1.30794621E-8
3.300E-1 1.83861076E-8
3.400E-1 2.58462087E-8
3.500E-1 3.63337168E-8
3.600E-1 5.10772461E-8
3.700E-1 7.18039652E-8
3.800E-1 1.00941826E-7
3.900E-1 1.41903743E-7
4.000E-1 1.99486856E-7
4.100E-1 2.8043332E-7
4.200E-1 3.94217674E-7
4.300E-1 5.54151732E-7
4.400E-1 7.78933911E-7
4.500E-1 1.09481956E-6
