0.000E+0 0
1.000E-2 7.85144743E-13
2.000E-2 1.88732837E-12
3.000E-2 3.4377826E-12
4.000E-2 5.62192863E-12
5.000E-2 8.70172272E-12
6.000E-2 1.30472428E-11
7.000E-2 1.91813784E-11
8.000E-2 2.78431327E-11
9.000E-2 4.0077414E-11
1.000E-1 5.73625992E-11
1.100E-1 8.179206E-11
1.200E-1 1.16332906E-10
1.300E-1 1.65195361E-10
1.400E-1 2.34360783E-10
1.500E-1 3.32337297E-10
1.600E-1 4.71242059E-10
1.700E-1 6.68352219E-10
1.800E-1 9.48328464E-10
1.900E-1 1.34640356E-9
2.000E-1 1.91295549E-9
2.100E-1 2.72006725E-9
2.200E-1 3.8709374E-9
2.300E-1 5.51338144E-9
2.400E-1 7.85920451E-9
2.500E-1 1.12120009E-8
2.600E-1 1.60070486E-8
2.700E-1 2.28685647E-8
2.800E-1 3.26918789E-8
2.900E-1 4.6761371E-8
3.000E-1 6.69197321E-8
3.100E-1 9.58108667E-8
3.200E-1 1.37228432E-7
3.300E-1 1.96615846E-7
3.400E-1 2.81783368E-7
3.500E-1 4.03935997E-7
3.600E-1 5.79145887E-7
3.700E-1 8.30459381E-7
3.800E-1 1.19090777E-6
3.900E-1 1.7078003E-6
4.000E-1 2.44882686E-6
4.100E-1 3.51069487E-6
4.200E-1 5.03127509E-6
4.300E-1 7.20652374E-6
4.400E-1 1.03137419E-5
4.500E-1 1.4742913E-5
