0.000E+0 -0.144903494
1.000E-2 -0.144882274
2.000E-2 -0.144860895
3.000E-2 -0.144839346
4.000E-2 -0.144817611
5.000E-2 -0.144795668
6.000E-2 -0.144773489
7.000E-2 -0.144751036
8.000E-2 -0.14472826
9.000E-2 -0.144705094
1.000E-1 -0.14468145
1.100E-1 -0.14465721
1.200E-1 -0.144632219
1.300E-1 -0.144606274
1.400E-1 -0.144579106
1.500E-1 -0.144550362
1.600E-1 -0.144519578
1.700E-1 -0.144486137
1.800E-1 -0.144449214
1.900E-1 -0.144407699
2.000E-1 -0.144360081
2.100E-1 -0.144304283
2.200E-1 -0.14423742
2.300E-1 -0.144155449
2.400E-1 -0.144052662
2.500E-1 -0.143920936
2.600E-1 -0.143748644
2.700E-1 -0.143519043
2.800E-1 -0.143207919
2.900E-1 -0.142780099
3.000E-1 -0.142184302
3.100E-1 -0.141345532
3.200E-1 -0.140153808
3.300E-1 -0.138447458
3.400E-1 -0.135988353
3.500E-1 -0.132425133
3.600E-1 -0.127238611
3.700E-1 -0.119660657
3.800E-1 -0.10855365
3.900E-1 -0.0922313131
4.000E-1 -0.0681923725
4.100E-1 -0.0327247103
4.200E-1 0.0196828078
