0.000E+0 -0.738759149
1.000E-2 -0.738757701
2.000E-2 -0.738756128
3.000E-2 -0.738754379
4.000E-2 -0.738752387
5.000E-2 -0.738750055
6.000E-2 -0.73874725
7.000E-2 -0.738743781
8.000E-2 -0.738739385
9.000E-2 -0.738733688
1.000E-1 -0.738726165
1.100E-1 -0.738716081
1.200E-1 -0.738702399
1.300E-1 -0.738683664
1.400E-1 -0.73865783
1.500E-1 -0.738622021
1.600E-1 -0.738572195
1.700E-1 -0.738502666
1.800E-1 -0.738405446
1.900E-1 -0.738269303
2.000E-1 -0.738078445
2.100E-1 -0.737810676
2.200E-1 -0.737434789
2.300E-1 -0.736906913
2.400E-1 -0.736165375
2.500E-1 -0.735123472
2.600E-1 -0.733659318
2.700E-1 -0.731601569
2.800E-1 -0.728709353
2.900E-1 -0.724644074
3.000E-1 -0.718929771
3.100E-1 -0.710897435
3.200E-1 -0.69960677
3.300E-1 -0.68373632
3.400E-1 -0.661429222
3.500E-1 -0.630076796
3.600E-1 -0.586015156
3.700E-1 -0.524100357
3.800E-1 -0.437114357
3.900E-1 -0.31493614
4.000E-1 -0.143388408
4.100E-1 0.0973611858
