0.000E+0 0
1.000E-2 8.67762235E-11
2.000E-2 2.08032288E-10
3.000E-2 3.77547726E-10
4.000E-2 6.14605899E-10
5.000E-2 9.46191538E-10
6.000E-2 1.41006659E-9
7.000E-2 2.05907654E-9
8.000E-2 2.96718139E-9
9.000E-2 4.23790504E-9
1.000E-1 6.01617733E-9
1.100E-1 8.50493732E-9
1.200E-1 1.19884203E-8
1.300E-1 1.68648288E-8
1.400E-1 2.36921777E-8
1.500E-1 3.32526347E-8
1.600E-1 4.66428147E-8
1.700E-1 6.54004787E-8
1.800E-1 9.16822626E-8
1.900E-1 1.28512863E-7
2.000E-1 1.80134152E-7
2.100E-1 2.52493783E-7
2.200E-1 3.53927985E-7
2.300E-1 4.96113737E-7
2.400E-1 6.95392677E-7
2.500E-1 9.74604396E-7
2.600E-1 1.36561077E-6
2.700E-1 1.91274507E-6
2.800E-1 2.67747533E-6
2.900E-1 3.74463371E-6
3.000E-1 5.23053141E-6
3.100E-1 7.29342523E-6
3.200E-1 1.01465212E-5
3.300E-1 1.40738346E-5
3.400E-1 1.94491647E-5
3.500E-1 2.6758817E-5
3.600E-1 3.66294232E-5
3.700E-1 4.98628823E-5
3.800E-1 6.7479933E-5
3.900E-1 9.07667213E-5
4.000E-1 0.000121334617
4.100E-1 0.000161141863
4.200E-1 0.000212498608
4.300E-1 0.000278060234
4.400E-1 0.000360577659
4.500E-1 0.000462975351
