0.000E+0 -0.172004767
1.000E-2 -0.171983785
2.000E-2 -0.171962653
3.000E-2 -0.171941356
4.000E-2 -0.171919886
5.000E-2 -0.171898219
6.000E-2 -0.171876333
7.000E-2 -0.171854205
8.000E-2 -0.171831779
9.000E-2 -0.171809004
1.000E-1 -0.171785807
1.100E-1 -0.171762082
1.200E-1 -0.171737689
1.300E-1 -0.171712442
1.400E-1 -0.171686087
1.500E-1 -0.171658274
1.600E-1 -0.171628538
1.700E-1 -0.171596224
1.800E-1 -0.171560429
1.900E-1 -0.171519892
2.000E-1 -0.171472836
2.100E-1 -0.171416727
2.200E-1 -0.171347959
2.300E-1 -0.171261343
2.400E-1 -0.17114939
2.500E-1 -0.171001249
2.600E-1 -0.170801141
2.700E-1 -0.170526064
2.800E-1 -0.170142399
2.900E-1 -0.169600922
3.000E-1 -0.168829439
3.100E-1 -0.167721905
3.200E-1 -0.166122373
3.300E-1 -0.163801278
3.400E-1 -0.160420384
3.500E-1 -0.155480984
3.600E-1 -0.148247315
3.700E-1 -0.13763331
3.800E-1 -0.122035155
3.900E-1 -0.0990836373
4.000E-1 -0.065277954
4.100E-1 -0.0154441887
4.200E-1 0.058065203
