0.000E+0 -0.61768294
1.000E-2 -0.617653267
2.000E-2 -0.61762237
3.000E-2 -0.617589662
4.000E-2 -0.617554504
5.000E-2 -0.617515992
6.000E-2 -0.617472872
7.000E-2 -0.617423369
8.000E-2 -0.617364996
9.000E-2 -0.617294257
1.000E-1 -0.617206238
1.100E-1 -0.617094026
1.200E-1 -0.616947896
1.300E-1 -0.616754153
1.400E-1 -0.616493509
1.500E-1 -0.616138797
1.600E-1 -0.61565173
1.700E-1 -0.614978341
1.800E-1 -0.614042532
1.900E-1 -0.612737007
2.000E-1 -0.610910447
2.100E-1 -0.608349465
2.200E-1 -0.604753195
2.300E-1 -0.59969754
2.400E-1 -0.592585003
2.500E-1 -0.582574411
2.600E-1 -0.568482821
2.700E-1 -0.548649241
2.800E-1 -0.520746513
2.900E-1 -0.481523887
3.000E-1 -0.426458828
3.100E-1 -0.349293063
3.200E-1 -0.241425528
3.300E-1 -0.0911336701
3.400E-1 0.11740911
