0.000E+0 -0.661310009
1.000E-2 -0.661299026
2.000E-2 -0.661287953
3.000E-2 -0.661276752
4.000E-2 -0.661265405
5.000E-2 -0.661253884
6.000E-2 -0.661242151
7.000E-2 -0.661230155
8.000E-2 -0.661217821
9.000E-2 -0.661205043
1.000E-1 -0.661191673
1.100E-1 -0.661177497
1.200E-1 -0.661162209
1.300E-1 -0.661145373
1.400E-1 -0.66112636
1.500E-1 -0.66110427
1.600E-1 -0.661077807
1.700E-1 -0.661045107
1.800E-1 -0.661003484
1.900E-1 -0.660949071
2.000E-1 -0.660876295
2.100E-1 -0.660777117
2.200E-1 -0.66063995
2.300E-1 -0.660448074
2.400E-1 -0.660177375
2.500E-1 -0.659793062
2.600E-1 -0.659244944
2.700E-1 -0.658460624
2.800E-1 -0.657335699
2.900E-1 -0.655719661
3.000E-1 -0.653395675
3.100E-1 -0.650051629
3.200E-1 -0.645238862
3.300E-1 -0.638313692
3.400E-1 -0.62835525
3.500E-1 -0.614051538
3.600E-1 -0.593544409
3.700E-1 -0.564224833
3.800E-1 -0.522474923
3.900E-1 -0.463367682
4.000E-1 -0.380366716
4.100E-1 -0.265123816
4.200E-1 -0.107549889
4.300E-1 0.103605448
