0.000E+0 0
1.000E-2 2.49273101E-13
2.000E-2 5.98584835E-13
3.000E-2 1.08824408E-12
4.000E-2 1.77480232E-12
5.000E-2 2.73760028E-12
6.000E-2 4.08795546E-12
7.000E-2 5.98205765E-12
8.000E-2 8.6390716E-12
9.000E-2 1.2366554E-11
1.000E-1 1.75961461E-11
1.100E-1 2.4933703E-11
1.200E-1 3.52297119E-11
1.300E-1 4.9678218E-11
1.400E-1 6.99558123E-11
1.500E-1 9.84169073E-11
1.600E-1 1.38368092E-10
1.700E-1 1.94453552E-10
1.800E-1 2.73196429E-10
1.900E-1 3.83759019E-10
2.000E-1 5.39009866E-10
2.100E-1 7.57020853E-10
2.200E-1 1.06316591E-9
2.300E-1 1.49305996E-9
2.400E-1 2.09666809E-9
2.500E-1 2.9440383E-9
2.600E-1 4.13327469E-9
2.700E-1 5.80157743E-9
2.800E-1 8.14043281E-9
2.900E-1 1.1416324E-8
3.000E-1 1.59985974E-8
3.100E-1 2.23962295E-8
3.200E-1 3.13049231E-8
3.300E-1 4.36646797E-8
3.400E-1 6.07248374E-8
3.500E-1 8.41070857E-8
3.600E-1 1.15845455E-7
3.700E-1 1.58364692E-7
3.800E-1 2.14337444E-7
3.900E-1 2.86348009E-7
4.000E-1 3.76312635E-7
4.100E-1 4.84699617E-7
4.200E-1 6.09767923E-7
4.300E-1 7.47222577E-7
4.400E-1 8.90681478E-7
4.500E-1 1.03301422E-6
