0.000E+0 0
1.000E-2 8.79549929E-15
2.000E-2 2.16640132E-14
3.000E-2 4.05263204E-14
4.000E-2 6.82066735E-14
5.000E-2 1.08856537E-13
6.000E-2 1.68576739E-13
7.000E-2 2.56331115E-13
8.000E-2 3.85288702E-13
9.000E-2 5.74796797E-13
1.000E-1 8.53283941E-13
1.100E-1 1.26253615E-12
1.200E-1 1.86400471E-12
1.300E-1 2.74812526E-12
1.400E-1 4.04810778E-12
1.500E-1 5.96037443E-12
1.600E-1 8.77489183E-12
1.700E-1 1.29202393E-11
1.800E-1 1.9030629E-11
1.900E-1 2.80456299E-11
2.000E-1 4.13586074E-11
2.100E-1 6.10377301E-11
2.200E-1 9.01550606E-11
2.300E-1 1.33276639E-10
2.400E-1 1.97192357E-10
2.500E-1 2.92002995E-10
2.600E-1 4.32739169E-10
2.700E-1 6.41772307E-10
2.800E-1 9.52404527E-10
2.900E-1 1.41421231E-9
3.000E-1 2.1009968E-9
3.100E-1 3.12260323E-9
3.200E-1 4.64247133E-9
3.300E-1 6.90364874E-9
3.400E-1 1.02672427E-8
3.500E-1 1.52690226E-8
3.600E-1 2.27022211E-8
3.700E-1 3.37375042E-8
3.800E-1 5.00942534E-8
3.900E-1 7.42795066E-8
4.000E-1 1.09909037E-7
4.100E-1 1.62112107E-7
4.200E-1 2.37983643E-7
4.300E-1 3.46961876E-7
4.400E-1 5.00848342E-7
4.500E-1 7.12949679E-7
