0.000E+0 0
1.000E-2 4.98025377E-13
2.000E-2 1.19763201E-12
3.000E-2 2.18086738E-12
4.000E-2 3.56317968E-12
5.000E-2 5.50702403E-12
6.000E-2 8.24102438E-12
7.000E-2 1.208697E-11
8.000E-2 1.7497865E-11
9.000E-2 2.51115783E-11
1.000E-1 3.5826521E-11
1.100E-1 5.09084345E-11
1.200E-1 7.2141126E-11
1.300E-1 1.02039294E-10
1.400E-1 1.44149072E-10
1.500E-1 2.03472519E-10
1.600E-1 2.87067202E-10
1.700E-1 4.04893163E-10
1.800E-1 5.71009392E-10
1.900E-1 8.0526405E-10
2.000E-1 1.13568229E-9
2.100E-1 1.60183965E-9
2.200E-1 2.25962794E-9
2.300E-1 3.18798856E-9
2.400E-1 4.49842563E-9
2.500E-1 6.34844685E-9
2.600E-1 8.96055406E-9
2.700E-1 1.26490752E-8
2.800E-1 1.78580765E-8
2.900E-1 2.52149298E-8
3.000E-1 3.56060022E-8
3.100E-1 5.02836017E-8
3.200E-1 7.1017091E-8
3.300E-1 1.00306408E-7
3.400E-1 1.41683763E-7
3.500E-1 2.00139946E-7
3.600E-1 2.82726668E-7
3.700E-1 3.99407677E-7
3.800E-1 5.6426134E-7
3.900E-1 7.97179811E-7
4.000E-1 1.12626982E-6
4.100E-1 1.59124463E-6
4.200E-1 2.24821622E-6
4.300E-1 3.17646518E-6
4.400E-1 4.4880037E-6
4.500E-1 6.34108212E-6
