0.000E+0 -0.711208331
1.000E-2 -0.71120603
2.000E-2 -0.711203702
3.000E-2 -0.711201337
4.000E-2 -0.711198929
5.000E-2 -0.711196465
6.000E-2 -0.711193927
7.000E-2 -0.711191292
8.000E-2 -0.711188525
9.000E-2 -0.711185576
1.000E-1 -0.711182376
1.100E-1 -0.711178823
1.200E-1 -0.711174773
1.300E-1 -0.711170021
1.400E-1 -0.71116427
1.500E-1 -0.711157096
1.600E-1 -0.711147891
1.700E-1 -0.711135785
1.800E-1 -0.711119525
1.900E-1 -0.711097317
2.000E-1 -0.711066587
2.100E-1 -0.711023635
2.200E-1 -0.710963157
2.300E-1 -0.710877533
2.400E-1 -0.710755827
2.500E-1 -0.710582336
2.600E-1 -0.710334515
2.700E-1 -0.709979996
2.800E-1 -0.709472304
2.900E-1 -0.708744711
3.000E-1 -0.707701414
3.100E-1 -0.706204877
3.200E-1 -0.704057659
3.300E-1 -0.700976369
3.400E-1 -0.696554327
3.500E-1 -0.690208091
3.600E-1 -0.681100979
3.700E-1 -0.668033867
3.800E-1 -0.649289639
3.900E-1 -0.622412408
4.000E-1 -0.583895646
4.100E-1 -0.528744657
4.200E-1 -0.449868397
4.300E-1 -0.337244458
4.400E-1 -0.176790323
4.500E-1 0.0511352933
