0.000E+0 -0.712958414
1.000E-2 -0.712957057
2.000E-2 -0.712955693
3.000E-2 -0.712954319
4.000E-2 -0.712952933
5.000E-2 -0.712951535
6.000E-2 -0.712950123
7.000E-2 -0.712948693
8.000E-2 -0.712947242
9.000E-2 -0.712945764
1.000E-1 -0.712944251
1.100E-1 -0.712942691
1.200E-1 -0.712941067
1.300E-1 -0.712939354
1.400E-1 -0.712937515
1.500E-1 -0.712935498
1.600E-1 -0.712933226
1.700E-1 -0.712930585
1.800E-1 -0.71292741
1.900E-1 -0.712923462
2.000E-1 -0.712918389
2.100E-1 -0.712911677
2.200E-1 -0.712902577
2.300E-1 -0.712889991
2.400E-1 -0.712872317
2.500E-1 -0.712847213
2.600E-1 -0.712811255
2.700E-1 -0.712759438
2.800E-1 -0.712684446
2.900E-1 -0.712575585
3.000E-1 -0.712417223
3.100E-1 -0.712186506
3.200E-1 -0.711850029
3.300E-1 -0.711358955
3.400E-1 -0.710641894
3.500E-1 -0.709594486
3.600E-1 -0.708064168
3.700E-1 -0.705827923
3.800E-1 -0.702559731
3.900E-1 -0.697783019
4.000E-1 -0.690801138
4.100E-1 -0.680595773
4.200E-1 -0.665678481
4.300E-1 -0.643873799
4.400E-1 -0.612002435
4.500E-1 -0.565418742
4.600E-1 -0.497335804
4.700E-1 -0.397841477
4.800E-1 -0.252465634
4.900E-1 -0.040097607
5.000E-1 0.27003313
