0.000E+0 -0.473003179
1.000E-2 -0.472995239
2.000E-2 -0.47298725
3.000E-2 -0.472979206
4.000E-2 -0.472971105
5.000E-2 -0.472962941
6.000E-2 -0.472954708
7.000E-2 -0.472946396
8.000E-2 -0.472937996
9.000E-2 -0.472929489
1.000E-1 -0.472920854
1.100E-1 -0.472912058
1.200E-1 -0.472903057
1.300E-1 -0.472893789
1.400E-1 -0.472884162
1.500E-1 -0.472874048
1.600E-1 -0.472863262
1.700E-1 -0.47285154
1.800E-1 -0.472838498
1.900E-1 -0.472823581
2.000E-1 -0.472805988
2.100E-1 -0.472784552
2.200E-1 -0.472757579
2.300E-1 -0.472722606
2.400E-1 -0.472676044
2.500E-1 -0.472612665
2.600E-1 -0.472524846
2.700E-1 -0.472401472
2.800E-1 -0.47222632
2.900E-1 -0.471975717
3.000E-1 -0.471615102
3.100E-1 -0.471094007
3.200E-1 -0.470338729
3.300E-1 -0.469241614
3.400E-1 -0.467645396
3.500E-1 -0.465320314
3.600E-1 -0.461930674
3.700E-1 -0.456985974
3.800E-1 -0.449769499
3.900E-1 -0.439233985
4.000E-1 -0.423849214
4.100E-1 -0.401379441
4.200E-1 -0.368558504
4.300E-1 -0.32061584
4.400E-1 -0.250585672
4.500E-1 -0.148301479
4.600E-1 0.00106474182
