0.000E+0 0
1.000E-2 2.13829205E-14
2.000E-2 5.16087562E-14
3.000E-2 9.43792985E-14
4.000E-2 1.54945852E-13
5.000E-2 2.40758203E-13
6.000E-2 3.62386043E-13
7.000E-2 5.34827845E-13
8.000E-2 7.79371103E-13
9.000E-2 1.12623775E-12
1.000E-1 1.61834853E-12
1.100E-1 2.31668309E-12
1.200E-1 3.30791651E-12
1.300E-1 4.71530525E-12
1.400E-1 6.71421169E-12
1.500E-1 9.55425184E-12
1.600E-1 1.35908995E-11
1.700E-1 1.93305928E-11
1.800E-1 2.74951182E-11
1.900E-1 3.91135179E-11
2.000E-1 5.56532944E-11
2.100E-1 7.92077179E-11
2.200E-1 1.12763243E-10
2.300E-1 1.60581298E-10
2.400E-1 2.28743393E-10
2.500E-1 3.25929421E-10
2.600E-1 4.64528916E-10
2.700E-1 6.62227754E-10
2.800E-1 9.44273651E-10
2.900E-1 1.34671081E-9
3.000E-1 1.9209981E-9
3.100E-1 2.74060201E-9
3.200E-1 3.91040774E-9
3.300E-1 5.58015081E-9
3.400E-1 7.96358182E-9
3.500E-1 1.13658017E-8
3.600E-1 1.62222298E-8
3.700E-1 2.31541143E-8
3.800E-1 3.30475206E-8
3.900E-1 4.71655529E-8
4.000E-1 6.73074404E-8
4.100E-1 9.60333378E-8
4.200E-1 1.36980545E-7
4.300E-1 1.95305429E-7
4.400E-1 2.78295245E-7
4.500E-1 3.96203848E-7
