0.000E+0 -0.298667576
1.000E-2 -0.298663171
2.000E-2 -0.29865874
3.000E-2 -0.298654281
4.000E-2 -0.298649788
5.000E-2 -0.298645253
6.000E-2 -0.298640666
7.000E-2 -0.298636013
8.000E-2 -0.298631272
9.000E-2 -0.298626415
1.000E-1 -0.298621398
1.100E-1 -0.298616161
1.200E-1 -0.298610614
1.300E-1 -0.298604632
1.400E-1 -0.298598032
1.500E-1 -0.298590551
1.600E-1 -0.298581809
1.700E-1 -0.298571259
1.800E-1 -0.298558113
1.900E-1 -0.29854123
2.000E-1 -0.298518969
2.100E-1 -0.298488956
2.200E-1 -0.298447768
2.300E-1 -0.298390461
2.400E-1 -0.2983099
2.500E-1 -0.298195781
2.600E-1 -0.298033229
2.700E-1 -0.297800765
2.800E-1 -0.297467375
2.900E-1 -0.296988275
3.000E-1 -0.296298797
3.100E-1 -0.295305556
3.200E-1 -0.293873697
3.300E-1 -0.291808479
3.400E-1 -0.288828668
3.500E-1 -0.284528126
3.600E-1 -0.278320327
3.700E-1 -0.26935823
3.800E-1 -0.256418564
3.900E-1 -0.237734709
4.000E-1 -0.210755357
4.100E-1 -0.171795997
4.200E-1 -0.115535647
4.300E-1 -0.0342901778
4.400E-1 0.0830368498
