0.000E+0 0
1.000E-2 2.12642947E-12
2.000E-2 5.02739976E-12
3.000E-2 8.99652032E-12
4.000E-2 1.44382631E-11
5.000E-2 2.19098163E-11
6.000E-2 3.21789064E-11
7.000E-2 4.63038427E-11
8.000E-2 6.57445874E-11
9.000E-2 9.25172694E-11
1.000E-1 1.294097E-10
1.100E-1 1.80282728E-10
1.200E-1 2.50492574E-10
1.300E-1 3.47483851E-10
1.400E-1 4.81623479E-10
1.500E-1 6.67374645E-10
1.600E-1 9.2495069E-10
1.700E-1 1.28264627E-9
1.800E-1 1.78012417E-9
1.900E-1 2.47305063E-9
2.000E-1 3.43963354E-9
2.100E-1 4.78984633E-9
2.200E-1 6.67844281E-9
2.300E-1 9.32332399E-9
2.400E-1 1.3031462E-8
2.500E-1 1.82354949E-8
2.600E-1 2.55453917E-8
2.700E-1 3.58214024E-8
2.800E-1 5.02770692E-8
2.900E-1 7.06246989E-8
3.000E-1 9.92808114E-8
3.100E-1 1.39656302E-7
3.200E-1 1.96566255E-7
3.300E-1 2.76808763E-7
3.400E-1 3.89982416E-7
3.500E-1 5.49640829E-7
3.600E-1 7.74923037E-7
3.700E-1 1.09285555E-6
3.800E-1 1.54160212E-6
3.900E-1 2.17505E-6
4.000E-1 3.06927947E-6
4.100E-1 4.33168419E-6
4.200E-1 6.11381709E-6
4.300E-1 8.6294606E-6
4.400E-1 1.21799999E-5
4.500E-1 1.718996E-5
