0.000E+0 0
1.000E-2 1.62188832E-11
2.000E-2 3.88110076E-11
3.000E-2 7.03091288E-11
4.000E-2 1.1425091E-10
5.000E-2 1.75577211E-10
6.000E-2 2.61188653E-10
7.000E-2 3.80723929E-10
8.000E-2 5.47649112E-10
9.000E-2 7.80783746E-10
1.000E-1 1.10644108E-9
1.100E-1 1.56143277E-9
1.200E-1 2.19729154E-9
1.300E-1 3.08621065E-9
1.400E-1 4.32940486E-9
1.500E-1 6.06888675E-9
1.600E-1 8.5040612E-9
1.700E-1 1.19151161E-8
1.800E-1 1.66959994E-8
1.900E-1 2.3400918E-8
2.000E-1 3.28099083E-8
2.100E-1 4.60213084E-8
2.200E-1 6.45821761E-8
2.300E-1 9.06722347E-8
2.400E-1 1.27363325E-7
2.500E-1 1.78985374E-7
2.600E-1 2.516426E-7
2.700E-1 3.53941631E-7
2.800E-1 4.98018465E-7
2.900E-1 7.0098675E-7
3.000E-1 9.86979917E-7
3.100E-1 1.39002987E-6
3.200E-1 1.95812335E-6
3.300E-1 2.7589146E-6
3.400E-1 3.88776416E-6
3.500E-1 5.4790381E-6
3.600E-1 7.7219651E-6
3.700E-1 1.08828401E-5
3.800E-1 1.53360183E-5
3.900E-1 2.16069943E-5
4.000E-1 3.04319942E-5
4.100E-1 4.28393947E-5
4.200E-1 6.02605584E-5
4.300E-1 8.467749E-5
4.400E-1 0.000118816311
4.500E-1 0.000166393481
