0.000000000E+0 4.547289000E-2
1.000000000E-4 4.547289000E-2
2.010000000E-4 4.547289000E-2
3.040000000E-4 4.547289000E-2
4.120000000E-4 4.547289000E-2
5.260000000E-4 4.547289000E-2
6.470000000E-4 4.547289000E-2
7.800000000E-4 4.547289000E-2
9.260000000E-4 4.547289000E-2
1.088000000E-3 4.547289000E-2
1.271000000E-3 4.547289000E-2
1.479000000E-3 4.547289000E-2
1.718000000E-3 4.547289000E-2
1.996000000E-3 4.547289000E-2
2.321000000E-3 4.547289000E-2
2.705000000E-3 4.547289000E-2
3.160000000E-3 4.547289000E-2
3.703000000E-3 4.547289000E-2
4.353000000E-3 4.547289000E-2
5.135000000E-3 4.547289000E-2
6.078000000E-3 4.547289000E-2
7.218000000E-3 4.547289000E-2
8.596000000E-3 4.547289000E-2
1.026200000E-2 4.547289000E-2
1.227700000E-2 4.547289000E-2
1.470900000E-2 4.547289000E-2
1.763900000E-2 4.547289000E-2
2.116100000E-2 4.547289000E-2
2.537800000E-2 4.547289000E-2
3.041000000E-2 4.547289000E-2
3.638600000E-2 4.547289000E-2
4.344900000E-2 4.547289000E-2
5.174900000E-2 4.547289000E-2
6.144600000E-2 4.547289000E-2
7.270200000E-2 4.547289000E-2
8.567500000E-2 4.547289000E-2
1.005220000E-1 4.547289000E-2
1.173810000E-1 4.547289000E-2
1.363730000E-1 4.547289000E-2
1.575890000E-1 4.547289000E-2
1.810870000E-1 4.547289000E-2
2.068810000E-1 4.547289000E-2
2.349360000E-1 4.547289000E-2
2.651660000E-1 4.547289000E-2
2.974300000E-1 4.547289000E-2
3.315310000E-1 4.547289000E-2
3.672200000E-1 4.547289000E-2
4.041980000E-1 4.547289000E-2
4.421290000E-1 4.547289000E-2
4.806440000E-1 4.547289000E-2
5.193560000E-1 4.547289000E-2
5.578710000E-1 4.547289000E-2
5.958020000E-1 4.547289000E-2
6.327800000E-1 4.547289000E-2
6.684690000E-1 4.547289000E-2
7.025700000E-1 4.547289000E-2
7.348340000E-1 4.547289000E-2
7.650640000E-1 4.547289000E-2
7.931190000E-1 4.547289000E-2
8.189130000E-1 4.547289000E-2
8.424110000E-1 4.547289000E-2
8.636270000E-1 4.547289000E-2
8.826190000E-1 4.547289000E-2
8.994780000E-1 4.547289000E-2
9.143250000E-1 4.547289000E-2
9.272980000E-1 4.547289000E-2
9.385540000E-1 4.547289000E-2
9.482510000E-1 4.547289000E-2
9.565510000E-1 4.547289000E-2
9.636140000E-1 4.547289000E-2
9.695900000E-1 4.547289000E-2
9.746220000E-1 4.547292000E-2
9.788390000E-1 4.547310000E-2
9.823610000E-1 4.547405000E-2
9.852910000E-1 4.547797000E-2
9.877230000E-1 4.549058000E-2
9.897380000E-1 4.552337000E-2
9.914040000E-1 4.559417000E-2
9.927820000E-1 4.572433000E-2
9.939220000E-1 4.593326000E-2
9.948650000E-1 4.623273000E-2
9.956470000E-1 4.662375000E-2
9.962970000E-1 4.709702000E-2
9.968400000E-1 4.763601000E-2
9.972950000E-1 4.822099000E-2
9.976790000E-1 4.883259000E-2
9.980040000E-1 4.945414000E-2
9.982820000E-1 5.007279000E-2
9.985210000E-1 5.067968000E-2
9.987290000E-1 5.126954000E-2
9.989120000E-1 5.184009000E-2
9.990740000E-1 5.239127000E-2
9.992200000E-1 5.292477000E-2
9.993530000E-1 5.344346000E-2
9.994740000E-1 5.395116000E-2
9.995880000E-1 5.445242000E-2
9.996960000E-1 5.495250000E-2
9.997990000E-1 5.545742000E-2
9.999000000E-1 5.597421000E-2
1.000000000E+0 5.651130000E-2
1.000000000E+0 1.021983000E-1
1.000100000E+0 1.027440400E-1
1.000201000E+0 1.032897600E-1
1.000307000E+0 1.038507100E-1
1.000421000E+0 1.044420000E-1
1.000545000E+0 1.050796300E-1
1.000684000E+0 1.057813200E-1
1.000844000E+0 1.065673800E-1
1.001029000E+0 1.074615300E-1
1.001249000E+0 1.084917100E-1
1.001513000E+0 1.096907000E-1
1.001834000E+0 1.110964800E-1
1.002231000E+0 1.127519400E-1
1.002724000E+0 1.147035900E-1
1.003345000E+0 1.169986300E-1
1.004133000E+0 1.196796500E-1
1.005138000E+0 1.227764900E-1
1.006428000E+0 1.262949500E-1
1.008093000E+0 1.302030200E-1
1.010249000E+0 1.344168500E-1
1.013049000E+0 1.387904700E-1
1.016690000E+0 1.431151300E-1
1.021426000E+0 1.471357600E-1
1.027587000E+0 1.505903100E-1
1.035590000E+0 1.532716300E-1
1.045962000E+0 1.550962000E-1
1.059363000E+0 1.561441600E-1
1.076610000E+0 1.566298500E-1
1.098701000E+0 1.568029100E-1
1.126841000E+0 1.568481900E-1
1.162462000E+0 1.568565700E-1
1.207240000E+0 1.568576300E-1
1.263098000E+0 1.568577300E-1
1.332204000E+0 1.568577300E-1
1.416939000E+0 1.568577300E-1
1.519860000E+0 1.568577300E-1
1.643621000E+0 1.568577300E-1
1.790887000E+0 1.568577300E-1
1.964203000E+0 1.568577300E-1
2.165861000E+0 1.568577300E-1
2.397736000E+0 1.568577300E-1
2.661124000E+0 1.568577300E-1
2.956583000E+0 1.568577300E-1
3.283796000E+0 1.568577300E-1
3.641467000E+0 1.568577300E-1
4.027260000E+0 1.568577300E-1
4.437807000E+0 1.568577300E-1
4.868771000E+0 1.568577300E-1
5.314975000E+0 1.568577300E-1
5.770596000E+0 1.568577300E-1
2.162294040E+2 1.568577300E-1
2.166850250E+2 1.568577300E-1
2.171312290E+2 1.568577300E-1
2.175621930E+2 1.568577300E-1
2.179727400E+2 1.568577300E-1
2.183585330E+2 1.568577300E-1
2.187162040E+2 1.568577300E-1
2.190434170E+2 1.568577300E-1
2.193388760E+2 1.568577300E-1
2.196022640E+2 1.568577300E-1
2.198341390E+2 1.568577300E-1
2.200357970E+2 1.568577300E-1
2.202091130E+2 1.568577300E-1
2.203563790E+2 1.568577300E-1
2.204801400E+2 1.568577300E-1
2.205830610E+2 1.568577400E-1
2.206677960E+2 1.568579300E-1
2.207369020E+2 1.568629000E-1
2.207927600E+2 1.569484000E-1
2.208375380E+2 1.579379000E-1
2.208731590E+2 1.655716500E-1
2.209012990E+2 2.017629600E-1
2.209233900E+2 2.849214900E-1
2.209406370E+2 3.907519100E-1
2.209540380E+2 4.979588200E-1
2.209644100E+2 5.959290400E-1
2.209724130E+2 6.804630600E-1
2.209785740E+2 7.508496100E-1
2.209833100E+2 8.081076500E-1
2.209869510E+2 8.539790400E-1
2.209897510E+2 8.903855100E-1
2.209919070E+2 9.191558100E-1
2.209935720E+2 9.418975700E-1
2.209948620E+2 9.599474400E-1
2.209958670E+2 9.743704300E-1
2.209966550E+2 9.859904200E-1
2.209972760E+2 9.954350500E-1
2.209977690E+2 1.003181100E+0
2.209981660E+2 1.009593000E+0
2.209984870E+2 1.014952300E+0
2.209987510E+2 1.019479160E+0
2.209989710E+2 1.023347840E+0
2.209991560E+2 1.026697780E+0
2.209993160E+2 1.029642010E+0
2.209994550E+2 1.032273510E+0
2.209995790E+2 1.034670380E+0
2.209996930E+2 1.036900210E+0
2.209997990E+2 1.039023950E+0
2.209999000E+2 1.041099750E+0
2.210000000E+2 1.043187080E+0
