0.000E+0 0
1.000E-2 1.72434686E-12
2.000E-2 4.15603734E-12
3.000E-2 7.58905425E-12
4.000E-2 1.24390975E-11
5.000E-2 1.92937796E-11
6.000E-2 2.8983528E-11
7.000E-2 4.26818153E-11
8.000E-2 6.20469954E-11
9.000E-2 8.94232855E-11
1.000E-1 1.28126003E-10
1.100E-1 1.82847068E-10
1.200E-1 2.60232481E-10
1.300E-1 3.69706083E-10
1.400E-1 5.24646369E-10
1.500E-1 7.44069756E-10
1.600E-1 1.0550405E-9
1.700E-1 1.49612334E-9
1.800E-1 2.12233228E-9
1.900E-1 3.01222578E-9
2.000E-1 4.27808154E-9
2.100E-1 6.08048928E-9
2.200E-1 8.64928268E-9
2.300E-1 1.23135674E-8
2.400E-1 1.75448029E-8
2.500E-1 2.50186189E-8
2.600E-1 3.57035214E-8
2.700E-1 5.09881973E-8
2.800E-1 7.28642218E-8
2.900E-1 1.04188295E-7
3.000E-1 1.49058638E-7
3.100E-1 2.13355245E-7
3.200E-1 3.05515326E-7
3.300E-1 4.37646254E-7
3.400E-1 6.27122792E-7
3.500E-1 8.98879011E-7
3.600E-1 1.2886963E-6
3.700E-1 1.84791889E-6
3.800E-1 2.65021349E-6
3.900E-1 3.80125236E-6
4.000E-1 5.45257091E-6
4.100E-1 7.82137112E-6
4.200E-1 1.12187658E-5
4.300E-1 1.60899467E-5
4.400E-1 2.30710807E-5
4.500E-1 3.30694441E-5
