0.000E+0 0
1.000E-2 1.19487122E-14
2.000E-2 2.88161576E-14
3.000E-2 5.26890272E-14
4.000E-2 8.65358418E-14
5.000E-2 1.34578575E-13
6.000E-2 2.0282126E-13
7.000E-2 2.99802709E-13
8.000E-2 4.37669933E-13
9.000E-2 6.3371167E-13
1.000E-1 9.12553853E-13
1.100E-1 1.30930992E-12
1.200E-1 1.8741117E-12
1.300E-1 2.6786402E-12
1.400E-1 3.82555717E-12
1.500E-1 5.46214723E-12
1.600E-1 7.80007343E-12
1.700E-1 1.11440091E-11
1.800E-1 1.59331554E-11
1.900E-1 2.2801464E-11
2.000E-1 3.26650089E-11
2.100E-1 4.68487678E-11
2.200E-1 6.72706127E-11
2.300E-1 9.67083637E-11
2.400E-1 1.39187453E-10
2.500E-1 2.00543746E-10
2.600E-1 2.89240746E-10
2.700E-1 4.17556294E-10
2.800E-1 6.03305956E-10
2.900E-1 8.72346023E-10
3.000E-1 1.26220897E-9
3.100E-1 1.82738407E-9
3.200E-1 2.64698775E-9
3.300E-1 3.83590559E-9
3.400E-1 5.56097723E-9
3.500E-1 8.06450637E-9
3.600E-1 1.16984104E-8
3.700E-1 1.69738208E-8
3.800E-1 2.46331195E-8
3.900E-1 3.57545419E-8
4.000E-1 5.19040359E-8
4.100E-1 7.53556476E-8
4.200E-1 1.09411199E-7
4.300E-1 1.58863641E-7
4.400E-1 2.30667934E-7
4.500E-1 3.34910859E-7
