0.000E+0 0
1.000E-2 2.03115032E-15
2.000E-2 4.95281095E-15
3.000E-2 9.16642421E-15
4.000E-2 1.52534606E-14
5.000E-2 2.40557091E-14
6.000E-2 3.67912746E-14
7.000E-2 5.522223E-14
8.000E-2 8.18971165E-14
9.000E-2 1.20502142E-13
1.000E-1 1.76370669E-13
1.100E-1 2.57223898E-13
1.200E-1 3.74250347E-13
1.300E-1 5.4368325E-13
1.400E-1 7.89111671E-13
1.500E-1 1.1448749E-12
1.600E-1 1.66105824E-12
1.700E-1 2.41085763E-12
1.800E-1 3.50144872E-12
1.900E-1 5.09004032E-12
2.000E-1 7.40759606E-12
2.100E-1 1.07938975E-11
2.200E-1 1.57493817E-11
2.300E-1 2.30117919E-11
2.400E-1 3.36695375E-11
2.500E-1 4.93293692E-11
2.600E-1 7.23644332E-11
2.700E-1 1.06281282E-10
2.800E-1 1.56262946E-10
2.900E-1 2.29972602E-10
3.000E-1 3.38742922E-10
3.100E-1 4.99336275E-10
3.200E-1 7.36549669E-10
3.300E-1 1.0870696E-9
3.400E-1 1.60517574E-9
3.500E-1 2.3711782E-9
3.600E-1 3.50389376E-9
3.700E-1 5.17908414E-9
3.800E-1 7.65668136E-9
3.900E-1 1.13209357E-8
4.000E-1 1.67395042E-8
4.100E-1 2.47501603E-8
4.200E-1 3.65874819E-8
4.300E-1 5.40667299E-8
4.400E-1 7.98480863E-8
4.500E-1 1.17810602E-7
