0.000E+0 0
1.000E-2 2.26303687E-14
2.000E-2 5.50287947E-14
3.000E-2 1.01456824E-13
4.000E-2 1.68029272E-13
5.000E-2 2.63517129E-13
6.000E-2 4.00497858E-13
7.000E-2 5.97004018E-13
8.000E-2 8.78887608E-13
9.000E-2 1.28321384E-12
1.000E-1 1.86313813E-12
1.100E-1 2.6949237E-12
1.200E-1 3.88805425E-12
1.300E-1 5.59982783E-12
1.400E-1 8.05644756E-12
1.500E-1 1.15835386E-11
1.600E-1 1.6650349E-11
1.700E-1 2.39338183E-11
1.800E-1 3.44114944E-11
1.900E-1 4.94963331E-11
2.000E-1 7.12323036E-11
2.100E-1 1.0257827E-10
2.200E-1 1.4782003E-10
2.300E-1 2.13168425E-10
2.400E-1 3.0762763E-10
2.500E-1 4.44255741E-10
2.600E-1 6.41995065E-10
2.700E-1 9.28329652E-10
2.800E-1 1.34314407E-9
2.900E-1 1.94432632E-9
3.000E-1 2.81590275E-9
3.100E-1 4.07984799E-9
3.200E-1 5.91322676E-9
3.300E-1 8.57306765E-9
3.400E-1 1.2432441E-8
3.500E-1 1.80327543E-8
3.600E-1 2.61594882E-8
3.700E-1 3.79517441E-8
3.800E-1 5.50604334E-8
3.900E-1 7.98762129E-8
4.000E-1 1.15857056E-7
4.100E-1 1.67997664E-7
4.200E-1 2.43500419E-7
4.300E-1 3.52733243E-7
4.400E-1 5.10598648E-7
4.500E-1 7.3849805E-7
