0.000E+0 0
1.000E-2 1.12628041E-14
2.000E-2 2.75006483E-14
3.000E-2 5.09419497E-14
4.000E-2 8.48082744E-14
5.000E-2 1.33754424E-13
6.000E-2 2.04503093E-13
7.000E-2 3.06760623E-13
8.000E-2 4.54539651E-13
9.000E-2 6.68072029E-13
1.000E-1 9.7658032E-13
1.100E-1 1.42230145E-12
1.200E-1 2.0663412E-12
1.300E-1 2.99721153E-12
1.400E-1 4.34330583E-12
1.500E-1 6.29116055E-12
1.600E-1 9.11222392E-12
1.700E-1 1.32021332E-11
1.800E-1 1.91383826E-11
1.900E-1 2.7765026E-11
2.000E-1 4.03171171E-11
2.100E-1 5.86035578E-11
2.200E-1 8.52758054E-11
2.300E-1 1.24222799E-10
2.400E-1 1.81151471E-10
2.500E-1 2.64440143E-10
2.600E-1 3.86393245E-10
2.700E-1 5.65086242E-10
2.800E-1 8.27078639E-10
2.900E-1 1.21140383E-9
3.000E-1 1.775437E-9
3.100E-1 2.60352573E-9
3.200E-1 3.81968421E-9
3.300E-1 5.60626549E-9
3.400E-1 8.23142733E-9
3.500E-1 1.20895347E-8
3.600E-1 1.77605919E-8
3.700E-1 2.60976708E-8
3.800E-1 3.83555231E-8
3.900E-1 5.63797797E-8
4.000E-1 8.28852807E-8
4.100E-1 1.21865526E-7
4.200E-1 1.79195017E-7
4.300E-1 2.63515365E-7
4.400E-1 3.87538813E-7
4.500E-1 5.69965807E-7
