0.000E+0 -0.608948733
1.000E-2 -0.608947439
2.000E-2 -0.608946138
3.000E-2 -0.608944828
4.000E-2 -0.608943507
5.000E-2 -0.608942174
6.000E-2 -0.608940825
7.000E-2 -0.608939455
8.000E-2 -0.608938058
9.000E-2 -0.608936623
1.000E-1 -0.608935136
1.100E-1 -0.608933577
1.200E-1 -0.608931915
1.300E-1 -0.608930108
1.400E-1 -0.608928091
1.500E-1 -0.608925773
1.600E-1 -0.608923022
1.700E-1 -0.608919643
1.800E-1 -0.608915357
1.900E-1 -0.608909757
2.000E-1 -0.608902249
2.100E-1 -0.608891974
2.200E-1 -0.608877682
2.300E-1 -0.608857559
2.400E-1 -0.608828968
2.500E-1 -0.608788075
2.600E-1 -0.608729316
2.700E-1 -0.608644601
2.800E-1 -0.608522179
2.900E-1 -0.608344975
3.000E-1 -0.608088182
3.100E-1 -0.607715756
3.200E-1 -0.607175326
3.300E-1 -0.606390802
3.400E-1 -0.605251631
3.500E-1 -0.603597185
3.600E-1 -0.601194079
3.700E-1 -0.597703225
3.800E-1 -0.592631949
3.900E-1 -0.585264426
4.000E-1 -0.574560622
4.100E-1 -0.559009444
4.200E-1 -0.536415406
4.300E-1 -0.503588674
4.400E-1 -0.455894773
4.500E-1 -0.386600409
4.600E-1 -0.285923172
4.700E-1 -0.139651169
4.800E-1 0.0728618199
