0.000E+0 -0.568805591
1.000E-2 -0.568803853
2.000E-2 -0.568802104
3.000E-2 -0.568800344
4.000E-2 -0.568798573
5.000E-2 -0.568796786
6.000E-2 -0.568794982
7.000E-2 -0.568793154
8.000E-2 -0.568791295
9.000E-2 -0.568789395
1.000E-1 -0.56878744
1.100E-1 -0.568785407
1.200E-1 -0.568783266
1.300E-1 -0.568780971
1.400E-1 -0.568778456
1.500E-1 -0.568775625
1.600E-1 -0.568772341
1.700E-1 -0.568768403
1.800E-1 -0.568763519
1.900E-1 -0.568757264
2.000E-1 -0.568749023
2.100E-1 -0.568737901
2.200E-1 -0.568722599
2.300E-1 -0.56870123
2.400E-1 -0.568671049
2.500E-1 -0.568628072
2.600E-1 -0.568566509
2.700E-1 -0.568477948
2.800E-1 -0.568350167
2.900E-1 -0.568165406
3.000E-1 -0.567897867
3.100E-1 -0.567510059
3.200E-1 -0.566947517
3.300E-1 -0.566131103
3.400E-1 -0.564945836
3.500E-1 -0.563224654
3.600E-1 -0.560724829
3.700E-1 -0.55709369
3.800E-1 -0.551818828
3.900E-1 -0.544155753
4.000E-1 -0.533022767
4.100E-1 -0.516848251
4.200E-1 -0.493348773
4.300E-1 -0.45920672
4.400E-1 -0.409601961
4.500E-1 -0.33753147
4.600E-1 -0.232820955
4.700E-1 -0.0806892223
4.800E-1 0.140336955
