0.000E+0 0
1.000E-2 3.57585642E-13
2.000E-2 8.52484084E-13
3.000E-2 1.53980021E-12
4.000E-2 2.49640353E-12
5.000E-2 3.8293733E-12
6.000E-2 5.68768465E-12
7.000E-2 8.27839424E-12
8.000E-2 1.18891002E-11
9.000E-2 1.69192016E-11
1.000E-1 2.39235805E-11
1.100E-1 3.36739412E-11
1.200E-1 4.72454134E-11
1.300E-1 6.6139495E-11
1.400E-1 9.24594815E-11
1.500E-1 1.29161884E-10
1.600E-1 1.80417982E-10
1.700E-1 2.52135035E-10
1.800E-1 3.52708866E-10
1.900E-1 4.94111641E-10
2.000E-1 6.93465157E-10
2.100E-1 9.75317417E-10
2.200E-1 1.37493819E-9
2.300E-1 1.94309153E-9
2.400E-1 2.75294977E-9
2.500E-1 3.91011365E-9
2.600E-1 5.56713906E-9
2.700E-1 7.94460337E-9
2.800E-1 1.13616639E-8
2.900E-1 1.62803951E-8
3.000E-1 2.33701288E-8
3.100E-1 3.3600838E-8
3.200E-1 4.83786876E-8
3.300E-1 6.97428141E-8
3.400E-1 1.00651004E-7
3.500E-1 1.45394444E-7
3.600E-1 2.10199845E-7
3.700E-1 3.04103533E-7
3.800E-1 4.40220156E-7
3.900E-1 6.37583738E-7
4.000E-1 9.23818266E-7
4.100E-1 1.33900941E-6
4.200E-1 1.94131286E-6
4.300E-1 2.81506824E-6
4.400E-1 4.08251667E-6
4.500E-1 5.92067781E-6
