0.000E+0 0
1.000E-2 3.25797149E-16
2.000E-2 8.00021286E-16
3.000E-2 1.49122409E-15
4.000E-2 2.49937488E-15
5.000E-2 3.97011047E-15
6.000E-2 6.11538963E-15
7.000E-2 9.2434225E-15
8.000E-2 1.38020461E-14
9.000E-2 2.04416297E-14
1.000E-1 3.01064209E-14
1.100E-1 4.41674469E-14
1.200E-1 6.46163627E-14
1.300E-1 9.43490422E-14
1.400E-1 1.37581803E-13
1.500E-1 2.00464262E-13
1.600E-1 2.91984368E-13
1.700E-1 4.25308149E-13
1.800E-1 6.19766671E-13
1.900E-1 9.03806623E-13
2.000E-1 1.31937545E-12
2.100E-1 1.92844177E-12
2.200E-1 2.82269405E-12
2.300E-1 4.13797024E-12
2.400E-1 6.07573088E-12
2.500E-1 8.93502073E-12
2.600E-1 1.31600516E-11
2.700E-1 1.94110547E-11
2.800E-1 2.86697992E-11
2.900E-1 4.23967601E-11
3.000E-1 6.27652412E-11
3.100E-1 9.3010161E-11
3.200E-1 1.37947682E-10
3.300E-1 2.04749369E-10
3.400E-1 3.04095527E-10
3.500E-1 4.51893258E-10
3.600E-1 6.71835344E-10
3.700E-1 9.99210441E-10
3.800E-1 1.48657414E-9
3.900E-1 2.21218463E-9
4.000E-1 3.29254008E-9
4.100E-1 4.90098994E-9
4.200E-1 7.29532111E-9
4.300E-1 1.08585714E-8
4.400E-1 1.61592963E-8
4.500E-1 2.404042E-8
