0.000E+0 -0.702531486
1.000E-2 -0.702529309
2.000E-2 -0.702526993
3.000E-2 -0.702524487
4.000E-2 -0.702521717
5.000E-2 -0.702518581
6.000E-2 -0.702514938
7.000E-2 -0.702510585
8.000E-2 -0.702505241
9.000E-2 -0.702498511
1.000E-1 -0.702489838
1.100E-1 -0.702478441
1.200E-1 -0.702463223
1.300E-1 -0.702442641
1.400E-1 -0.702414527
1.500E-1 -0.702375836
1.600E-1 -0.702322287
1.700E-1 -0.702247862
1.800E-1 -0.702144105
1.900E-1 -0.701999127
2.000E-1 -0.701796219
2.100E-1 -0.701511893
2.200E-1 -0.701113129
2.300E-1 -0.700553513
2.400E-1 -0.699767796
2.500E-1 -0.698664258
2.600E-1 -0.697113959
2.700E-1 -0.69493564
2.800E-1 -0.691874496
2.900E-1 -0.687572336
3.000E-1 -0.681525638
3.100E-1 -0.673026604
3.200E-1 -0.661080312
3.300E-1 -0.644288314
3.400E-1 -0.620685092
3.500E-1 -0.587508383
3.600E-1 -0.540876725
3.700E-1 -0.475337009
3.800E-1 -0.383230117
3.900E-1 -0.253802466
4.000E-1 -0.0719634883
4.100E-1 0.183448493
