0.000E+0 0
1.000E-2 4.57462408E-16
2.000E-2 1.10728472E-15
3.000E-2 2.03316272E-15
4.000E-2 3.35496795E-15
5.000E-2 5.2442848E-15
6.000E-2 7.94661112E-15
7.000E-2 1.18131088E-14
8.000E-2 1.73460787E-14
9.000E-2 2.52642235E-14
1.000E-1 3.65965477E-14
1.100E-1 5.28178604E-14
1.200E-1 7.60449412E-14
1.300E-1 1.09321436E-13
1.400E-1 1.57032853E-13
1.500E-1 2.25512594E-13
1.600E-1 3.23928742E-13
1.700E-1 4.65583492E-13
1.800E-1 6.69819042E-13
1.900E-1 9.64814601E-13
2.000E-1 1.39169259E-12
2.100E-1 2.01054829E-12
2.200E-1 2.90930572E-12
2.300E-1 4.21672689E-12
2.400E-1 6.12152584E-12
2.500E-1 8.90045752E-12
2.600E-1 1.29596022E-11
2.700E-1 1.88950538E-11
2.800E-1 2.75821425E-11
2.900E-1 4.03066234E-11
3.000E-1 5.89575858E-11
3.100E-1 8.63111428E-11
3.200E-1 1.26447644E-10
3.300E-1 1.85365288E-10
3.400E-1 2.7188261E-10
3.500E-1 3.98965878E-10
3.600E-1 5.85681458E-10
3.700E-1 8.60067353E-10
3.800E-1 1.26335654E-9
3.900E-1 1.856188E-9
4.000E-1 2.72774005E-9
4.100E-1 4.00915848E-9
4.200E-1 5.89329386E-9
4.300E-1 8.66370116E-9
4.400E-1 1.27372229E-8
4.500E-1 1.87264642E-8
