0.000E+0 0
1.000E-2 3.04888093E-14
2.000E-2 7.40109877E-14
3.000E-2 1.36176095E-13
4.000E-2 2.25007448E-13
5.000E-2 3.5198068E-13
6.000E-2 5.33509538E-13
7.000E-2 7.93071929E-13
8.000E-2 1.16425293E-12
9.000E-2 1.69510161E-12
1.000E-1 2.45437099E-12
1.100E-1 3.54045865E-12
1.200E-1 5.09422119E-12
1.300E-1 7.31734795E-12
1.400E-1 1.04987137E-11
1.500E-1 1.50521848E-11
1.600E-1 2.15708669E-11
1.700E-1 3.0904953E-11
1.800E-1 4.42734453E-11
1.900E-1 6.34244859E-11
2.000E-1 9.08654271E-11
2.100E-1 1.30192927E-10
2.200E-1 1.86566438E-10
2.300E-1 2.67387139E-10
2.400E-1 3.83270908E-10
2.500E-1 5.49441608E-10
2.600E-1 7.87723941E-10
2.700E-1 1.12938914E-9
2.800E-1 1.61920865E-9
2.900E-1 2.32120833E-9
3.000E-1 3.32679502E-9
3.100E-1 4.76614823E-9
3.200E-1 6.82401513E-9
3.300E-1 9.76125735E-9
3.400E-1 1.39435304E-8
3.500E-1 1.98780266E-8
3.600E-1 2.82577074E-8
3.700E-1 4.00089523E-8
3.800E-1 5.63318538E-8
3.900E-1 7.87117567E-8
4.000E-1 1.08868123E-7
4.100E-1 1.48601628E-7
4.200E-1 1.99523141E-7
4.300E-1 2.62724318E-7
4.400E-1 3.38576148E-7
4.500E-1 4.26938927E-7
