0.000E+0 0
1.000E-2 5.61958721E-12
2.000E-2 1.35664793E-11
3.000E-2 2.48206642E-11
4.000E-2 4.07741778E-11
5.000E-2 6.34041726E-11
6.000E-2 9.55187831E-11
7.000E-2 1.41106583E-10
8.000E-2 2.05833622E-10
9.000E-2 2.97750956E-10
1.000E-1 4.28302778E-10
1.100E-1 6.13764372E-10
1.200E-1 8.77295319E-10
1.300E-1 1.25187424E-9
1.400E-1 1.78449744E-9
1.500E-1 2.54219052E-9
1.600E-1 3.62062089E-9
1.700E-1 5.15644214E-9
1.800E-1 7.34499222E-9
1.900E-1 1.04656718E-8
2.000E-1 1.4918339E-8
2.100E-1 2.12755025E-8
2.200E-1 3.03571701E-8
2.300E-1 4.33381728E-8
2.400E-1 6.19020298E-8
2.500E-1 8.84614678E-8
2.600E-1 1.26474323E-7
2.700E-1 1.80895762E-7
2.800E-1 2.58824962E-7
2.900E-1 3.7042846E-7
3.000E-1 5.30255585E-7
3.100E-1 7.59106425E-7
3.200E-1 1.08667202E-6
3.300E-1 1.55524089E-6
3.400E-1 2.22485177E-6
3.500E-1 3.18035541E-6
3.600E-1 4.54089232E-6
3.700E-1 6.47222437E-6
3.800E-1 9.20208702E-6
3.900E-1 1.30377215E-5
4.000E-1 1.8383913E-5
4.100E-1 2.57567546E-5
4.200E-1 3.57863959E-5
4.300E-1 4.91990583E-5
4.400E-1 6.67661873E-5
4.500E-1 8.92011057E-5
