0.000E+0 0
1.000E-2 2.72329411E-14
2.000E-2 6.4774975E-14
3.000E-2 1.16723704E-13
4.000E-2 1.88779193E-13
5.000E-2 2.88860721E-13
6.000E-2 4.27959924E-13
7.000E-2 6.2132329E-13
8.000E-2 8.90096325E-13
9.000E-2 1.26361926E-12
1.000E-1 1.78264885E-12
1.100E-1 2.50390527E-12
1.200E-1 3.50652589E-12
1.300E-1 4.90127424E-12
1.400E-1 6.84373999E-12
1.500E-1 9.55332648E-12
1.600E-1 1.33406321E-11
1.700E-1 1.86470016E-11
1.800E-1 2.61017141E-11
1.900E-1 3.66047256E-11
2.000E-1 5.14464389E-11
2.100E-1 7.2481134E-11
2.200E-1 1.02378196E-10
2.300E-1 1.4498617E-10
2.400E-1 2.05860503E-10
2.500E-1 2.93028827E-10
2.600E-1 4.18101023E-10
2.700E-1 5.97879825E-10
2.800E-1 8.56698185E-10
2.900E-1 1.22981195E-9
3.000E-1 1.7683251E-9
3.100E-1 2.54634086E-9
3.200E-1 3.67134561E-9
3.300E-1 5.29928866E-9
3.400E-1 7.65648297E-9
3.500E-1 1.10714143E-8
3.600E-1 1.60209441E-8
3.700E-1 2.31974216E-8
3.800E-1 3.36061733E-8
3.900E-1 4.87071172E-8
4.000E-1 7.06204839E-8
4.100E-1 1.02425658E-7
4.200E-1 1.48595285E-7
4.300E-1 2.15625856E-7
4.400E-1 3.12953617E-7
4.500E-1 4.54284807E-7
