0.000E+0 0
1.000E-2 1.55929537E-14
2.000E-2 3.81596731E-14
3.000E-2 7.08540469E-14
4.000E-2 1.18250678E-13
5.000E-2 1.86981677E-13
6.000E-2 2.8665803E-13
7.000E-2 4.31203026E-13
8.000E-2 6.40782999E-13
9.000E-2 9.44605262E-13
1.000E-1 1.3849774E-12
1.100E-1 2.02320501E-12
1.200E-1 2.94817492E-12
1.300E-1 4.2888688E-12
1.400E-1 6.23263956E-12
1.500E-1 9.05194817E-12
1.600E-1 1.31435316E-11
1.700E-1 1.90858441E-11
1.800E-1 2.7723364E-11
1.900E-1 4.02903924E-11
2.000E-1 5.85929063E-11
2.100E-1 8.5275742E-11
2.200E-1 1.24215205E-10
2.300E-1 1.8109606E-10
2.400E-1 2.64259576E-10
2.500E-1 3.85950116E-10
2.600E-1 5.64147734E-10
2.700E-1 8.25262527E-10
2.800E-1 1.20809625E-9
2.900E-1 1.76966766E-9
3.000E-1 2.59377865E-9
3.100E-1 3.80361118E-9
3.200E-1 5.58025169E-9
3.300E-1 8.18993153E-9
3.400E-1 1.20240825E-8
3.500E-1 1.76582298E-8
3.600E-1 2.59385683E-8
3.700E-1 3.81092029E-8
3.800E-1 5.5999083E-8
3.900E-1 8.22964947E-8
4.000E-1 1.20951816E-7
4.100E-1 1.77767871E-7
4.200E-1 2.61264085E-7
4.300E-1 3.8393931E-7
4.400E-1 5.64113673E-7
4.500E-1 8.28609761E-7
