0.000E+0 0
1.000E-2 1.97849727E-14
2.000E-2 4.81871505E-14
3.000E-2 8.89934618E-14
4.000E-2 1.47652059E-13
5.000E-2 2.3199992E-13
6.000E-2 3.53309554E-13
7.000E-2 5.27795681E-13
8.000E-2 7.78785687E-13
9.000E-2 1.13984928E-12
1.000E-1 1.65931599E-12
1.100E-1 2.40680318E-12
1.200E-1 3.48265982E-12
1.300E-1 5.03164187E-12
1.400E-1 7.2627325E-12
1.500E-1 1.04778876E-11
1.600E-1 1.51137458E-11
1.700E-1 2.1802171E-11
1.800E-1 3.14581464E-11
1.900E-1 4.54073943E-11
2.000E-1 6.55716917E-11
2.100E-1 9.47379806E-11
2.200E-1 1.36949189E-10
2.300E-1 1.9807184E-10
2.400E-1 2.86620466E-10
2.500E-1 4.14955086E-10
2.600E-1 6.01020644E-10
2.700E-1 8.70873807E-10
2.800E-1 1.26235366E-9
2.900E-1 1.83041433E-9
3.000E-1 2.65487211E-9
3.100E-1 3.85166079E-9
3.200E-1 5.58918386E-9
3.300E-1 8.11207221E-9
3.400E-1 1.17757016E-8
3.500E-1 1.70963433E-8
3.600E-1 2.48240296E-8
3.700E-1 3.60484214E-8
3.800E-1 5.23526289E-8
3.900E-1 7.60367042E-8
4.000E-1 1.10442366E-7
4.100E-1 1.60424807E-7
4.200E-1 2.33038211E-7
4.300E-1 3.38531763E-7
4.400E-1 4.91796788E-7
4.500E-1 7.14469313E-7
