0.000E+0 0
1.000E-2 3.27657865E-14
2.000E-2 7.93292833E-14
3.000E-2 1.45624489E-13
4.000E-2 2.4006564E-13
5.000E-2 3.74642978E-13
6.000E-2 5.66263052E-13
7.000E-2 8.38806915E-13
8.000E-2 1.22580091E-12
9.000E-2 1.77475681E-12
1.000E-1 2.55210158E-12
1.100E-1 3.65129919E-12
1.200E-1 5.20380422E-12
1.300E-1 7.39484646E-12
1.400E-1 1.04861735E-11
1.500E-1 1.4849038E-11
1.600E-1 2.10123099E-11
1.700E-1 2.9732937E-11
1.800E-1 4.20994232E-11
1.900E-1 5.96840531E-11
2.000E-1 8.47670526E-11
2.100E-1 1.20666889E-10
2.200E-1 1.72227209E-10
2.300E-1 2.46535026E-10
2.400E-1 3.53980495E-10
2.500E-1 5.0982146E-10
2.600E-1 7.36494228E-10
2.700E-1 1.06702786E-9
2.800E-1 1.55009067E-9
2.900E-1 2.2574515E-9
3.000E-1 3.29501386E-9
3.100E-1 4.81913729E-9
3.200E-1 7.06078358E-9
3.300E-1 1.03612444E-8
3.400E-1 1.52250114E-8
3.500E-1 2.23980221E-8
3.600E-1 3.29834702E-8
3.700E-1 4.86132261E-8
3.800E-1 7.17015863E-8
3.900E-1 1.05820905E-7
4.000E-1 1.56257674E-7
4.100E-1 2.30835756E-7
4.200E-1 3.41135122E-7
4.300E-1 5.04296112E-7
4.400E-1 7.45690478E-7
4.500E-1 1.10287543E-6
