0.000E+0 0
1.000E-2 9.22550063E-15
2.000E-2 2.23687084E-14
3.000E-2 4.11038715E-14
4.000E-2 6.78200314E-14
5.000E-2 1.05925925E-13
6.000E-2 1.60285061E-13
7.000E-2 2.37836783E-13
8.000E-2 3.48483208E-13
9.000E-2 5.06356596E-13
1.000E-1 7.31631429E-13
1.100E-1 1.05311705E-12
1.200E-1 1.51196958E-12
1.300E-1 2.16700957E-12
1.400E-1 3.10234436E-12
1.500E-1 4.4382989E-12
1.600E-1 6.34709657E-12
1.700E-1 9.07535969E-12
1.800E-1 1.29764011E-11
1.900E-1 1.85565724E-11
2.000E-1 2.65417921E-11
2.100E-1 3.79730457E-11
2.200E-1 5.434348E-11
2.300E-1 7.77952155E-11
2.400E-1 1.11401902E-10
2.500E-1 1.59574388E-10
2.600E-1 2.28643159E-10
2.700E-1 3.27694614E-10
2.800E-1 4.69771801E-10
2.900E-1 6.73598507E-10
3.000E-1 9.66054812E-10
3.100E-1 1.38573162E-9
3.200E-1 1.9880344E-9
3.300E-1 2.85251105E-9
3.400E-1 4.09337268E-9
3.500E-1 5.87459724E-9
3.600E-1 8.4316096E-9
3.700E-1 1.21023965E-8
3.800E-1 1.73721504E-8
3.900E-1 2.49373035E-8
4.000E-1 3.57973262E-8
4.100E-1 5.13862437E-8
4.200E-1 7.37608865E-8
4.300E-1 1.05870046E-7
4.400E-1 1.51938783E-7
4.500E-1 2.18016327E-7
