0.000E+0 0
1.000E-2 2.39443266E-12
2.000E-2 5.76077972E-12
3.000E-2 1.0499407E-11
4.000E-2 1.71747622E-11
5.000E-2 2.65822564E-11
6.000E-2 3.98424003E-11
7.000E-2 5.85334139E-11
8.000E-2 8.48782649E-11
9.000E-2 1.22008894E-10
1.000E-1 1.74340176E-10
1.100E-1 2.48100289E-10
1.200E-1 3.52084504E-10
1.300E-1 4.98728696E-10
1.400E-1 7.05640995E-10
1.500E-1 9.97790402E-10
1.600E-1 1.41063784E-9
1.700E-1 1.99461928E-9
1.800E-1 2.82156828E-9
1.900E-1 3.99392045E-9
2.000E-1 5.65790795E-9
2.100E-1 8.02247691E-9
2.200E-1 1.13864141E-8
2.300E-1 1.61772511E-8
2.400E-1 2.30070656E-8
2.500E-1 3.27525314E-8
2.600E-1 4.66697645E-8
2.700E-1 6.65591096E-8
2.800E-1 9.50015992E-8
2.900E-1 1.3569828E-7
3.000E-1 1.93957173E-7
3.100E-1 2.77392087E-7
3.200E-1 3.96925448E-7
3.300E-1 5.68227248E-7
3.400E-1 8.13779508E-7
3.500E-1 1.16583748E-6
3.600E-1 1.67067565E-6
3.700E-1 2.39467282E-6
3.800E-1 3.43302648E-6
3.900E-1 4.92221884E-6
4.000E-1 7.05782224E-6
4.100E-1 1.0119874E-5
4.200E-1 1.45089228E-5
4.300E-1 2.07970006E-5
4.400E-1 2.97993162E-5
4.500E-1 4.267372E-5
