0.000E+0 -0.173261755
1.000E-2 -0.173215708
2.000E-2 -0.173168936
3.000E-2 -0.173121271
4.000E-2 -0.173072486
5.000E-2 -0.173022267
6.000E-2 -0.172970187
7.000E-2 -0.172915665
8.000E-2 -0.1728579
9.000E-2 -0.172795802
1.000E-1 -0.172727878
1.100E-1 -0.172652088
1.200E-1 -0.172565633
1.300E-1 -0.172464673
1.400E-1 -0.17234392
1.500E-1 -0.172196061
1.600E-1 -0.172010946
1.700E-1 -0.171774415
1.800E-1 -0.171466622
1.900E-1 -0.17105962
2.000E-1 -0.170513892
2.100E-1 -0.169773338
2.200E-1 -0.168758067
2.300E-1 -0.167353974
2.400E-1 -0.165397712
2.500E-1 -0.162654974
2.600E-1 -0.158789114
2.700E-1 -0.153315783
2.800E-1 -0.145537359
2.900E-1 -0.13444814
3.000E-1 -0.118597342
3.100E-1 -0.0958912417
3.200E-1 -0.063307766
3.300E-1 -0.0164855468
3.400E-1 0.0508661067
