0.000E+0 0
1.000E-2 1.84914081E-13
2.000E-2 4.43852795E-13
3.000E-2 8.06562993E-13
4.000E-2 1.31474484E-12
5.000E-2 2.02685588E-12
6.000E-2 3.02484826E-12
7.000E-2 4.42361888E-12
8.000E-2 6.38426844E-12
9.000E-2 9.13270925E-12
1.000E-1 1.29857869E-11
1.100E-1 1.83879592E-11
1.200E-1 2.59628128E-11
1.300E-1 3.65854326E-11
1.400E-1 5.14840863E-11
1.500E-1 7.23831125E-11
1.600E-1 1.01703732E-10
1.700E-1 1.42846282E-10
1.800E-1 2.0058689E-10
1.900E-1 2.8163504E-10
2.000E-1 3.95417262E-10
2.100E-1 5.5517871E-10
2.200E-1 7.79531563E-10
2.300E-1 1.09463155E-9
2.400E-1 1.53723743E-9
2.500E-1 2.15901161E-9
2.600E-1 3.03256549E-9
2.700E-1 4.25995724E-9
2.800E-1 5.98463684E-9
2.900E-1 8.40823636E-9
3.000E-1 1.181417E-8
3.100E-1 1.6600804E-8
3.200E-1 2.3328073E-8
3.300E-1 3.27829859E-8
3.400E-1 4.60716611E-8
3.500E-1 6.47486019E-8
3.600E-1 9.09982258E-8
3.700E-1 1.27889649E-7
3.800E-1 1.79734075E-7
3.900E-1 2.52585698E-7
4.000E-1 3.54943009E-7
4.100E-1 4.98729375E-7
4.200E-1 7.0066194E-7
4.300E-1 9.84159255E-7
4.400E-1 1.38199515E-6
4.500E-1 1.93998594E-6
