0.000E+0 0
1.000E-2 2.68424446E-15
2.000E-2 6.55432552E-15
3.000E-2 1.2137325E-14
4.000E-2 2.01944731E-14
5.000E-2 3.18251349E-14
6.000E-2 4.86170542E-14
7.000E-2 7.28635177E-14
8.000E-2 1.07877424E-13
9.000E-2 1.58445746E-13
1.000E-1 2.31487587E-13
1.100E-1 3.37007623E-13
1.200E-1 4.89478362E-13
1.300E-1 7.09845227E-13
1.400E-1 1.02843619E-12
1.500E-1 1.48918578E-12
1.600E-1 2.15576822E-12
1.700E-1 3.12050443E-12
1.800E-1 4.51729825E-12
1.900E-1 6.54042572E-12
2.000E-1 9.47182741E-12
2.100E-1 1.37207522E-11
2.200E-1 1.98813444E-11
2.300E-1 2.88162995E-11
2.400E-1 4.17783931E-11
2.500E-1 6.058703E-11
2.600E-1 8.78847375E-11
2.700E-1 1.27509809E-10
2.800E-1 1.8503769E-10
2.900E-1 2.68567568E-10
3.000E-1 3.89865207E-10
3.100E-1 5.66023376E-10
3.200E-1 8.2187436E-10
3.300E-1 1.19349524E-9
3.400E-1 1.73330082E-9
3.500E-1 2.51744363E-9
3.600E-1 3.65656575E-9
3.700E-1 5.31142111E-9
3.800E-1 7.71557433E-9
3.900E-1 1.12083817E-8
4.000E-1 1.62829126E-8
4.100E-1 2.36555777E-8
4.200E-1 3.4367299E-8
4.300E-1 4.9930507E-8
4.400E-1 7.25427228E-8
4.500E-1 1.05396889E-7
