0.000E+0 0
1.000E-2 6.98855333E-15
2.000E-2 1.7047599E-14
3.000E-2 3.15361029E-14
4.000E-2 5.24140243E-14
5.000E-2 8.2507976E-14
6.000E-2 1.25894539E-13
7.000E-2 1.88453622E-13
8.000E-2 2.78667817E-13
9.000E-2 4.08777944E-13
1.000E-1 5.96454799E-13
1.100E-1 8.67219671E-13
1.200E-1 1.25795154E-12
1.300E-1 1.82197228E-12
1.400E-1 2.63642401E-12
1.500E-1 3.81297592E-12
1.600E-1 5.51336842E-12
1.700E-1 7.97198358E-12
1.800E-1 1.15286226E-11
1.900E-1 1.6676109E-11
2.000E-1 2.41294281E-11
2.100E-1 3.49261483E-11
2.200E-1 5.05722867E-11
2.300E-1 7.32541881E-11
2.400E-1 1.0614631E-10
2.500E-1 1.53858343E-10
2.600E-1 2.2308475E-10
2.700E-1 3.23548416E-10
2.800E-1 4.69371588E-10
2.900E-1 6.81067647E-10
3.000E-1 9.884349E-10
3.100E-1 1.43476092E-9
3.200E-1 2.08293114E-9
3.300E-1 3.0243041E-9
3.400E-1 4.3916067E-9
3.500E-1 6.37767031E-9
3.600E-1 9.2626536E-9
3.700E-1 1.3453596E-8
3.800E-1 1.95418884E-8
3.900E-1 2.83867758E-8
4.000E-1 4.12366851E-8
4.100E-1 5.99055107E-8
4.200E-1 8.70287558E-8
4.300E-1 1.26435695E-7
4.400E-1 1.83690119E-7
4.500E-1 2.66876003E-7
