0.000E+0 0
1.000E-2 1.27567322E-13
2.000E-2 3.0642275E-13
3.000E-2 5.57618255E-13
4.000E-2 9.1074472E-13
5.000E-2 1.4073504E-12
6.000E-2 2.10572422E-12
7.000E-2 3.08760051E-12
8.000E-2 4.46758154E-12
9.000E-2 6.40642395E-12
1.000E-1 9.12984887E-12
1.100E-1 1.29552868E-11
1.200E-1 1.83300691E-11
1.300E-1 2.58861827E-11
1.400E-1 3.65180772E-11
1.500E-1 5.14990858E-11
1.600E-1 7.26429204E-11
1.700E-1 1.02541368E-10
1.800E-1 1.44908693E-10
1.900E-1 2.05080033E-10
2.000E-1 2.90732061E-10
2.100E-1 4.12929266E-10
2.200E-1 5.87639827E-10
2.300E-1 8.37933848E-10
2.400E-1 1.19717318E-9
2.500E-1 1.71363652E-9
2.600E-1 2.45723344E-9
2.700E-1 3.52924973E-9
2.800E-1 5.07649168E-9
2.900E-1 7.31182322E-9
3.000E-1 1.05439856E-8
3.100E-1 1.52209002E-8
3.200E-1 2.19925554E-8
3.300E-1 3.1802342E-8
3.400E-1 4.60197133E-8
3.500E-1 6.6632875E-8
3.600E-1 9.65286835E-8
3.700E-1 1.39899233E-7
3.800E-1 2.02832482E-7
3.900E-1 2.94170256E-7
4.000E-1 4.26754672E-7
4.100E-1 6.19238824E-7
4.200E-1 8.98717203E-7
4.300E-1 1.30454688E-6
4.400E-1 1.89389839E-6
4.500E-1 2.74981899E-6
