0.000E+0 0
1.000E-2 2.12267306E-15
2.000E-2 5.12532822E-15
3.000E-2 9.38520935E-15
4.000E-2 1.54404674E-14
5.000E-2 2.40585225E-14
6.000E-2 3.63335259E-14
7.000E-2 5.38254764E-14
8.000E-2 7.8759131E-14
9.000E-2 1.14309013E-13
1.000E-1 1.65008811E-13
1.100E-1 2.37341062E-13
1.200E-1 3.40588882E-13
1.300E-1 4.88069452E-13
1.400E-1 6.98924506E-13
1.500E-1 1.00072423E-12
1.600E-1 1.43325941E-12
1.700E-1 2.05406925E-12
1.800E-1 2.94650432E-12
1.900E-1 4.23149132E-12
2.000E-1 6.08470354E-12
2.100E-1 8.76162501E-12
2.200E-1 1.26341435E-11
2.300E-1 1.8243983E-11
2.400E-1 2.63807387E-11
2.500E-1 3.81958568E-11
2.600E-1 5.5369141E-11
2.700E-1 8.03520194E-11
2.800E-1 1.16722994E-10
2.900E-1 1.69707055E-10
3.000E-1 2.46934736E-10
3.100E-1 3.5955146E-10
3.200E-1 5.23838887E-10
3.300E-1 7.63584676E-10
3.400E-1 1.11354624E-9
3.500E-1 1.62451369E-9
3.600E-1 2.37071031E-9
3.700E-1 3.46061012E-9
3.800E-1 5.05275016E-9
3.900E-1 7.37884347E-9
4.000E-1 1.0777563E-8
4.100E-1 1.57439209E-8
4.200E-1 2.30014368E-8
4.300E-1 3.36076031E-8
4.400E-1 4.91079823E-8
4.500E-1 7.17613116E-8
