0.000E+0 0
1.000E-2 1.90333447E-13
2.000E-2 4.58978736E-13
3.000E-2 8.38402212E-13
4.000E-2 1.37452964E-12
5.000E-2 2.13232784E-12
6.000E-2 3.20370438E-12
7.000E-2 4.71869114E-12
8.000E-2 6.86128166E-12
9.000E-2 9.89186702E-12
1.000E-1 1.41790312E-11
1.100E-1 2.02446271E-11
1.200E-1 2.88277044E-11
1.300E-1 4.09752004E-11
1.400E-1 5.81706369E-11
1.500E-1 8.25167841E-11
1.600E-1 1.16994966E-10
1.700E-1 1.65833201E-10
1.800E-1 2.35028878E-10
1.900E-1 3.33090873E-10
2.000E-1 4.72093202E-10
2.100E-1 6.69170966E-10
2.200E-1 9.48644094E-10
2.300E-1 1.34503205E-9
2.400E-1 1.90733259E-9
2.500E-1 2.70509317E-9
2.600E-1 3.83702304E-9
2.700E-1 5.4432029E-9
2.800E-1 7.72238254E-9
2.900E-1 1.09564606E-8
3.000E-1 1.55450762E-8
3.100E-1 2.20543844E-8
3.200E-1 3.1285617E-8
3.300E-1 4.43710259E-8
3.400E-1 6.29072823E-8
3.500E-1 8.9139223E-8
3.600E-1 1.26209476E-7
3.700E-1 1.78490664E-7
3.800E-1 2.52013733E-7
3.900E-1 3.54992856E-7
4.000E-1 4.98414471E-7
4.100E-1 6.96589689E-7
4.200E-1 9.67447086E-7
4.300E-1 1.33215776E-6
4.400E-1 1.81347445E-6
4.500E-1 2.43208252E-6
