0.000E+0 0
1.000E-2 3.54915003E-12
2.000E-2 8.53608487E-12
3.000E-2 1.55506967E-11
4.000E-2 2.54248214E-11
5.000E-2 3.93315025E-11
6.000E-2 5.89250749E-11
7.000E-2 8.65389502E-11
8.000E-2 1.25465022E-10
9.000E-2 1.80348622E-10
1.000E-1 2.57747181E-10
1.100E-1 3.66920981E-10
1.200E-1 5.20953148E-10
1.300E-1 7.38336881E-10
1.400E-1 1.04522597E-9
1.500E-1 1.47862699E-9
1.600E-1 2.0909287E-9
1.700E-1 2.9563297E-9
1.800E-1 4.17996155E-9
1.900E-1 5.91083845E-9
2.000E-1 8.36023942E-9
2.100E-1 1.18278025E-8
2.200E-1 1.67385669E-8
2.300E-1 2.36955551E-8
2.400E-1 3.35544122E-8
2.500E-1 4.75293455E-8
2.600E-1 6.73434708E-8
2.700E-1 9.54421352E-8
2.800E-1 1.35295499E-7
2.900E-1 1.91827527E-7
3.000E-1 2.72023787E-7
3.100E-1 3.85791747E-7
3.200E-1 5.47176774E-7
3.300E-1 7.76077467E-7
3.400E-1 1.10065848E-6
3.500E-1 1.56073059E-6
3.600E-1 2.21245795E-6
3.700E-1 3.1348585E-6
3.800E-1 4.43867036E-6
3.900E-1 6.27822871E-6
4.000E-1 8.86694977E-6
4.100E-1 1.24966902E-5
4.200E-1 1.75603538E-5
4.300E-1 2.45752837E-5
4.400E-1 3.42009937E-5
4.500E-1 4.72401572E-5
