0.000E+0 0
1.000E-2 7.89324772E-16
2.000E-2 1.93948747E-15
3.000E-2 3.61777471E-15
4.000E-2 6.06860353E-15
5.000E-2 9.6488618E-15
6.000E-2 1.4879409E-14
7.000E-2 2.25193637E-14
8.000E-2 3.36779479E-14
9.000E-2 4.9973701E-14
1.000E-1 7.37669701E-14
1.100E-1 1.08506957E-13
1.200E-1 1.59248609E-13
1.300E-1 2.33387255E-13
1.400E-1 3.41781485E-13
1.500E-1 5.00398746E-13
1.600E-1 7.3276376E-13
1.700E-1 1.073599E-12
1.800E-1 1.57424124E-12
1.900E-1 2.31070376E-12
2.000E-1 3.39567943E-12
2.100E-1 4.99641363E-12
2.200E-1 7.36132141E-12
2.300E-1 1.08596322E-11
2.400E-1 1.60404462E-11
2.500E-1 2.37207188E-11
2.600E-1 3.5116358E-11
2.700E-1 5.20375809E-11
2.800E-1 7.71800519E-11
2.900E-1 1.14558794E-10
3.000E-1 1.70154928E-10
3.100E-1 2.52879683E-10
3.200E-1 3.76011364E-10
3.300E-1 5.59337413E-10
3.400E-1 8.32347615E-10
3.500E-1 1.23899438E-9
3.600E-1 1.84478927E-9
3.700E-1 2.74738262E-9
3.800E-1 4.09233583E-9
3.900E-1 6.09663552E-9
4.000E-1 9.08374973E-9
4.100E-1 1.35358923E-8
4.200E-1 2.01719428E-8
4.300E-1 3.00636161E-8
4.400E-1 4.48086602E-8
4.500E-1 6.67890733E-8
