0.000E+0 0
1.000E-2 8.23413761E-15
2.000E-2 1.99321794E-14
3.000E-2 3.6587644E-14
4.000E-2 6.03139272E-14
5.000E-2 9.40980627E-14
6.000E-2 1.42143092E-13
7.000E-2 2.10393515E-13
8.000E-2 3.07148688E-13
9.000E-2 4.44037722E-13
1.000E-1 6.37319547E-13
1.100E-1 9.09639196E-13
1.200E-1 1.29294961E-12
1.300E-1 1.83181219E-12
1.400E-1 2.58893734E-12
1.500E-1 3.65339719E-12
1.600E-1 5.15156957E-12
1.700E-1 7.26439642E-12
1.800E-1 1.0252345E-11
1.900E-1 1.44923862E-11
2.000E-1 2.05327842E-11
2.100E-1 2.91742896E-11
2.200E-1 4.15905189E-11
2.300E-1 5.95065808E-11
2.400E-1 8.54642673E-11
2.500E-1 1.23216022E-10
2.600E-1 1.78310524E-10
2.700E-1 2.58963531E-10
2.800E-1 3.7735345E-10
2.900E-1 5.5154948E-10
3.000E-1 8.08382E-10
3.100E-1 1.18771668E-9
3.200E-1 1.74882008E-9
3.300E-1 2.5798417E-9
3.400E-1 3.81194019E-9
3.500E-1 5.64033091E-9
3.600E-1 8.35564876E-9
3.700E-1 1.23906858E-8
3.800E-1 1.83900454E-8
3.900E-1 2.73139544E-8
4.000E-1 4.05929933E-8
4.100E-1 6.03587248E-8
4.200E-1 8.97874633E-8
4.300E-1 1.336127E-7
4.400E-1 1.98888944E-7
4.500E-1 2.9613034E-7
