0.000E+0 0
1.000E-2 2.19098088E-13
2.000E-2 5.31211109E-13
3.000E-2 9.76082759E-13
4.000E-2 1.61041772E-12
5.000E-2 2.5151106E-12
6.000E-2 3.80555674E-12
7.000E-2 5.64636323E-12
8.000E-2 8.27234608E-12
9.000E-2 1.20185152E-11
1.000E-1 1.736292E-11
1.100E-1 2.49879115E-11
1.200E-1 3.58677971E-11
1.300E-1 5.13943425E-11
1.400E-1 7.35565672E-11
1.500E-1 1.05198458E-10
1.600E-1 1.50388506E-10
1.700E-1 2.14949748E-10
1.800E-1 3.07220145E-10
1.900E-1 4.39143489E-10
2.000E-1 6.27834545E-10
2.100E-1 8.97824448E-10
2.200E-1 1.28428165E-9
2.300E-1 1.83763131E-9
2.400E-1 2.63017838E-9
2.500E-1 3.76559886E-9
2.600E-1 5.39253236E-9
2.700E-1 7.72402872E-9
2.800E-1 1.10653304E-8
2.900E-1 1.58534837E-8
3.000E-1 2.27136538E-8
3.100E-1 3.25388743E-8
3.200E-1 4.66023782E-8
3.300E-1 6.6714713E-8
3.400E-1 9.54415663E-8
3.500E-1 1.36402736E-7
3.600E-1 1.94678571E-7
3.700E-1 2.77359723E-7
3.800E-1 3.94295144E-7
3.900E-1 5.59133174E-7
4.000E-1 7.90824248E-7
4.100E-1 1.11585911E-6
4.200E-1 1.57161382E-6
4.300E-1 2.2111938E-6
4.400E-1 3.11008852E-6
4.500E-1 4.3748391E-6
