0.000E+0 -0.239579936
1.000E-2 -0.239537827
2.000E-2 -0.239492984
3.000E-2 -0.239444352
4.000E-2 -0.239390581
5.000E-2 -0.239329833
6.000E-2 -0.23925955
7.000E-2 -0.239176236
8.000E-2 -0.239075084
9.000E-2 -0.238949517
1.000E-1 -0.238790452
1.100E-1 -0.238585376
1.200E-1 -0.238316999
1.300E-1 -0.237961484
1.400E-1 -0.237485725
1.500E-1 -0.236843868
1.600E-1 -0.235972037
1.700E-1 -0.234781297
1.800E-1 -0.233147414
1.900E-1 -0.230896685
2.000E-1 -0.22778583
2.100E-1 -0.223473726
2.200E-1 -0.217481586
2.300E-1 -0.20913682
2.400E-1 -0.197493918
2.500E-1 -0.181223043
2.600E-1 -0.158452981
2.700E-1 -0.126550036
2.800E-1 -0.0818067839
2.900E-1 -0.0190043913
3.000E-1 0.0692020764
