0.000E+0 -0.738936007
1.000E-2 -0.738934618
2.000E-2 -0.738933215
3.000E-2 -0.738931786
4.000E-2 -0.738930325
5.000E-2 -0.738928821
6.000E-2 -0.738927261
7.000E-2 -0.738925625
8.000E-2 -0.738923882
9.000E-2 -0.738921993
1.000E-1 -0.738919898
1.100E-1 -0.738917512
1.200E-1 -0.738914714
1.300E-1 -0.73891133
1.400E-1 -0.738907111
1.500E-1 -0.738901697
1.600E-1 -0.738894575
1.700E-1 -0.738885007
1.800E-1 -0.738871932
1.900E-1 -0.738853829
2.000E-1 -0.738828515
2.100E-1 -0.738792851
2.200E-1 -0.738742334
2.300E-1 -0.738670496
2.400E-1 -0.738568051
2.500E-1 -0.738421661
2.600E-1 -0.738212177
2.700E-1 -0.737912097
2.800E-1 -0.73748193
2.900E-1 -0.736864968
3.000E-1 -0.73597978
3.100E-1 -0.734709439
3.200E-1 -0.73288606
3.300E-1 -0.730268606
3.400E-1 -0.726511055
3.500E-1 -0.721116753
3.600E-1 -0.713373006
3.700E-1 -0.702257441
3.800E-1 -0.686304145
3.900E-1 -0.663412642
4.000E-1 -0.63057605
4.100E-1 -0.583495609
4.200E-1 -0.516036775
4.300E-1 -0.419466686
4.400E-1 -0.281393622
4.500E-1 -0.0843052697
4.600E-1 0.196428692
