0.000E+0 0
1.000E-2 7.95459121E-14
2.000E-2 1.89475662E-13
3.000E-2 3.41827567E-13
4.000E-2 5.53394338E-13
5.000E-2 8.47600678E-13
6.000E-2 1.25712904E-12
7.000E-2 1.82759852E-12
8.000E-2 2.62273044E-12
9.000E-2 3.73161871E-12
1.000E-1 5.27898794E-12
1.100E-1 7.43970155E-12
1.200E-1 1.04593256E-11
1.300E-1 1.46833288E-11
1.400E-1 2.05986058E-11
1.500E-1 2.88925862E-11
1.600E-1 4.05374362E-11
1.700E-1 5.69100603E-11
1.800E-1 7.99631717E-11
1.900E-1 1.12469214E-10
2.000E-1 1.58368215E-10
2.100E-1 2.23263919E-10
2.200E-1 3.15131525E-10
2.300E-1 4.45327402E-10
2.400E-1 6.30029847E-10
2.500E-1 8.9229512E-10
2.600E-1 1.26499186E-9
2.700E-1 1.7949895E-9
2.800E-1 2.54913714E-9
2.900E-1 3.62279868E-9
3.000E-1 5.15203798E-9
3.100E-1 7.33101578E-9
3.200E-1 1.04368283E-8
3.300E-1 1.48649715E-8
3.400E-1 2.11799798E-8
3.500E-1 3.0187728E-8
3.600E-1 4.30386696E-8
3.700E-1 6.13752444E-8
3.800E-1 8.75423442E-8
3.900E-1 1.24887805E-7
4.000E-1 1.7819139E-7
4.100E-1 2.54277146E-7
4.200E-1 3.62887355E-7
4.300E-1 5.17929538E-7
4.400E-1 7.39255057E-7
4.500E-1 1.05519466E-6
