0.000E+0 0
1.000E-2 2.67630146E-13
2.000E-2 6.3279052E-13
3.000E-2 1.13273248E-12
4.000E-2 1.81880017E-12
5.000E-2 2.76173072E-12
6.000E-2 4.05896497E-12
7.000E-2 5.84475811E-12
8.000E-2 8.30420853E-12
9.000E-2 1.16927968E-11
1.000E-1 1.63637091E-11
1.100E-1 2.28062003E-11
1.200E-1 3.16996555E-11
1.300E-1 4.39900182E-11
1.400E-1 6.09981083E-11
1.500E-1 8.45734203E-11
1.600E-1 1.17312769E-10
1.700E-1 1.62871379E-10
1.800E-1 2.26405719E-10
1.900E-1 3.15204105E-10
2.000E-1 4.39584931E-10
2.100E-1 6.14176449E-10
2.200E-1 8.5974063E-10
2.300E-1 1.20577308E-9
2.400E-1 1.69421011E-9
2.500E-1 2.38471561E-9
2.600E-1 3.36222246E-9
2.700E-1 4.74769169E-9
2.800E-1 6.71346468E-9
2.900E-1 9.50517173E-9
3.000E-1 1.34730004E-8
3.100E-1 1.91163264E-8
3.200E-1 2.71474214E-8
3.300E-1 3.85823983E-8
3.400E-1 5.48710455E-8
3.500E-1 7.80821846E-8
3.600E-1 1.11168304E-7
3.700E-1 1.58343377E-7
3.800E-1 2.25622281E-7
3.900E-1 3.21590891E-7
4.000E-1 4.58505497E-7
4.100E-1 6.53862188E-7
4.200E-1 9.32636873E-7
4.300E-1 1.33048191E-6
4.400E-1 1.8982866E-6
4.500E-1 2.70868095E-6
