0.000E+0 0
1.000E-2 6.64402246E-15
2.000E-2 1.6202937E-14
3.000E-2 2.9959731E-14
4.000E-2 4.97619317E-14
5.000E-2 7.82699786E-14
6.000E-2 1.19314956E-13
7.000E-2 1.78413945E-13
8.000E-2 2.63512634E-13
9.000E-2 3.8605572E-13
1.000E-1 5.6253027E-13
1.100E-1 8.16691746E-13
1.200E-1 1.18277562E-12
1.300E-1 1.71013222E-12
1.400E-1 2.46991702E-12
1.500E-1 3.56474972E-12
1.600E-1 5.14266096E-12
1.700E-1 7.41723188E-12
1.800E-1 1.06966778E-11
1.900E-1 1.54258496E-11
2.000E-1 2.2246891E-11
2.100E-1 3.20868409E-11
2.200E-1 4.62841516E-11
2.300E-1 6.67714136E-11
2.400E-1 9.63392624E-11
2.500E-1 1.39017541E-10
2.600E-1 2.0062582E-10
2.700E-1 2.89568542E-10
2.800E-1 4.17983495E-10
2.900E-1 6.03400623E-10
3.000E-1 8.7113802E-10
3.100E-1 1.25776263E-9
3.200E-1 1.81608895E-9
3.300E-1 2.62239914E-9
3.400E-1 3.78687187E-9
3.500E-1 5.46864606E-9
3.600E-1 7.89757904E-9
3.700E-1 1.14056748E-8
3.800E-1 1.64724807E-8
3.900E-1 2.37906579E-8
4.000E-1 3.43606979E-8
4.100E-1 4.96277294E-8
4.200E-1 7.1679137E-8
4.300E-1 1.03530004E-7
4.400E-1 1.49535431E-7
4.500E-1 2.15986115E-7
