0.000E+0 0
1.000E-2 8.16391254E-15
2.000E-2 1.98741701E-14
3.000E-2 3.66799176E-14
4.000E-2 6.08065626E-14
5.000E-2 9.54508694E-14
6.000E-2 1.45204988E-13
7.000E-2 2.16665979E-13
8.000E-2 3.19312378E-13
9.000E-2 4.6676547E-13
1.000E-1 6.7860514E-13
1.100E-1 9.82985677E-13
1.200E-1 1.42040604E-12
1.300E-1 2.0491468E-12
1.400E-1 2.95311381E-12
1.500E-1 4.25315747E-12
1.600E-1 6.1234117E-12
1.700E-1 8.81488189E-12
1.800E-1 1.26895012E-11
1.900E-1 1.82693041E-11
2.000E-1 2.63074312E-11
2.100E-1 3.7890658E-11
2.200E-1 5.45874533E-11
2.300E-1 7.86617854E-11
2.400E-1 1.13381888E-10
2.500E-1 1.63466166E-10
2.600E-1 2.35727187E-10
2.700E-1 3.40001738E-10
2.800E-1 4.90494097E-10
2.900E-1 7.07716094E-10
3.000E-1 1.02128915E-9
3.100E-1 1.47399135E-9
3.200E-1 2.12760282E-9
3.300E-1 3.07134842E-9
3.400E-1 4.43409211E-9
3.500E-1 6.40195019E-9
3.600E-1 9.24373108E-9
3.700E-1 1.33476807E-8
3.800E-1 1.92745558E-8
3.900E-1 2.78342837E-8
4.000E-1 4.01966861E-8
4.100E-1 5.80514084E-8
4.200E-1 8.3838913E-8
4.300E-1 1.21084119E-7
4.400E-1 1.74878286E-7
4.500E-1 2.52574997E-7
