0.000E+0 0
1.000E-2 5.01897521E-14
2.000E-2 1.21865339E-13
3.000E-2 2.24305985E-13
4.000E-2 3.70792572E-13
5.000E-2 5.80331498E-13
6.000E-2 8.80122505E-13
7.000E-2 1.30909371E-12
8.000E-2 1.92296919E-12
9.000E-2 2.80154009E-12
1.000E-1 4.05910733E-12
1.100E-1 5.85949494E-12
1.200E-1 8.43765433E-12
1.300E-1 1.21307811E-11
1.400E-1 1.7423164E-11
1.500E-1 2.50108634E-11
1.600E-1 3.58950228E-11
1.700E-1 5.15165256E-11
1.800E-1 7.39503494E-11
1.900E-1 1.06186111E-10
2.000E-1 1.52533051E-10
2.100E-1 2.19204703E-10
2.200E-1 3.15162985E-10
2.300E-1 4.53336937E-10
2.400E-1 6.52382412E-10
2.500E-1 9.39223033E-10
2.600E-1 1.35271939E-9
2.700E-1 1.94896764E-9
2.800E-1 2.80895146E-9
2.900E-1 4.04959266E-9
3.000E-1 5.83971069E-9
3.100E-1 8.42307184E-9
3.200E-1 1.21516782E-8
3.300E-1 1.7533847E-8
3.400E-1 2.53036501E-8
3.500E-1 3.65212073E-8
3.600E-1 5.27175428E-8
3.700E-1 7.61038036E-8
3.800E-1 1.09873444E-7
3.900E-1 1.58638679E-7
4.000E-1 2.29060872E-7
4.100E-1 3.30761019E-7
4.200E-1 4.7763478E-7
4.300E-1 6.89751761E-7
4.400E-1 9.96098585E-7
4.500E-1 1.43854045E-6
