0.000E+0 0
1.000E-2 3.26007756E-14
2.000E-2 8.00707005E-14
3.000E-2 1.49343379E-13
4.000E-2 2.50572799E-13
5.000E-2 3.9862227E-13
6.000E-2 6.15239656E-13
7.000E-2 9.32235674E-13
8.000E-2 1.39612974E-12
9.000E-2 2.07494613E-12
1.000E-1 3.06816687E-12
1.100E-1 4.52132971E-12
1.200E-1 6.64747789E-12
1.300E-1 9.75874353E-12
1.400E-1 1.43129528E-11
1.500E-1 2.09825429E-11
1.600E-1 3.07566647E-11
1.700E-1 4.50926884E-11
1.800E-1 6.61412772E-11
1.900E-1 9.7081028E-11
2.000E-1 1.42616274E-10
2.100E-1 2.09717843E-10
2.200E-1 3.08725571E-10
2.300E-1 4.54989493E-10
2.400E-1 6.71313172E-10
2.500E-1 9.91591562E-10
2.600E-1 1.46622773E-9
2.700E-1 2.1701983E-9
2.800E-1 3.215062E-9
2.900E-1 4.76683586E-9
3.000E-1 7.07259746E-9
3.100E-1 1.05000512E-8
3.200E-1 1.55963256E-8
3.300E-1 2.31752332E-8
3.400E-1 3.44465103E-8
3.500E-1 5.1206648E-8
3.600E-1 7.6119367E-8
3.700E-1 1.13124959E-7
3.800E-1 1.68031312E-7
3.900E-1 2.49353149E-7
4.000E-1 3.6947267E-7
4.100E-1 5.46176517E-7
4.200E-1 8.04541769E-7
4.300E-1 1.17892172E-6
4.400E-1 1.71429653E-6
4.500E-1 2.46536281E-6
