0.000E+0 0
1.000E-2 3.78153922E-12
2.000E-2 9.05530042E-12
3.000E-2 1.64147277E-11
4.000E-2 2.6689227E-11
5.000E-2 4.10380253E-11
6.000E-2 6.10814678E-11
7.000E-2 8.90847717E-11
8.000E-2 1.28215334E-10
9.000E-2 1.82903243E-10
1.000E-1 2.59346671E-10
1.100E-1 3.66220768E-10
1.200E-1 5.15672473E-10
1.300E-1 7.2471715E-10
1.400E-1 1.01719997E-9
1.500E-1 1.42655109E-9
1.600E-1 1.99965648E-9
1.700E-1 2.80229682E-9
1.800E-1 3.92679019E-9
1.900E-1 5.50273207E-9
2.000E-1 7.71208861E-9
2.100E-1 1.08104081E-8
2.200E-1 1.5156632E-8
2.300E-1 2.12549938E-8
2.400E-1 2.98139075E-8
2.500E-1 4.18287399E-8
2.600E-1 5.86981522E-8
2.700E-1 8.2387634E-8
2.800E-1 1.15659371E-7
2.900E-1 1.62395363E-7
3.000E-1 2.28051615E-7
3.100E-1 3.20296581E-7
3.200E-1 4.49908598E-7
3.300E-1 6.32037347E-7
3.400E-1 8.87976956E-7
3.500E-1 1.24765816E-6
3.600E-1 1.7531509E-6
3.700E-1 2.46358653E-6
3.800E-1 3.46207424E-6
3.900E-1 4.86541741E-6
4.000E-1 6.83776026E-6
4.100E-1 9.6097466E-6
4.200E-1 1.35054032E-5
4.300E-1 1.89798334E-5
4.400E-1 2.6672011E-5
4.500E-1 3.74786138E-5
