0.000E+0 0
1.000E-2 4.36332304E-13
2.000E-2 1.03938393E-12
3.000E-2 1.87541979E-12
4.000E-2 3.03684628E-12
5.000E-2 4.65246518E-12
6.000E-2 6.90176267E-12
7.000E-2 1.00348547E-11
8.000E-2 1.44003906E-11
9.000E-2 2.0484698E-11
1.000E-1 2.89668693E-11
1.100E-1 4.07965416E-11
1.200E-1 5.73040747E-11
1.300E-1 8.03570967E-11
1.400E-1 1.12583495E-10
1.500E-1 1.57689695E-10
1.600E-1 2.20915617E-10
1.700E-1 3.09685629E-10
1.800E-1 4.34540545E-10
1.900E-1 6.10472533E-10
2.000E-1 8.58837653E-10
2.100E-1 1.21009661E-9
2.200E-1 1.70774322E-9
2.300E-1 2.41393645E-9
2.400E-1 3.41757654E-9
2.500E-1 4.84588792E-9
2.600E-1 6.88103459E-9
2.700E-1 9.78395866E-9
2.800E-1 1.39285851E-8
2.900E-1 1.98509082E-8
3.000E-1 2.83194383E-8
3.100E-1 4.04363135E-8
3.200E-1 5.778243E-8
3.300E-1 8.2625763E-8
3.400E-1 1.18220395E-7
3.500E-1 1.69235744E-7
3.600E-1 2.42372649E-7
3.700E-1 3.47247598E-7
3.800E-1 4.97661608E-7
3.900E-1 7.13420718E-7
4.000E-1 1.02294703E-6
4.100E-1 1.46702181E-6
4.200E-1 2.10414782E-6
4.300E-1 3.01822351E-6
4.400E-1 4.32951006E-6
4.500E-1 6.21027118E-6
