0.000E+0 0
1.000E-2 7.94608415E-14
2.000E-2 1.92347313E-13
3.000E-2 3.52783027E-13
4.000E-2 5.80855609E-13
5.000E-2 9.05133611E-13
6.000E-2 1.36624611E-12
7.000E-2 2.02197473E-12
8.000E-2 2.95449898E-12
9.000E-2 4.28070908E-12
1.000E-1 6.16689034E-12
1.100E-1 8.84964051E-12
1.200E-1 1.2665678E-11
1.300E-1 1.80943359E-11
1.400E-1 2.58181616E-11
1.500E-1 3.68093577E-11
1.600E-1 5.24531093E-11
1.700E-1 7.47235563E-11
1.800E-1 1.0643489E-10
1.900E-1 1.5159963E-10
2.000E-1 2.15939775E-10
2.100E-1 3.07615881E-10
2.200E-1 4.38266671E-10
2.300E-1 6.24490692E-10
2.400E-1 8.89956522E-10
2.500E-1 1.26840515E-9
2.600E-1 1.80791558E-9
2.700E-1 2.57695284E-9
2.800E-1 3.67291867E-9
2.900E-1 5.23419247E-9
3.000E-1 7.45699466E-9
3.100E-1 1.06188317E-8
3.200E-1 1.51107825E-8
3.300E-1 2.1481448E-8
3.400E-1 3.04960194E-8
3.500E-1 4.32148207E-8
3.600E-1 6.10974933E-8
3.700E-1 8.61433207E-8
3.800E-1 1.21087641E-7
3.900E-1 1.69690975E-7
4.000E-1 2.37178829E-7
4.100E-1 3.30905498E-7
4.200E-1 4.61312004E-7
4.300E-1 6.43229169E-7
4.400E-1 8.97563473E-7
4.500E-1 1.25341119E-6
