0.000E+0 0
1.000E-2 4.93461641E-13
2.000E-2 1.19413686E-12
3.000E-2 2.18946478E-12
4.000E-2 3.60375535E-12
5.000E-2 5.61372617E-12
6.000E-2 8.4705895E-12
7.000E-2 1.2531458E-11
8.000E-2 1.83040141E-11
9.000E-2 2.65100687E-11
1.000E-1 3.81760316E-11
1.100E-1 5.47617499E-11
1.200E-1 7.83440635E-11
1.300E-1 1.11878429E-10
1.400E-1 1.59571956E-10
1.500E-1 2.27415443E-10
1.600E-1 3.23942381E-10
1.700E-1 4.6131184E-10
1.800E-1 6.56853546E-10
1.900E-1 9.35272306E-10
2.000E-1 1.33179277E-9
2.100E-1 1.89664468E-9
2.200E-1 2.70145776E-9
2.300E-1 3.848375E-9
2.400E-1 5.48303002E-9
2.500E-1 7.81300827E-9
2.600E-1 1.11340697E-8
2.700E-1 1.58673173E-8
2.800E-1 2.26117248E-8
2.900E-1 3.22180596E-8
3.000E-1 4.58923249E-8
3.100E-1 6.53393905E-8
3.200E-1 9.29604214E-8
3.300E-1 1.32120868E-7
3.400E-1 1.87509146E-7
3.500E-1 2.65610658E-7
3.600E-1 3.75331365E-7
3.700E-1 5.28829586E-7
3.800E-1 7.42670861E-7
3.900E-1 1.03952325E-6
4.000E-1 1.45074402E-6
4.100E-1 2.02030227E-6
4.200E-1 2.81044318E-6
4.300E-1 3.90932977E-6
4.400E-1 5.44073467E-6
4.500E-1 7.57580328E-6
