0.000E+0 -0.445490752
1.000E-2 -0.445484875
2.000E-2 -0.445478967
3.000E-2 -0.445473025
4.000E-2 -0.445467046
5.000E-2 -0.445461031
6.000E-2 -0.445454974
7.000E-2 -0.445448876
8.000E-2 -0.445442728
9.000E-2 -0.445436529
1.000E-1 -0.445430267
1.100E-1 -0.445423933
1.200E-1 -0.44541751
1.300E-1 -0.445410975
1.400E-1 -0.445404295
1.500E-1 -0.445397422
1.600E-1 -0.445390287
1.700E-1 -0.445382786
1.800E-1 -0.445374773
1.900E-1 -0.44536603
2.000E-1 -0.44535624
2.100E-1 -0.445344936
2.200E-1 -0.445331435
2.300E-1 -0.445314733
2.400E-1 -0.445293357
2.500E-1 -0.44526514
2.600E-1 -0.445226901
2.700E-1 -0.445173961
2.800E-1 -0.445099443
2.900E-1 -0.444993235
3.000E-1 -0.444840466
3.100E-1 -0.444619271
3.200E-1 -0.444297488
3.300E-1 -0.443827818
3.400E-1 -0.443140687
3.500E-1 -0.442133764
3.600E-1 -0.440656522
3.700E-1 -0.438487541
3.800E-1 -0.435301115
3.900E-1 -0.430618122
4.000E-1 -0.423733762
4.100E-1 -0.413611254
4.200E-1 -0.398725469
4.300E-1 -0.376832947
4.400E-1 -0.344633636
4.500E-1 -0.297273501
4.600E-1 -0.227613212
4.700E-1 -0.125153287
4.800E-1 0.0255450631
