0.000E+0 0
1.000E-2 7.50235759E-14
2.000E-2 1.80186013E-13
3.000E-2 3.27984922E-13
4.000E-2 5.36079286E-13
5.000E-2 8.29415617E-13
6.000E-2 1.24323303E-12
7.000E-2 1.82731585E-12
8.000E-2 2.65202151E-12
9.000E-2 3.81684166E-12
1.000E-1 5.4625881E-12
1.100E-1 7.78877949E-12
1.200E-1 1.10785064E-11
1.300E-1 1.57340683E-11
1.400E-1 2.23281453E-11
1.500E-1 3.16773851E-11
1.600E-1 4.49483411E-11
1.700E-1 6.38100977E-11
1.800E-1 9.06542656E-11
1.900E-1 1.28912179E-10
2.000E-1 1.83512334E-10
2.100E-1 2.61540181E-10
2.200E-1 3.73189919E-10
2.300E-1 5.33137714E-10
2.400E-1 7.62523213E-10
2.500E-1 1.09180918E-9
2.600E-1 1.5649089E-9
2.700E-1 2.24514398E-9
2.800E-1 3.22384507E-9
2.900E-1 4.63276885E-9
3.000E-1 6.66202565E-9
3.100E-1 9.58596469E-9
3.200E-1 1.38005499E-8
3.300E-1 1.98773289E-8
3.400E-1 2.86413617E-8
3.500E-1 4.12837449E-8
3.600E-1 5.95240839E-8
3.700E-1 8.58450694E-8
3.800E-1 1.23831121E-7
3.900E-1 1.78657186E-7
4.000E-1 2.57794102E-7
4.100E-1 3.72026089E-7
4.200E-1 5.36917732E-7
4.300E-1 7.74927343E-7
4.400E-1 1.11844811E-6
4.500E-1 1.61417716E-6
