0.000E+0 0
1.000E-2 4.98832911E-11
2.000E-2 1.19481347E-10
3.000E-2 2.16641223E-10
4.000E-2 3.52331288E-10
5.000E-2 5.41882305E-10
6.000E-2 8.06722775E-10
7.000E-2 1.17680616E-9
8.000E-2 1.69400745E-9
9.000E-2 2.41687852E-9
1.000E-1 3.42730929E-9
1.100E-1 4.83986363E-9
1.200E-1 6.81487052E-9
1.300E-1 9.57678934E-9
1.400E-1 1.34399837E-8
1.500E-1 1.88449026E-8
1.600E-1 2.64088818E-8
1.700E-1 3.69974789E-8
1.800E-1 5.18246468E-8
1.900E-1 7.25933955E-8
2.000E-1 1.01693285E-7
2.100E-1 1.42477654E-7
2.200E-1 1.99652662E-7
2.300E-1 2.79822998E-7
2.400E-1 3.92256865E-7
2.500E-1 5.49957375E-7
2.600E-1 7.71161197E-7
2.700E-1 1.08143109E-6
2.800E-1 1.51657052E-6
2.900E-1 2.1266694E-6
3.000E-1 2.98169418E-6
3.100E-1 4.17916357E-6
3.200E-1 5.8546022E-6
3.300E-1 8.19562951E-6
3.400E-1 1.14607495E-5
3.500E-1 1.60038458E-5
3.600E-1 2.23061409E-5
3.700E-1 3.10168685E-5
3.800E-1 4.3005252E-5
3.900E-1 5.94270059E-5
4.000E-1 8.18096765E-5
4.100E-1 0.000112160512
4.200E-1 0.000153095717
4.300E-1 0.000207970063
4.400E-1 0.000281012351
4.500E-1 0.000377351229
