0.000E+0 0
1.000E-2 3.64937273E-15
2.000E-2 8.89936444E-15
3.000E-2 1.64571646E-14
4.000E-2 2.73418455E-14
5.000E-2 4.30216343E-14
6.000E-2 6.56115946E-14
7.000E-2 9.81583932E-14
8.000E-2 1.45050715E-13
9.000E-2 2.12611135E-13
1.000E-1 3.09950347E-13
1.100E-1 4.50201096E-13
1.200E-1 6.5230227E-13
1.300E-1 9.43580818E-13
1.400E-1 1.36349148E-12
1.500E-1 1.96903758E-12
1.600E-1 2.84263321E-12
1.700E-1 4.10351137E-12
1.800E-1 5.92428261E-12
1.900E-1 8.55497387E-12
2.000E-1 1.23579314E-11
2.100E-1 1.78585016E-11
2.200E-1 2.58186274E-11
2.300E-1 3.73437276E-11
2.400E-1 5.40379197E-11
2.500E-1 7.82294646E-11
2.600E-1 1.13298219E-10
2.700E-1 1.64151272E-10
2.800E-1 2.37913841E-10
2.900E-1 3.44932897E-10
3.000E-1 5.00235076E-10
3.100E-1 7.25644532E-10
3.200E-1 1.05285946E-9
3.300E-1 1.52792114E-9
3.400E-1 2.21770554E-9
3.500E-1 3.2193522E-9
3.600E-1 4.67395795E-9
3.700E-1 6.78646159E-9
3.800E-1 9.85451161E-9
3.900E-1 1.43103619E-8
4.000E-1 2.07816478E-8
4.100E-1 3.01794968E-8
4.200E-1 4.38261683E-8
4.300E-1 6.36397774E-8
4.400E-1 9.2401341E-8
4.500E-1 1.34140434E-7
