0.000E+0 0
1.000E-2 1.6660636E-13
2.000E-2 4.05098687E-13
3.000E-2 7.4682024E-13
4.000E-2 1.23673443E-12
5.000E-2 1.93932107E-12
6.000E-2 2.94702238E-12
7.000E-2 4.39234701E-12
8.000E-2 6.4652281E-12
9.000E-2 9.43794047E-12
1.000E-1 1.3700911E-11
1.100E-1 1.98142557E-11
1.200E-1 2.85820603E-11
1.300E-1 4.11596004E-11
1.400E-1 5.92083243E-11
1.500E-1 8.51201481E-11
1.600E-1 1.22342377E-10
1.700E-1 1.75848741E-10
1.800E-1 2.528226E-10
1.900E-1 3.63648191E-10
2.000E-1 5.23349126E-10
2.100E-1 7.53676222E-10
2.200E-1 1.08613807E-9
2.300E-1 1.56640054E-9
2.400E-1 2.260674E-9
2.500E-1 3.26498741E-9
2.600E-1 4.71865493E-9
2.700E-1 6.82383191E-9
2.800E-1 9.8739156E-9
2.900E-1 1.42947926E-8
3.000E-1 2.07047467E-8
3.100E-1 3.00014696E-8
3.200E-1 4.34884381E-8
3.300E-1 6.30584627E-8
3.400E-1 9.14602599E-8
3.500E-1 1.32685568E-7
3.600E-1 1.92531239E-7
3.700E-1 2.79415229E-7
3.800E-1 4.05560814E-7
3.900E-1 5.8871443E-7
4.000E-1 8.54636063E-7
4.100E-1 1.24070642E-6
4.200E-1 1.80114551E-6
4.300E-1 2.61455035E-6
4.400E-1 3.79476033E-6
4.500E-1 5.50648041E-6
