0.000E+0 0
1.000E-2 1.71431194E-13
2.000E-2 4.13555994E-13
3.000E-2 7.55676106E-13
4.000E-2 1.23923488E-12
5.000E-2 1.92284786E-12
6.000E-2 2.8894204E-12
7.000E-2 4.25622089E-12
8.000E-2 6.18914231E-12
9.000E-2 8.92290117E-12
1.000E-1 1.27896577E-11
1.100E-1 1.82595857E-11
1.200E-1 2.59984042E-11
1.300E-1 3.69489917E-11
1.400E-1 5.24471994E-11
1.500E-1 7.43862327E-11
1.600E-1 1.0545001E-10
1.700E-1 1.49444486E-10
1.800E-1 2.11768088E-10
1.900E-1 3.00079742E-10
2.000E-1 4.25247471E-10
2.100E-1 6.02695484E-10
2.200E-1 8.5431719E-10
2.300E-1 1.21119195E-9
2.400E-1 1.71744337E-9
2.500E-1 2.43571888E-9
2.600E-1 3.4549721E-9
2.700E-1 4.90151581E-9
2.800E-1 6.95472031E-9
2.900E-1 9.86930968E-9
3.000E-1 1.4007029E-8
3.100E-1 1.98816209E-8
3.200E-1 2.82227046E-8
3.300E-1 4.00664983E-8
3.400E-1 5.68846623E-8
3.500E-1 8.07672679E-8
3.600E-1 1.14682608E-7
3.700E-1 1.62846077E-7
3.800E-1 2.31243806E-7
3.900E-1 3.28375818E-7
4.000E-1 4.66310324E-7
4.100E-1 6.62178763E-7
4.200E-1 9.40294454E-7
4.300E-1 1.33515244E-6
4.400E-1 1.8956724E-6
4.500E-1 2.69119177E-6
