0.000E+0 0
1.000E-2 1.24953515E-12
2.000E-2 3.01054745E-12
3.000E-2 5.49385933E-12
4.000E-2 8.9971449E-12
5.000E-2 1.39407005E-11
6.000E-2 2.09179726E-11
7.000E-2 3.07669605E-11
8.000E-2 4.46711664E-11
9.000E-2 6.43023995E-11
1.000E-1 9.20229031E-11
1.100E-1 1.31171623E-10
1.200E-1 1.86469871E-10
1.300E-1 2.64596464E-10
1.400E-1 3.75003523E-10
1.500E-1 5.3107397E-10
1.600E-1 7.51764313E-10
1.700E-1 1.06393652E-9
1.800E-1 1.50566847E-9
1.900E-1 2.13095388E-9
2.000E-1 3.01637547E-9
2.100E-1 4.27057992E-9
2.200E-1 6.04773169E-9
2.300E-1 8.56661737E-9
2.400E-1 1.21377744E-8
2.500E-1 1.72020159E-8
2.600E-1 2.4385141E-8
2.700E-1 3.45756314E-8
2.800E-1 4.90349948E-8
2.900E-1 6.95544735E-8
3.000E-1 9.86776034E-8
3.100E-1 1.40016289E-7
3.200E-1 1.98699688E-7
3.300E-1 2.82011679E-7
3.400E-1 4.00296117E-7
3.500E-1 5.68242249E-7
3.600E-1 8.06709753E-7
3.700E-1 1.14531953E-6
3.800E-1 1.62613073E-6
3.900E-1 2.30885766E-6
4.000E-1 3.27826831E-6
4.100E-1 4.65466978E-6
4.200E-1 6.60875561E-6
4.300E-1 9.38260333E-6
4.400E-1 1.3319319E-5
4.500E-1 1.8904793E-5
