0.000E+0 -0.591225822
1.000E-2 -0.591195737
2.000E-2 -0.591164765
3.000E-2 -0.591132637
4.000E-2 -0.591098977
5.000E-2 -0.591063254
6.000E-2 -0.591024723
7.000E-2 -0.590982333
8.000E-2 -0.590934594
9.000E-2 -0.590879407
1.000E-1 -0.590813796
1.100E-1 -0.590733552
1.200E-1 -0.590632715
1.300E-1 -0.590502839
1.400E-1 -0.590331957
1.500E-1 -0.590103108
1.600E-1 -0.589792241
1.700E-1 -0.589365252
1.800E-1 -0.588773774
1.900E-1 -0.587949207
2.000E-1 -0.586794259
2.100E-1 -0.585170959
2.200E-1 -0.582883705
2.300E-1 -0.579655295
2.400E-1 -0.57509315
2.500E-1 -0.568641804
2.600E-1 -0.559516409
2.700E-1 -0.546610181
2.800E-1 -0.528366706
2.900E-1 -0.502605907
3.000E-1 -0.466291029
3.100E-1 -0.41522464
3.200E-1 -0.343666805
3.300E-1 -0.243883191
3.400E-1 -0.105657955
3.500E-1 0.0841502298
