0.000E+0 -0.605628513
1.000E-2 -0.605612642
2.000E-2 -0.605596698
3.000E-2 -0.605580629
4.000E-2 -0.60556443
5.000E-2 -0.605548093
6.000E-2 -0.6055316
7.000E-2 -0.605514942
8.000E-2 -0.605498095
9.000E-2 -0.605481032
1.000E-1 -0.605463717
1.100E-1 -0.605446091
1.200E-1 -0.605428085
1.300E-1 -0.605409589
1.400E-1 -0.605390453
1.500E-1 -0.605370461
1.600E-1 -0.605349298
1.700E-1 -0.605326515
1.800E-1 -0.605301456
1.900E-1 -0.605273169
2.000E-1 -0.605240268
2.100E-1 -0.605200726
2.200E-1 -0.605151581
2.300E-1 -0.605088498
2.400E-1 -0.605005128
2.500E-1 -0.604892158
2.600E-1 -0.604735928
2.700E-1 -0.60451639
2.800E-1 -0.604204109
2.900E-1 -0.603755854
3.000E-1 -0.603108116
3.100E-1 -0.602167577
3.200E-1 -0.6007971
3.300E-1 -0.598795122
3.400E-1 -0.595865361
3.500E-1 -0.591572282
3.600E-1 -0.58527562
3.700E-1 -0.576034172
3.800E-1 -0.562464428
3.900E-1 -0.542532995
4.000E-1 -0.513251973
4.100E-1 -0.470232417
4.200E-1 -0.407030664
4.300E-1 -0.31419337
4.400E-1 -0.177866056
4.500E-1 0.0222271977
