0.000E+0 0
1.000E-2 2.066825E-13
2.000E-2 5.01939527E-13
3.000E-2 9.24421079E-13
4.000E-2 1.52936064E-12
5.000E-2 2.39570137E-12
6.000E-2 3.63610578E-12
7.000E-2 5.4111798E-12
8.000E-2 7.94967169E-12
9.000E-2 1.1577194E-11
1.000E-1 1.67571541E-11
1.100E-1 2.41492572E-11
1.200E-1 3.46934272E-11
1.300E-1 4.97306771E-11
1.400E-1 7.11779093E-11
1.500E-1 1.01781677E-10
1.600E-1 1.45487782E-10
1.700E-1 2.07980959E-10
1.800E-1 2.97474357E-10
1.900E-1 4.25865838E-10
2.000E-1 6.1043276E-10
2.100E-1 8.76317232E-10
2.200E-1 1.26017175E-9
2.300E-1 1.81550848E-9
2.400E-1 2.62055065E-9
2.500E-1 3.78975931E-9
2.600E-1 5.49076066E-9
2.700E-1 7.96920977E-9
2.800E-1 1.15853195E-8
2.900E-1 1.6867537E-8
3.000E-1 2.45914296E-8
3.100E-1 3.58956321E-8
3.200E-1 5.24522854E-8
3.300E-1 7.67175919E-8
3.400E-1 1.12300163E-7
3.500E-1 1.64502542E-7
3.600E-1 2.41117308E-7
3.700E-1 3.53597358E-7
3.800E-1 5.18776031E-7
3.900E-1 7.6139488E-7
4.000E-1 1.11781711E-6
4.100E-1 1.64148015E-6
4.200E-1 2.41089604E-6
4.300E-1 3.54137743E-6
4.400E-1 5.20219708E-6
4.500E-1 7.64164051E-6
