0.000E+0 0
1.000E-2 8.13855692E-14
2.000E-2 1.94258669E-13
3.000E-2 3.51076156E-13
4.000E-2 5.69225639E-13
5.000E-2 8.7298214E-13
6.000E-2 1.29624656E-12
7.000E-2 1.88638194E-12
8.000E-2 2.70959344E-12
9.000E-2 3.85848087E-12
1.000E-1 5.4626526E-12
1.100E-1 7.70365546E-12
1.200E-1 1.08359924E-11
1.300E-1 1.52167309E-11
1.400E-1 2.13472316E-11
1.500E-1 2.99319819E-11
1.600E-1 4.19615629E-11
1.700E-1 5.88296676E-11
1.800E-1 8.24981611E-11
1.900E-1 1.15729925E-10
2.000E-1 1.62417341E-10
2.100E-1 2.2804573E-10
2.200E-1 3.20347222E-10
2.300E-1 4.50223371E-10
2.400E-1 6.33047016E-10
2.500E-1 8.90499433E-10
2.600E-1 1.25316284E-9
2.700E-1 1.76417918E-9
2.800E-1 2.48441363E-9
2.900E-1 3.49974195E-9
3.000E-1 4.93133542E-9
3.100E-1 6.95017656E-9
3.200E-1 9.79754577E-9
3.300E-1 1.38139344E-8
3.400E-1 1.94798505E-8
3.500E-1 2.74734036E-8
3.600E-1 3.87515663E-8
3.700E-1 5.46648324E-8
3.800E-1 7.71189765E-8
3.900E-1 1.08803212E-7
4.000E-1 1.53511912E-7
4.100E-1 2.16598052E-7
4.200E-1 3.05611939E-7
4.300E-1 4.31200139E-7
4.400E-1 6.0836905E-7
4.500E-1 8.58257961E-7
