0.000E+0 -0.726111421
1.000E-2 -0.726109829
2.000E-2 -0.726108216
3.000E-2 -0.726106573
4.000E-2 -0.726104893
5.000E-2 -0.726103163
6.000E-2 -0.726101369
7.000E-2 -0.726099487
8.000E-2 -0.726097484
9.000E-2 -0.726095313
1.000E-1 -0.726092908
1.100E-1 -0.726090172
1.200E-1 -0.726086969
1.300E-1 -0.726083101
1.400E-1 -0.726078287
1.500E-1 -0.726072123
1.600E-1 -0.726064027
1.700E-1 -0.726053169
1.800E-1 -0.726038353
1.900E-1 -0.726017865
2.000E-1 -0.725989245
2.100E-1 -0.725948959
2.200E-1 -0.725891937
2.300E-1 -0.725810898
2.400E-1 -0.725695387
2.500E-1 -0.725530397
2.600E-1 -0.725294379
2.700E-1 -0.724956395
2.800E-1 -0.724472027
2.900E-1 -0.723777516
3.000E-1 -0.722781336
3.100E-1 -0.72135214
3.200E-1 -0.719301476
3.300E-1 -0.716359058
3.400E-1 -0.712137447
3.500E-1 -0.706081692
3.600E-1 -0.697397777
3.700E-1 -0.684951366
3.800E-1 -0.667125402
3.900E-1 -0.641621406
4.000E-1 -0.605185086
4.100E-1 -0.553232159
4.200E-1 -0.479344842
4.300E-1 -0.374601125
4.400E-1 -0.226680371
4.500E-1 -0.0186430065
4.600E-1 0.272815893
