0.000E+0 0
1.000E-2 6.1432377E-14
2.000E-2 1.50541182E-13
3.000E-2 2.79965938E-13
4.000E-2 4.68121987E-13
5.000E-2 7.41658352E-13
6.000E-2 1.13927395E-12
7.000E-2 1.71691448E-12
8.000E-2 2.55549389E-12
9.000E-2 3.77191215E-12
1.000E-1 5.53497776E-12
1.100E-1 8.08843745E-12
1.200E-1 1.1784384E-11
1.300E-1 1.7131894E-11
1.400E-1 2.48681201E-11
1.500E-1 3.60626185E-11
1.600E-1 5.22710115E-11
1.700E-1 7.57620108E-11
1.800E-1 1.09853607E-10
1.900E-1 1.59411729E-10
2.000E-1 2.31590647E-10
2.100E-1 3.36933041E-10
2.200E-1 4.91005077E-10
2.300E-1 7.16827511E-10
2.400E-1 1.04849133E-9
2.500E-1 1.53653661E-9
2.600E-1 2.2559564E-9
2.700E-1 3.31810988E-9
2.800E-1 4.88845748E-9
2.900E-1 7.21296831E-9
3.000E-1 1.06574458E-8
3.100E-1 1.57660972E-8
3.200E-1 2.33487712E-8
3.300E-1 3.46108973E-8
3.400E-1 5.13470293E-8
3.500E-1 7.62291027E-8
3.600E-1 1.13235695E-7
3.700E-1 1.68291096E-7
3.800E-1 2.50216363E-7
3.900E-1 3.72143804E-7
4.000E-1 5.53618812E-7
4.100E-1 8.23718956E-7
4.200E-1 1.22567394E-6
4.300E-1 1.82369036E-6
4.400E-1 2.7129965E-6
4.500E-1 4.03455263E-6
