0.000E+0 0
1.000E-2 5.22762649E-15
2.000E-2 1.27469044E-14
3.000E-2 2.35660289E-14
4.000E-2 3.91365855E-14
5.000E-2 6.15484985E-14
6.000E-2 9.38107493E-14
7.000E-2 1.4025568E-13
8.000E-2 2.0712144E-13
9.000E-2 3.03391313E-13
1.000E-1 4.42003606E-13
1.100E-1 6.41596307E-13
1.200E-1 9.29023699E-13
1.300E-1 1.34298763E-12
1.400E-1 1.93927842E-12
1.500E-1 2.79834069E-12
1.600E-1 4.03619677E-12
1.700E-1 5.8202199E-12
1.800E-1 8.39191119E-12
1.900E-1 1.20997924E-11
2.000E-1 1.74469081E-11
2.100E-1 2.51594261E-11
2.200E-1 3.62857129E-11
2.300E-1 5.23394195E-11
2.400E-1 7.55061344E-11
2.500E-1 1.08941852E-10
2.600E-1 1.57204045E-10
2.700E-1 2.2687429E-10
2.800E-1 3.27457526E-10
2.900E-1 4.72680944E-10
3.000E-1 6.8237003E-10
3.100E-1 9.85158329E-10
3.200E-1 1.42240138E-9
3.300E-1 2.05383003E-9
3.400E-1 2.96571614E-9
3.500E-1 4.28266724E-9
3.600E-1 6.18466306E-9
3.700E-1 8.93166347E-9
3.800E-1 1.28991531E-8
3.900E-1 1.86294836E-8
4.000E-1 2.69060343E-8
4.100E-1 3.88603354E-8
4.200E-1 5.61268028E-8
4.300E-1 8.10662507E-8
4.400E-1 1.17088759E-7
4.500E-1 1.69120063E-7
