0.000E+0 0
1.000E-2 8.40959807E-15
2.000E-2 2.04883437E-14
3.000E-2 3.7844729E-14
4.000E-2 6.27920076E-14
5.000E-2 9.86568641E-14
6.000E-2 1.50223385E-13
7.000E-2 2.24371814E-13
8.000E-2 3.30997857E-13
9.000E-2 4.84336281E-13
1.000E-1 7.04867461E-13
1.100E-1 1.02206488E-12
1.200E-1 1.47835634E-12
1.300E-1 2.13483727E-12
1.400E-1 3.07951437E-12
1.500E-1 4.43920326E-12
1.600E-1 6.39670343E-12
1.700E-1 9.21559524E-12
1.800E-1 1.32760438E-11
1.900E-1 1.91264997E-11
2.000E-1 2.75583559E-11
2.100E-1 3.9713758E-11
2.200E-1 5.72412951E-11
2.300E-1 8.25208374E-11
2.400E-1 1.18988247E-10
2.500E-1 1.71604325E-10
2.600E-1 2.47532093E-10
2.700E-1 3.5711497E-10
2.800E-1 5.15289552E-10
2.900E-1 7.4362613E-10
3.000E-1 1.07327586E-9
3.100E-1 1.54922755E-9
3.200E-1 2.23645599E-9
3.300E-1 3.22880244E-9
3.400E-1 4.66180154E-9
3.500E-1 6.7312082E-9
3.600E-1 9.7197582E-9
3.700E-1 1.40358208E-8
3.800E-1 2.02692292E-8
3.900E-1 2.92719229E-8
4.000E-1 4.22744275E-8
4.100E-1 6.10541019E-8
4.200E-1 8.81781555E-8
4.300E-1 1.27354664E-7
4.400E-1 1.83939586E-7
4.500E-1 2.65669089E-7
