0.000E+0 -0.269703264
1.000E-2 -0.269676833
2.000E-2 -0.26964919
3.000E-2 -0.269619868
4.000E-2 -0.269588285
5.000E-2 -0.269553617
6.000E-2 -0.269514762
7.000E-2 -0.269470171
8.000E-2 -0.269417705
9.000E-2 -0.269354427
1.000E-1 -0.269276244
1.100E-1 -0.269177513
1.200E-1 -0.269050376
1.300E-1 -0.268883933
1.400E-1 -0.268662976
1.500E-1 -0.268366347
1.600E-1 -0.267964445
1.700E-1 -0.267415873
1.800E-1 -0.266662625
1.900E-1 -0.265623353
2.000E-1 -0.264183803
2.100E-1 -0.262183404
2.200E-1 -0.259396286
2.300E-1 -0.255504571
2.400E-1 -0.250060593
2.500E-1 -0.242433743
2.600E-1 -0.231735271
2.700E-1 -0.216712328
2.800E-1 -0.195598446
2.900E-1 -0.165902579
3.000E-1 -0.124111638
3.100E-1 -0.065271225
3.200E-1 0.0176049639
