0.000E+0 0
1.000E-2 3.22506427E-14
2.000E-2 7.8459819E-14
3.000E-2 1.44728919E-13
4.000E-2 2.39818138E-13
5.000E-2 3.7630092E-13
6.000E-2 5.72218979E-13
7.000E-2 8.53455792E-13
8.000E-2 1.25714239E-12
9.000E-2 1.83654844E-12
1.000E-1 2.66811367E-12
1.100E-1 3.86156864E-12
1.200E-1 5.57452203E-12
1.300E-1 8.03351444E-12
1.400E-1 1.15644459E-11
1.500E-1 1.66366022E-11
1.600E-1 2.39264189E-11
1.700E-1 3.44099013E-11
1.800E-1 4.94966464E-11
1.900E-1 7.12242606E-11
2.000E-1 1.0254045E-10
2.100E-1 1.47712369E-10
2.200E-1 2.12920694E-10
2.300E-1 3.07121808E-10
2.400E-1 4.43299162E-10
2.500E-1 6.40279416E-10
2.600E-1 9.2536814E-10
2.700E-1 1.33817436E-9
2.800E-1 1.93615888E-9
2.900E-1 2.80268011E-9
3.000E-1 4.05865492E-9
3.100E-1 5.87944383E-9
3.200E-1 8.51927055E-9
3.300E-1 1.23464746E-8
3.400E-1 1.78942771E-8
3.500E-1 2.59336412E-8
3.600E-1 3.75773917E-8
3.700E-1 5.44282289E-8
3.800E-1 7.87879628E-8
3.900E-1 1.1395195E-7
4.000E-1 1.64623038E-7
4.100E-1 2.37496919E-7
4.200E-1 3.42101374E-7
4.300E-1 4.92019741E-7
4.400E-1 7.06688513E-7
4.500E-1 1.01400784E-6
