0.000E+0 -0.199172944
1.000E-2 -0.199159951
2.000E-2 -0.199146749
3.000E-2 -0.199133262
4.000E-2 -0.199119416
5.000E-2 -0.199105096
6.000E-2 -0.199090133
7.000E-2 -0.19907431
8.000E-2 -0.19905731
9.000E-2 -0.19903869
1.000E-1 -0.199017858
1.100E-1 -0.198993957
1.200E-1 -0.198965801
1.300E-1 -0.198931726
1.400E-1 -0.1988894
1.500E-1 -0.198835549
1.600E-1 -0.198765523
1.700E-1 -0.198672815
1.800E-1 -0.198548167
1.900E-1 -0.198378484
2.000E-1 -0.198145183
2.100E-1 -0.197821876
2.200E-1 -0.197371056
2.300E-1 -0.196739378
2.400E-1 -0.195850893
2.500E-1 -0.194597465
2.600E-1 -0.192825043
2.700E-1 -0.190314068
2.800E-1 -0.186751583
2.900E-1 -0.181691328
3.000E-1 -0.174496851
3.100E-1 -0.164260352
3.200E-1 -0.149686708
3.300E-1 -0.12892812
3.400E-1 -0.0993479772
3.500E-1 -0.0571839571
3.600E-1 0.00293268974
