0.000E+0 0
1.000E-2 1.68804946E-14
2.000E-2 4.11060315E-14
3.000E-2 7.59371532E-14
4.000E-2 1.25971113E-13
5.000E-2 1.97906545E-13
6.000E-2 3.0135395E-13
7.000E-2 4.50140073E-13
8.000E-2 6.64162206E-13
9.000E-2 9.72063714E-13
1.000E-1 1.41509858E-12
1.100E-1 2.05271943E-12
1.200E-1 2.97066595E-12
1.300E-1 4.29268326E-12
1.400E-1 6.19751211E-12
1.500E-1 8.94353684E-12
1.600E-1 1.29045569E-11
1.700E-1 1.86217158E-11
1.800E-1 2.68788979E-11
1.900E-1 3.88122091E-11
2.000E-1 5.60689613E-11
2.100E-1 8.10385578E-11
2.200E-1 1.17187816E-10
2.300E-1 1.69547996E-10
2.400E-1 2.45422202E-10
2.500E-1 3.55412943E-10
2.600E-1 5.14914786E-10
2.700E-1 7.46282732E-10
2.800E-1 1.0819823E-9
2.900E-1 1.5691659E-9
3.000E-1 2.27632147E-9
3.100E-1 3.30293195E-9
3.200E-1 4.79350912E-9
3.300E-1 6.95798341E-9
3.400E-1 1.01013283E-8
3.500E-1 1.46666019E-8
3.600E-1 2.12974851E-8
3.700E-1 3.09291429E-8
3.800E-1 4.4920245E-8
3.900E-1 6.52447833E-8
4.000E-1 9.47707761E-8
4.100E-1 1.37665214E-7
4.200E-1 1.9998243E-7
4.300E-1 2.90518973E-7
4.400E-1 4.22055688E-7
4.500E-1 6.1316237E-7
