fname time Tem kT_1 n1 Rs Io1 Rsh n2 Io2 dev 
001_315 001_315.dat 315 36.807 1.000000000E+00 0.000000000E+00 1.114691107E-14 1.000000000E+20 1.228821965E+00 3.165120779E-15 3.248366760E-04 
001_315_SRH 001_315_srh.dat 315 36.807 1.000000000E+00 0.000000000E+00 7.340873003E-15 1.000000000E+20 1.236519435E+00 3.109546655E-15 4.879867631E-04 
002_315 002_315.dat 315 36.807 1.000000000E+00 0.000000000E+00 1.455897400E-14 1.000000000E+20 1.231194478E+00 4.618823070E-15 3.651413337E-04 
002_315_SRH 002_315_srh.dat 315 36.807 1.000000000E+00 0.000000000E+00 1.075613221E-14 1.000000000E+20 1.236600788E+00 4.563875802E-15 4.891549998E-04 
003_315 003_315.dat 315 36.807 1.000000000E+00 0.000000000E+00 1.954587474E-14 1.000000000E+20 1.232947517E+00 6.752587643E-15 3.989723403E-04 
003_315_SRH 003_315_srh.dat 315 36.807 1.000000000E+00 0.000000000E+00 1.574755175E-14 1.000000000E+20 1.236719284E+00 6.698180950E-15 4.908674922E-04 
004_315 004_315.dat 315 36.807 1.000000000E+00 0.000000000E+00 2.681996365E-14 1.000000000E+20 1.234274533E+00 9.884071121E-15 4.265925829E-04 
004_315_SRH 004_315_srh.dat 315 36.807 1.000000000E+00 0.000000000E+00 2.302807676E-14 1.000000000E+20 1.236891320E+00 9.830151641E-15 4.933765661E-04 
005_315 005_315.dat 315 36.807 1.000000000E+00 0.000000000E+00 3.739960702E-14 1.000000000E+20 1.235332113E+00 1.447909401E-14 4.491652359E-04 
005_315_SRH 005_315_srh.dat 315 36.807 1.000000000E+00 0.000000000E+00 3.361693608E-14 1.000000000E+20 1.237139829E+00 1.442565001E-14 4.970493254E-04 
006_315 006_315.dat 315 36.807 1.000000000E+00 0.000000000E+00 5.272285049E-14 1.000000000E+20 1.236251138E+00 2.122049047E-14 4.683557675E-04 
006_315_SRH 006_315_srh.dat 315 36.807 1.000000000E+00 0.000000000E+00 4.895338891E-14 1.000000000E+20 1.237496232E+00 2.116756057E-14 5.024179444E-04 
007_315 007_315.dat 315 36.807 1.000000000E+00 0.000000000E+00 7.478404156E-14 1.000000000E+20 1.237146006E+00 3.110871750E-14 4.860830900E-04 
007_315_SRH 007_315_srh.dat 315 36.807 1.000000000E+00 0.000000000E+00 7.103344278E-14 1.000000000E+20 1.238002143E+00 3.105640004E-14 5.102480140E-04 
008_315 008_315.dat 315 36.807 1.000000000E+00 0.000000000E+00 1.062767226E-13 1.000000000E+20 1.238121451E+00 4.560872568E-14 5.044441773E-04 
008_315_SRH 008_315_srh.dat 315 36.807 1.000000000E+00 0.000000000E+00 1.025528310E-13 1.000000000E+20 1.238709927E+00 4.555718880E-14 5.216288954E-04 
009_315 009_315.dat 315 36.807 1.000000000E+00 0.000000000E+00 1.506999097E-13 1.000000000E+20 1.239275474E+00 6.686422973E-14 5.257681553E-04 
009_315_SRH 009_315_srh.dat 315 36.807 1.000000000E+00 0.000000000E+00 1.470133121E-13 1.000000000E+20 1.239680462E+00 6.681372515E-14 5.380823737E-04 
010_315 010_315.dat 315 36.807 1.000000000E+00 0.000000000E+00 2.123455247E-13 1.000000000E+20 1.240696193E+00 9.801041079E-14 5.527352235E-04 
010_315_SRH 010_315_srh.dat 315 36.807 1.000000000E+00 0.000000000E+00 2.087099587E-13 1.000000000E+20 1.240975803E+00 9.796128576E-14 5.616765210E-04 
011_315 011_315.dat 315 36.807 1.000000000E+00 0.000000000E+00 2.960472477E-13 1.000000000E+20 1.242451096E+00 1.436311492E-13 5.884933963E-04 
011_315_SRH 011_315_srh.dat 315 36.807 1.000000000E+00 0.000000000E+00 2.924795667E-13 1.000000000E+20 1.242645308E+00 1.435838563E-13 5.951105937E-04 
012_315 012_315.dat 315 36.807 1.000000000E+00 0.000000000E+00 4.065850437E-13 1.000000000E+20 1.244571189E+00 2.104301191E-13 6.367051124E-04 
012_315_SRH 012_315_srh.dat 315 36.807 1.000000000E+00 0.000000000E+00 4.031043150E-13 1.000000000E+20 1.244707415E+00 2.103852190E-13 6.417254213E-04 
013_315 013_315.dat 315 36.807 1.000000000E+00 0.000000000E+00 5.477906419E-13 1.000000000E+20 1.247039351E+00 3.082207198E-13 7.014837414E-04 
013_315_SRH 013_315_srh.dat 315 36.807 1.000000000E+00 0.000000000E+00 5.444160005E-13 1.000000000E+20 1.247136322E+00 3.081788825E-13 7.054073650E-04 
014_315 014_315.dat 315 36.807 1.000000000E+00 0.000000000E+00 7.217294762E-13 1.000000000E+20 1.249796515E+00 4.513930069E-13 7.872381285E-04 
014_315_SRH 014_315_srh.dat 315 36.807 1.000000000E+00 0.000000000E+00 7.184767647E-13 1.000000000E+20 1.249866971E+00 4.513550270E-13 7.904064433E-04 
015_315 015_315.dat 315 36.807 1.000000000E+00 0.000000000E+00 9.286584400E-13 1.000000000E+20 1.252770234E+00 6.610927341E-13 8.984545832E-04 
015_315_SRH 015_315_srh.dat 315 36.807 1.000000000E+00 0.000000000E+00 9.255364676E-13 1.000000000E+20 1.252822762E+00 6.610595711E-13 9.010986520E-04 
016_315 016_315.dat 315 36.807 1.000000000E+00 0.000000000E+00 1.168309392E-12 1.000000000E+20 1.255908506E+00 9.684565440E-13 1.039354178E-03 
016_315_SRH 016_315_srh.dat 315 36.807 1.000000000E+00 0.000000000E+00 1.165317349E-12 1.000000000E+20 1.255948843E+00 9.684294028E-13 1.041627904E-03 
017_315 017_315.dat 315 36.807 1.000000000E+00 0.000000000E+00 1.442169044E-12 1.000000000E+20 1.259192799E+00 1.419401813E-12 1.213326416E-03 
017_315_SRH 017_315_srh.dat 315 36.807 1.000000000E+00 0.000000000E+00 1.439296486E-12 1.000000000E+20 1.259224770E+00 1.419382308E-12 1.215329782E-03 
018_315 018_315.dat 315 36.807 1.000000000E+00 0.000000000E+00 1.755461722E-12 1.000000000E+20 1.262625831E+00 2.081698914E-12 1.422321150E-03 
018_315_SRH 018_315_srh.dat 315 36.807 1.000000000E+00 0.000000000E+00 1.752691193E-12 1.000000000E+20 1.262651926E+00 2.081689266E-12 1.424116490E-03 
019_315 019_315.dat 315 36.807 1.000000000E+00 0.000000000E+00 2.117604258E-12 1.000000000E+20 1.266214349E+00 3.055413226E-12 1.666696890E-03 
019_315_SRH 019_315_srh.dat 315 36.807 1.000000000E+00 0.000000000E+00 2.114915512E-12 1.000000000E+20 1.266236183E+00 3.055416572E-12 1.668320852E-03 
