0.000E+0 -0.492854195
1.000E-2 -0.492849008
2.000E-2 -0.492843792
3.000E-2 -0.492838544
4.000E-2 -0.49283326
5.000E-2 -0.492827941
6.000E-2 -0.492822581
7.000E-2 -0.492817175
8.000E-2 -0.492811718
9.000E-2 -0.492806199
1.000E-1 -0.492800606
1.100E-1 -0.492794919
1.200E-1 -0.492789113
1.300E-1 -0.492783147
1.400E-1 -0.492776965
1.500E-1 -0.492770487
1.600E-1 -0.492763593
1.700E-1 -0.492756113
1.800E-1 -0.492747794
1.900E-1 -0.492738274
2.000E-1 -0.492727018
2.100E-1 -0.492713252
2.200E-1 -0.492695841
2.300E-1 -0.492673131
2.400E-1 -0.492642706
2.500E-1 -0.492601035
2.600E-1 -0.492542959
2.700E-1 -0.492460941
2.800E-1 -0.492343969
2.900E-1 -0.492175946
3.000E-1 -0.491933349
3.100E-1 -0.491581796
3.200E-1 -0.491071036
3.300E-1 -0.490327616
3.400E-1 -0.489244171
3.500E-1 -0.487663766
3.600E-1 -0.485356995
3.700E-1 -0.481988524
3.800E-1 -0.47706817
3.900E-1 -0.469879394
4.000E-1 -0.459374772
4.100E-1 -0.444023223
4.200E-1 -0.421586702
4.300E-1 -0.388793861
4.400E-1 -0.340863191
4.500E-1 -0.270806331
4.600E-1 -0.168410555
4.700E-1 -0.0187532466
4.800E-1 0.199965483
