0.000E+0 0
1.000E-2 3.12517573E-11
2.000E-2 7.4991094E-11
3.000E-2 1.36246347E-10
4.000E-2 2.22068782E-10
5.000E-2 3.42345886E-10
6.000E-2 5.10942106E-10
7.000E-2 7.47299466E-10
8.000E-2 1.07868463E-9
9.000E-2 1.54334517E-9
1.000E-1 2.19494584E-9
1.100E-1 3.10880764E-9
1.200E-1 4.39068789E-9
1.300E-1 6.189143E-9
1.400E-1 8.71294407E-9
1.500E-1 1.22556195E-8
1.600E-1 1.72300508E-8
1.700E-1 2.42172477E-8
1.800E-1 3.40351208E-8
1.900E-1 4.78354509E-8
2.000E-1 6.72406133E-8
2.100E-1 9.45363336E-8
2.200E-1 1.32943394E-7
2.300E-1 1.87000529E-7
2.400E-1 2.63103804E-7
2.500E-1 3.70266016E-7
2.600E-1 5.21185003E-7
2.700E-1 7.33744837E-7
2.800E-1 1.03312193E-6
2.900E-1 1.45473323E-6
3.000E-1 2.04835043E-6
3.100E-1 2.88381704E-6
3.200E-1 4.05894694E-6
3.300E-1 5.71035338E-6
3.400E-1 8.02817996E-6
3.500E-1 1.12757282E-5
3.600E-1 1.58155909E-5
3.700E-1 2.21434231E-5
3.800E-1 3.09311699E-5
3.900E-1 4.30813759E-5
4.000E-1 5.9794178E-5
4.100E-1 8.26474244E-5
4.200E-1 0.000113686577
4.300E-1 0.000155502658
4.400E-1 0.000211315408
4.500E-1 0.000284941933
