0.000E+0 0
1.000E-2 8.09254008E-13
2.000E-2 1.94326797E-12
3.000E-2 3.53279609E-12
4.000E-2 5.76123743E-12
5.000E-2 8.88583654E-12
6.000E-2 1.32674304E-11
7.000E-2 1.94121954E-11
8.000E-2 2.80302461E-11
9.000E-2 4.01179067E-11
1.000E-1 5.7073244E-11
1.100E-1 8.08583433E-11
1.200E-1 1.14227282E-10
1.300E-1 1.61046451E-10
1.400E-1 2.26744695E-10
1.500E-1 3.18945938E-10
1.600E-1 4.4835835E-10
1.700E-1 6.30024125E-10
1.800E-1 8.85076201E-10
1.900E-1 1.24320759E-9
2.000E-1 1.7461424E-9
2.100E-1 2.45251513E-9
2.200E-1 3.44472938E-9
2.300E-1 4.83859956E-9
2.400E-1 6.79690437E-9
2.500E-1 9.54844011E-9
2.600E-1 1.3414805E-8
2.700E-1 1.88480526E-8
2.800E-1 2.64836236E-8
2.900E-1 3.72147588E-8
3.000E-1 5.22971059E-8
3.100E-1 7.34957761E-8
3.200E-1 1.0329207E-7
3.300E-1 1.45174083E-7
3.400E-1 2.0404521E-7
3.500E-1 2.86798361E-7
3.600E-1 4.03123061E-7
3.700E-1 5.66639801E-7
3.800E-1 7.9649414E-7
3.900E-1 1.11959653E-6
4.000E-1 1.57376876E-6
4.100E-1 2.21216263E-6
4.200E-1 3.10946259E-6
4.300E-1 4.37058775E-6
4.400E-1 6.14289102E-6
4.500E-1 8.63324318E-6
