0.000E+0 0
1.000E-2 1.26686827E-11
2.000E-2 3.02257012E-11
3.000E-2 5.4582451E-11
4.000E-2 8.83969195E-11
5.000E-2 1.35365251E-10
6.000E-2 2.00627649E-10
7.000E-2 2.91333925E-10
8.000E-2 4.1743225E-10
9.000E-2 5.92770352E-10
1.000E-1 8.3663461E-10
1.100E-1 1.17590343E-9
1.200E-1 1.64806303E-9
1.300E-1 2.3054345E-9
1.400E-1 3.2211026E-9
1.500E-1 4.49723583E-9
1.600E-1 6.276766E-9
1.700E-1 8.75978833E-9
1.800E-1 1.22265932E-8
1.900E-1 1.70700154E-8
2.000E-1 2.3840873E-8
2.100E-1 3.33117985E-8
2.200E-1 4.65669118E-8
2.300E-1 6.51278064E-8
2.400E-1 9.11305623E-8
2.500E-1 1.27574468E-7
2.600E-1 1.78671514E-7
2.700E-1 2.50337503E-7
2.800E-1 3.5088216E-7
2.900E-1 4.91978893E-7
3.000E-1 6.90027463E-7
3.100E-1 9.68068667E-7
3.200E-1 1.35847438E-6
3.300E-1 1.90672638E-6
3.400E-1 2.67672354E-6
3.500E-1 3.75823304E-6
3.600E-1 5.27734715E-6
3.700E-1 7.41114855E-6
3.800E-1 1.04082589E-5
3.900E-1 1.46175946E-5
4.000E-1 2.05285334E-5
4.100E-1 2.88268785E-5
4.200E-1 4.04725502E-5
4.300E-1 5.68068915E-5
4.400E-1 7.9699964E-5
4.500E-1 0.000111749889
