0.000E+0 0
1.000E-2 4.82985825E-14
2.000E-2 1.1574114E-13
3.000E-2 2.10288134E-13
4.000E-2 3.43097301E-13
5.000E-2 5.29744624E-13
6.000E-2 7.91881018E-13
7.000E-2 1.15946853E-12
8.000E-2 1.67378603E-12
9.000E-2 2.39145867E-12
1.000E-1 3.38985922E-12
1.100E-1 4.77437077E-12
1.200E-1 6.68821882E-12
1.300E-1 9.32592122E-12
1.400E-1 1.29519309E-11
1.500E-1 1.7926848E-11
1.600E-1 2.47447768E-11
1.700E-1 3.40871733E-11
1.800E-1 4.69011086E-11
1.900E-1 6.45136504E-11
2.000E-1 8.87995883E-11
2.100E-1 1.22427892E-10
2.200E-1 1.69224386E-10
2.300E-1 2.34706148E-10
2.400E-1 3.26869949E-10
2.500E-1 4.57357035E-10
2.600E-1 6.43176081E-10
2.700E-1 9.09254731E-10
2.800E-1 1.29222212E-9
2.900E-1 1.84602121E-9
3.000E-1 2.6502422E-9
3.100E-1 3.82250433E-9
3.200E-1 5.53686206E-9
3.300E-1 8.05117882E-9
3.400E-1 1.17478524E-8
3.500E-1 1.71944217E-8
3.600E-1 2.52337848E-8
3.700E-1 3.71185197E-8
3.800E-1 5.47109013E-8
3.900E-1 8.07807808E-8
4.000E-1 1.19449239E-7
4.100E-1 1.76849364E-7
4.200E-1 2.62110385E-7
4.300E-1 3.88823209E-7
4.400E-1 5.77222374E-7
4.500E-1 8.57433389E-7
