0.000E+0 -0.639127049
1.000E-2 -0.639125852
2.000E-2 -0.639124646
3.000E-2 -0.639123427
4.000E-2 -0.639122193
5.000E-2 -0.639120939
6.000E-2 -0.639119659
7.000E-2 -0.639118344
8.000E-2 -0.639116983
9.000E-2 -0.639115555
1.000E-1 -0.639114034
1.100E-1 -0.639112383
1.200E-1 -0.639110546
1.300E-1 -0.639108444
1.400E-1 -0.63910596
1.500E-1 -0.639102931
1.600E-1 -0.639099115
1.700E-1 -0.639094167
1.800E-1 -0.639087587
1.900E-1 -0.639078654
2.000E-1 -0.639066326
2.100E-1 -0.639049098
2.200E-1 -0.639024795
2.300E-1 -0.638990279
2.400E-1 -0.638941016
2.500E-1 -0.638870456
2.600E-1 -0.63876914
2.700E-1 -0.638623407
2.800E-1 -0.638413524
2.900E-1 -0.638110991
3.000E-1 -0.637674643
3.100E-1 -0.637045024
3.200E-1 -0.636136259
3.300E-1 -0.634824315
3.400E-1 -0.632930044
3.500E-1 -0.630194697
3.600E-1 -0.62624455
3.700E-1 -0.620539821
3.800E-1 -0.612300885
3.900E-1 -0.600401711
4.000E-1 -0.583215957
4.100E-1 -0.558394704
4.200E-1 -0.522545462
4.300E-1 -0.470768648
4.400E-1 -0.39598828
4.500E-1 -0.287985681
4.600E-1 -0.132004633
4.700E-1 0.0932615714
