0.000E+0 0
1.000E-2 2.87950997E-13
2.000E-2 6.91120874E-13
3.000E-2 1.25579245E-12
4.000E-2 2.04683539E-12
5.000E-2 3.15516983E-12
6.000E-2 4.70822959E-12
7.000E-2 6.88463364E-12
8.000E-2 9.93476278E-12
9.000E-2 1.42096263E-11
1.000E-1 2.02013693E-11
1.100E-1 2.86001303E-11
1.200E-1 4.03738691E-11
1.300E-1 5.68804699E-11
1.400E-1 8.00251945E-11
1.500E-1 1.12481858E-10
1.600E-1 1.58003532E-10
1.700E-1 2.21859008E-10
1.800E-1 3.11445879E-10
1.900E-1 4.37151565E-10
2.000E-1 6.13562274E-10
2.100E-1 8.6115986E-10
2.200E-1 1.20870226E-9
2.300E-1 1.69656039E-9
2.400E-1 2.38139097E-9
2.500E-1 3.34267044E-9
2.600E-1 4.69181293E-9
2.700E-1 6.58485795E-9
2.800E-1 9.24005794E-9
2.900E-1 1.29621304E-8
3.000E-1 1.81754696E-8
3.100E-1 2.54692238E-8
3.200E-1 3.5657812E-8
3.300E-1 4.98611855E-8
3.400E-1 6.961009E-8
3.500E-1 9.69834016E-8
3.600E-1 1.34788895E-7
3.700E-1 1.8680846E-7
3.800E-1 2.58147031E-7
3.900E-1 3.55750993E-7
4.000E-1 4.89187629E-7
4.100E-1 6.71785851E-7
4.200E-1 9.22222056E-7
4.300E-1 1.26661145E-6
4.400E-1 1.74116702E-6
4.500E-1 2.39552606E-6
