0.000E+0 0
1.000E-2 7.91438831E-11
2.000E-2 1.89266691E-10
3.000E-2 3.426091E-10
4.000E-2 5.56242984E-10
5.000E-2 8.53976757E-10
6.000E-2 1.26901351E-9
7.000E-2 1.84766129E-9
8.000E-2 2.65451509E-9
9.000E-2 3.77969929E-9
1.000E-1 5.34899735E-9
1.100E-1 7.53803048E-9
1.200E-1 1.05921179E-8
1.300E-1 1.48541133E-8
1.400E-1 2.08034427E-8
1.500E-1 2.91108718E-8
1.600E-1 4.07153659E-8
1.700E-1 5.69319706E-8
1.800E-1 7.96032457E-8
1.900E-1 1.11311831E-7
2.000E-1 1.55678796E-7
2.100E-1 2.17782302E-7
2.200E-1 3.04744947E-7
2.300E-1 4.26557365E-7
2.400E-1 5.97232394E-7
2.500E-1 8.36421029E-7
2.600E-1 1.17167198E-6
2.700E-1 1.64158548E-6
2.800E-1 2.30020414E-6
2.900E-1 3.2231049E-6
3.000E-1 4.5158108E-6
3.100E-1 6.325332E-6
3.200E-1 8.85586641E-6
3.300E-1 1.23899716E-5
3.400E-1 1.73165109E-5
3.500E-1 2.41674773E-5
3.600E-1 3.36651076E-5
3.700E-1 4.67817056E-5
3.800E-1 6.48146092E-5
3.900E-1 8.94793686E-5
4.000E-1 0.000123023833
4.100E-1 0.000168362289
4.200E-1 0.000229208971
4.300E-1 0.000310224595
4.400E-1 0.000417044528
4.500E-1 0.000556273279
