0.000E+0 -0.633163165
1.000E-2 -0.633161935
2.000E-2 -0.633160683
3.000E-2 -0.633159401
4.000E-2 -0.633158079
5.000E-2 -0.633156702
6.000E-2 -0.633155248
7.000E-2 -0.633153686
8.000E-2 -0.633151973
9.000E-2 -0.633150048
1.000E-1 -0.63314782
1.100E-1 -0.633145163
1.200E-1 -0.633141897
1.300E-1 -0.633137763
1.400E-1 -0.633132392
1.500E-1 -0.63312526
1.600E-1 -0.633115613
1.700E-1 -0.633102379
1.800E-1 -0.633084025
1.900E-1 -0.633058362
2.000E-1 -0.633022267
2.100E-1 -0.632971274
2.200E-1 -0.632899011
2.300E-1 -0.632796374
2.400E-1 -0.632650366
2.500E-1 -0.632442422
2.600E-1 -0.632146031
2.700E-1 -0.631723333
2.800E-1 -0.631120258
2.900E-1 -0.630259592
3.000E-1 -0.62903106
3.100E-1 -0.627277183
3.200E-1 -0.624773063
3.300E-1 -0.621197522
3.400E-1 -0.616091885
3.500E-1 -0.608801122
3.600E-1 -0.598389787
3.700E-1 -0.58352198
3.800E-1 -0.562289926
3.900E-1 -0.531969178
4.000E-1 -0.48866906
4.100E-1 -0.426833509
4.200E-1 -0.338528349
4.300E-1 -0.212423681
4.400E-1 -0.0323410682
4.500E-1 0.224820224
