0.000E+0 0
1.000E-2 7.8457484E-14
2.000E-2 1.91440066E-13
3.000E-2 3.54429847E-13
4.000E-2 5.89746375E-13
5.000E-2 9.29499519E-13
6.000E-2 1.41979287E-12
7.000E-2 2.12670396E-12
8.000E-2 3.14473763E-12
9.000E-2 4.60888729E-12
1.000E-1 6.71174564E-12
1.100E-1 9.7279131E-12
1.200E-1 1.4048941E-11
1.300E-1 2.02336128E-11
1.400E-1 2.90807156E-11
1.500E-1 4.1734993E-11
1.600E-1 5.98422602E-11
1.700E-1 8.57775501E-11
1.800E-1 1.22981855E-10
1.900E-1 1.7646036E-10
2.000E-1 2.53520739E-10
2.100E-1 3.64868204E-10
2.200E-1 5.2623068E-10
2.300E-1 7.60771879E-10
2.400E-1 1.10267574E-9
2.500E-1 1.60247319E-9
2.600E-1 2.33496126E-9
2.700E-1 3.41098064E-9
2.800E-1 4.99493766E-9
2.900E-1 7.33088E-9
3.000E-1 1.07813113E-8
3.100E-1 1.58849797E-8
3.200E-1 2.34429301E-8
3.300E-1 3.46466586E-8
3.400E-1 5.12689875E-8
3.500E-1 7.59483726E-8
3.600E-1 1.12612387E-7
3.700E-1 1.67108496E-7
3.800E-1 2.4814351E-7
3.900E-1 3.68682545E-7
4.000E-1 5.48031683E-7
4.100E-1 8.14937147E-7
4.200E-1 1.21219412E-6
4.300E-1 1.80349391E-6
4.400E-1 2.68358179E-6
4.500E-1 3.99329416E-6
