0.000E+0 0
1.000E-2 6.55585284E-13
2.000E-2 1.56767419E-12
3.000E-2 2.84004195E-12
4.000E-2 4.61823963E-12
5.000E-2 7.10635229E-12
6.000E-2 1.0590501E-11
7.000E-2 1.54718468E-11
8.000E-2 2.23130182E-11
9.000E-2 3.1903561E-11
1.000E-1 4.53524243E-11
1.100E-1 6.42189854E-11
1.200E-1 9.06991387E-11
1.300E-1 1.27890214E-10
1.400E-1 1.80168879E-10
1.500E-1 2.53731093E-10
1.600E-1 3.57364531E-10
1.700E-1 5.03554503E-10
1.800E-1 7.10068204E-10
1.900E-1 1.00222499E-9
2.000E-1 1.41615054E-9
2.100E-1 2.0034421E-9
2.200E-1 2.83785791E-9
2.300E-1 4.02491054E-9
2.400E-1 5.71562712E-9
2.500E-1 8.12628879E-9
2.600E-1 1.15667519E-8
2.700E-1 1.6481086E-8
2.800E-1 2.35058919E-8
2.900E-1 3.35539951E-8
3.000E-1 4.79345671E-8
3.100E-1 6.85255287E-8
3.200E-1 9.80209974E-8
3.300E-1 1.40286429E-7
3.400E-1 2.00868286E-7
3.500E-1 2.87725384E-7
3.600E-1 4.12278095E-7
3.700E-1 5.90913109E-7
3.800E-1 8.47140528E-7
3.900E-1 1.21468397E-6
4.000E-1 1.74190283E-6
4.100E-1 2.49811199E-6
4.200E-1 3.58259426E-6
4.300E-1 5.13741453E-6
4.400E-1 7.365561E-6
4.500E-1 1.05564682E-5
