0.000E+0 0
1.000E-2 6.86666825E-13
2.000E-2 1.64311448E-12
3.000E-2 2.976611E-12
4.000E-2 4.83709379E-12
5.000E-2 7.4341648E-12
6.000E-2 1.10608768E-11
7.000E-2 1.61270402E-11
8.000E-2 2.32058844E-11
9.000E-2 3.30994622E-11
1.000E-1 4.69303743E-11
1.100E-1 6.62704654E-11
1.200E-1 9.33214751E-11
1.300E-1 1.31168704E-10
1.400E-1 1.84137309E-10
1.500E-1 2.5829285E-10
1.600E-1 3.62144589E-10
1.700E-1 5.07633768E-10
1.800E-1 7.11522417E-10
1.900E-1 9.97345097E-10
2.000E-1 1.39815187E-9
2.100E-1 1.96036334E-9
2.200E-1 2.74918876E-9
2.300E-1 3.85624117E-9
2.400E-1 5.41024057E-9
2.500E-1 7.59205757E-9
2.600E-1 1.06558578E-8
2.700E-1 1.49588203E-8
2.800E-1 2.10029059E-8
2.900E-1 2.94935582E-8
3.000E-1 4.1422194E-8
3.100E-1 5.81821106E-8
3.200E-1 8.17313157E-8
3.300E-1 1.14821216E-7
3.400E-1 1.61317679E-7
3.500E-1 2.26651539E-7
3.600E-1 3.18450258E-7
3.700E-1 4.47422622E-7
3.800E-1 6.28595975E-7
3.900E-1 8.83042742E-7
4.000E-1 1.2402824E-6
4.100E-1 1.74160873E-6
4.200E-1 2.44467033E-6
4.300E-1 3.4297207E-6
4.400E-1 4.80803713E-6
4.500E-1 6.73304765E-6
