0.000E+0 0
1.000E-2 2.07027702E-12
2.000E-2 4.93936796E-12
3.000E-2 8.92112583E-12
4.000E-2 1.44527522E-11
5.000E-2 2.21433574E-11
6.000E-2 3.28417345E-11
7.000E-2 4.77310161E-11
8.000E-2 6.84609897E-11
9.000E-2 9.73332032E-11
1.000E-1 1.37560145E-10
1.100E-1 1.93628426E-10
1.200E-1 2.71808048E-10
1.300E-1 3.80866947E-10
1.400E-1 5.33074006E-10
1.500E-1 7.45607467E-10
1.600E-1 1.04253308E-9
1.700E-1 1.45758285E-9
1.800E-1 2.03805886E-9
1.900E-1 2.85031804E-9
2.000E-1 3.98747855E-9
2.100E-1 5.58024826E-9
2.200E-1 7.81214095E-9
2.300E-1 1.09408588E-8
2.400E-1 1.53283417E-8
2.500E-1 2.1482997E-8
2.600E-1 3.01190489E-8
2.700E-1 4.22399485E-8
2.800E-1 5.92555973E-8
2.900E-1 8.31470906E-8
3.000E-1 1.16698229E-7
3.100E-1 1.63820841E-7
3.200E-1 2.30011858E-7
3.300E-1 3.22995413E-7
3.400E-1 4.53624596E-7
3.500E-1 6.37147411E-7
3.600E-1 8.949831E-7
3.700E-1 1.25721268E-6
3.800E-1 1.76606718E-6
3.900E-1 2.48080594E-6
4.000E-1 3.4845244E-6
4.100E-1 4.89362601E-6
4.200E-1 6.8709449E-6
4.300E-1 9.64381623E-6
4.400E-1 1.35287444E-5
4.500E-1 1.89646587E-5
