0.000E+0 0
1.000E-2 2.11953286E-12
2.000E-2 5.05787478E-12
3.000E-2 9.13699535E-12
4.000E-2 1.48055074E-11
5.000E-2 2.2688565E-11
6.000E-2 3.36575169E-11
7.000E-2 4.89272083E-11
8.000E-2 7.01920114E-11
9.000E-2 9.98161578E-11
1.000E-1 1.41100265E-10
1.100E-1 1.98654845E-10
1.200E-1 2.789241E-10
1.300E-1 3.90920878E-10
1.400E-1 5.47258388E-10
1.500E-1 7.65598978E-10
1.600E-1 1.07068901E-9
1.700E-1 1.4972174E-9
1.800E-1 2.09383156E-9
1.900E-1 2.92877988E-9
2.000E-1 4.0978398E-9
2.100E-1 5.73545795E-9
2.200E-1 8.03040455E-9
2.300E-1 1.12477721E-8
2.400E-1 1.57598907E-8
2.500E-1 2.20897759E-8
2.600E-1 3.09721899E-8
2.700E-1 4.34394594E-8
2.800E-1 6.09420837E-8
2.900E-1 8.55182365E-8
3.000E-1 1.20031969E-7
3.100E-1 1.68507937E-7
3.200E-1 2.36601711E-7
3.300E-1 3.32260468E-7
3.400E-1 4.66650901E-7
3.500E-1 6.55461967E-7
3.600E-1 9.20732932E-7
3.700E-1 1.29341668E-6
3.800E-1 1.81697034E-6
3.900E-1 2.55237765E-6
4.000E-1 3.58515959E-6
4.100E-1 5.03513204E-6
4.200E-1 7.06993129E-6
4.300E-1 9.92365282E-6
4.400E-1 1.3922323E-5
4.500E-1 1.95182931E-5
