0.000E+0 0
1.000E-2 2.68268702E-12
2.000E-2 6.39334228E-12
3.000E-2 1.15339733E-11
4.000E-2 1.86638255E-11
5.000E-2 2.85609939E-11
6.000E-2 4.23083109E-11
7.000E-2 6.14131807E-11
8.000E-2 8.79749292E-11
9.000E-2 1.24918741E-10
1.000E-1 1.76322992E-10
1.100E-1 2.47877687E-10
1.200E-1 3.47527028E-10
1.300E-1 4.86370684E-10
1.400E-1 6.79928598E-10
1.500E-1 9.49916651E-10
1.600E-1 1.3267402E-9
1.700E-1 1.85299637E-9
1.800E-1 2.58839371E-9
1.900E-1 3.61666352E-9
2.000E-1 5.05526962E-9
2.100E-1 7.06905061E-9
2.200E-1 9.88938866E-9
2.300E-1 1.38411441E-8
2.400E-1 1.93805051E-8
2.500E-1 2.71481768E-8
2.600E-1 3.80441294E-8
2.700E-1 5.33326454E-8
2.800E-1 7.47899484E-8
2.900E-1 1.0491167E-7
3.000E-1 1.47204402E-7
3.100E-1 2.06595377E-7
3.200E-1 2.9000809E-7
3.300E-1 4.07170932E-7
3.400E-1 5.71752903E-7
3.500E-1 8.0295815E-7
3.600E-1 1.1277636E-6
3.700E-1 1.58405693E-6
3.800E-1 2.22503278E-6
3.900E-1 3.12534328E-6
4.000E-1 4.38968629E-6
4.100E-1 6.16476442E-6
4.200E-1 8.65587324E-6
4.300E-1 1.21497839E-5
4.400E-1 1.70460617E-5
4.500E-1 2.38994503E-5
