0.000E+0 0
1.000E-2 2.5193747E-14
2.000E-2 6.176607E-14
3.000E-2 1.14926391E-13
4.000E-2 1.92265808E-13
5.000E-2 3.04844428E-13
6.000E-2 4.68775053E-13
7.000E-2 7.07530389E-13
8.000E-2 1.0553057E-12
9.000E-2 1.56192247E-12
1.000E-1 2.29998449E-12
1.100E-1 3.37532983E-12
1.200E-1 4.9423116E-12
1.300E-1 7.22616075E-12
1.400E-1 1.05557458E-11
1.500E-1 1.54116069E-11
1.600E-1 2.24964402E-11
1.700E-1 3.28385868E-11
1.800E-1 4.79440489E-11
1.900E-1 7.00198451E-11
2.000E-1 1.02302241E-10
2.100E-1 1.49539127E-10
2.200E-1 2.18698943E-10
2.300E-1 3.20012501E-10
2.400E-1 4.68503824E-10
2.500E-1 6.86239105E-10
2.600E-1 1.00562947E-9
2.700E-1 1.47427871E-9
2.800E-1 2.16209269E-9
2.900E-1 3.17169239E-9
3.000E-1 4.65363651E-9
3.100E-1 6.828612E-9
3.200E-1 1.00196445E-8
3.300E-1 1.46985562E-8
3.400E-1 2.15523352E-8
3.500E-1 3.15765761E-8
3.600E-1 4.62041009E-8
3.700E-1 6.74757525E-8
3.800E-1 9.82539395E-8
3.900E-1 1.42461607E-7
4.000E-1 2.05289894E-7
4.100E-1 2.93245012E-7
4.200E-1 4.13797598E-7
4.300E-1 5.74298948E-7
4.400E-1 7.79880289E-7
4.500E-1 1.03050011E-6
