0.000E+0 0
1.000E-2 5.94679853E-16
2.000E-2 1.45803602E-15
3.000E-2 2.71322928E-15
4.000E-2 4.53937546E-15
5.000E-2 7.19667074E-15
6.000E-2 1.10626926E-14
7.000E-2 1.66848413E-14
8.000E-2 2.48561323E-14
9.000E-2 3.67248513E-14
1.000E-1 5.39534797E-14
1.100E-1 7.89495899E-14
1.200E-1 1.15202326E-13
1.300E-1 1.67774459E-13
1.400E-1 2.44024558E-13
1.500E-1 3.54670626E-13
1.600E-1 5.15361439E-13
1.700E-1 7.49003688E-13
1.800E-1 1.08921465E-12
1.900E-1 1.58545089E-12
2.000E-1 2.31063212E-12
2.100E-1 3.37247942E-12
2.200E-1 4.93038205E-12
2.300E-1 7.220495E-12
2.400E-1 1.05930919E-11
2.500E-1 1.55681699E-11
2.600E-1 2.29182435E-11
2.700E-1 3.3791644E-11
2.800E-1 4.98961754E-11
2.900E-1 7.37727121E-11
3.000E-1 1.09202835E-10
3.100E-1 1.61816241E-10
3.200E-1 2.39995904E-10
3.300E-1 3.56227048E-10
3.400E-1 5.29107667E-10
3.500E-1 7.86345156E-10
3.600E-1 1.16922291E-9
3.700E-1 1.73925822E-9
3.800E-1 2.58812668E-9
3.900E-1 3.85245615E-9
4.000E-1 5.73587968E-9
4.100E-1 8.54190942E-9
4.200E-1 1.27229405E-8
4.300E-1 1.89532983E-8
4.400E-1 2.82381202E-8
4.500E-1 4.20756414E-8
