0.000E+0 0
1.000E-2 8.71176139E-15
2.000E-2 2.08513957E-14
3.000E-2 3.78243844E-14
4.000E-2 6.16072128E-14
5.000E-2 9.49774861E-14
6.000E-2 1.41836829E-13
7.000E-2 2.07664704E-13
8.000E-2 3.00157697E-13
9.000E-2 4.30132747E-13
1.000E-1 6.12807781E-13
1.100E-1 8.69624462E-13
1.200E-1 1.2308527E-12
1.300E-1 1.73932595E-12
1.400E-1 2.4558153E-12
1.500E-1 3.46678125E-12
1.600E-1 4.89557595E-12
1.700E-1 6.91865224E-12
1.800E-1 9.78903593E-12
1.900E-1 1.38703328E-11
2.000E-1 1.96860143E-11
2.100E-1 2.79908649E-11
2.200E-1 3.98745816E-11
2.300E-1 5.69120289E-11
2.400E-1 8.1381213E-11
2.500E-1 1.16579564E-10
2.600E-1 1.67282953E-10
2.700E-1 2.40411987E-10
2.800E-1 3.45999305E-10
2.900E-1 4.98594052E-10
3.000E-1 7.19301328E-10
3.100E-1 1.03874394E-9
3.200E-1 1.50136386E-9
3.300E-1 2.17166979E-9
3.400E-1 3.14331162E-9
3.500E-1 4.55226139E-9
3.600E-1 6.59595936E-9
3.700E-1 9.56112481E-9
3.800E-1 1.3864152E-8
3.900E-1 2.01097838E-8
4.000E-1 2.91763268E-8
4.100E-1 4.23393962E-8
4.200E-1 6.14515798E-8
4.300E-1 8.92032091E-8
4.400E-1 1.2950069E-7
4.500E-1 1.88015034E-7
