0.000E+0 0
1.000E-2 1.33556932E-14
2.000E-2 3.19410923E-14
3.000E-2 5.78557461E-14
4.000E-2 9.40420485E-14
5.000E-2 1.44624302E-13
6.000E-2 2.15385144E-13
7.000E-2 3.14435736E-13
8.000E-2 4.53159721E-13
9.000E-2 6.4754447E-13
1.000E-1 9.20060987E-13
1.100E-1 1.30232183E-12
1.200E-1 1.83884301E-12
1.300E-1 2.59237307E-12
1.400E-1 3.65144737E-12
1.500E-1 5.14110193E-12
1.600E-1 7.23807312E-12
1.700E-1 1.01923658E-11
1.800E-1 1.43578626E-11
1.900E-1 2.02357678E-11
2.000E-1 2.8536274E-11
2.100E-1 4.0266098E-11
2.200E-1 5.68527527E-11
2.300E-1 8.03209775E-11
2.400E-1 1.13543245E-10
2.500E-1 1.60595453E-10
2.600E-1 2.27262013E-10
2.700E-1 3.21753099E-10
2.800E-1 4.55723225E-10
2.900E-1 6.45717782E-10
3.000E-1 9.15227392E-10
3.100E-1 1.29760554E-9
3.200E-1 1.84021223E-9
3.300E-1 2.61029895E-9
3.400E-1 3.70336645E-9
3.500E-1 5.25503453E-9
3.600E-1 7.45789807E-9
3.700E-1 1.05854634E-8
3.800E-1 1.5026135E-8
3.900E-1 2.1331466E-8
4.000E-1 3.02846426E-8
4.100E-1 4.29976627E-8
4.200E-1 6.10491669E-8
4.300E-1 8.6679807E-8
4.400E-1 1.23068933E-7
4.500E-1 1.74725945E-7
