0.000E+0 -0.312953013
1.000E-2 -0.312945259
2.000E-2 -0.312937467
3.000E-2 -0.312929634
4.000E-2 -0.312921756
5.000E-2 -0.312913835
6.000E-2 -0.312905866
7.000E-2 -0.312897848
8.000E-2 -0.312889778
9.000E-2 -0.312881655
1.000E-1 -0.312873474
1.100E-1 -0.31286523
1.200E-1 -0.312856911
1.300E-1 -0.312848513
1.400E-1 -0.312840019
1.500E-1 -0.312831411
1.600E-1 -0.312822659
1.700E-1 -0.312813722
1.800E-1 -0.312804545
1.900E-1 -0.312795038
2.000E-1 -0.312785077
2.100E-1 -0.312774481
2.200E-1 -0.312762972
2.300E-1 -0.312750148
2.400E-1 -0.312735412
2.500E-1 -0.312717874
2.600E-1 -0.312696224
2.700E-1 -0.3126685
2.800E-1 -0.312631798
2.900E-1 -0.312581785
3.000E-1 -0.312512021
3.100E-1 -0.312412924
3.200E-1 -0.312270212
3.300E-1 -0.312062621
3.400E-1 -0.311758477
3.500E-1 -0.311310585
3.600E-1 -0.310648624
3.700E-1 -0.309667813
3.800E-1 -0.308211986
3.900E-1 -0.306048404
4.000E-1 -0.302830192
4.100E-1 -0.298040314
4.200E-1 -0.290908113
4.300E-1 -0.280284868
4.400E-1 -0.264458303
4.500E-1 -0.240876134
4.600E-1 -0.205734037
4.700E-1 -0.153361714
4.800E-1 -0.0753082239
4.900E-1 0.0410201382
