0.000E+0 0
1.000E-2 3.31852428E-16
2.000E-2 8.16342423E-16
3.000E-2 1.52438246E-15
4.000E-2 2.5597468E-15
5.000E-2 4.07425305E-15
6.000E-2 6.28994965E-15
7.000E-2 9.53155209E-15
8.000E-2 1.42738872E-14
9.000E-2 2.12113427E-14
1.000E-1 3.13596296E-14
1.100E-1 4.62050729E-14
1.200E-1 6.7923925E-14
1.300E-1 9.9705004E-14
1.400E-1 1.46224996E-13
1.500E-1 2.14349538E-13
1.600E-1 3.14168405E-13
1.700E-1 4.60525258E-13
1.800E-1 6.7527947E-13
1.900E-1 9.90651585E-13
2.000E-1 1.45417266E-12
2.100E-1 2.13600738E-12
2.200E-1 3.13979046E-12
2.300E-1 4.61866331E-12
2.400E-1 6.79900808E-12
2.500E-1 1.00155769E-11
2.600E-1 1.47634906E-11
2.700E-1 2.1775214E-11
2.800E-1 3.21345107E-11
2.900E-1 4.74451512E-11
3.000E-1 7.00806934E-11
3.100E-1 1.03554309E-10
3.200E-1 1.53066367E-10
3.300E-1 2.26315225E-10
3.400E-1 3.34697795E-10
3.500E-1 4.95087261E-10
3.600E-1 7.32465462E-10
3.700E-1 1.08382089E-9
3.800E-1 1.60392082E-9
3.900E-1 2.37385878E-9
4.000E-1 3.51371174E-9
4.100E-1 5.20128327E-9
4.200E-1 7.69985886E-9
4.300E-1 1.13993068E-8
4.400E-1 1.6876941E-8
4.500E-1 2.49876475E-8
