0.000E+0 0
1.000E-2 1.7039875E-14
2.000E-2 4.15786788E-14
3.000E-2 7.69665402E-14
4.000E-2 1.28060686E-13
5.000E-2 2.01844717E-13
6.000E-2 3.08398507E-13
7.000E-2 4.62235764E-13
8.000E-2 6.84237274E-13
9.000E-2 1.00445093E-12
1.000E-1 1.46611329E-12
1.100E-1 2.13146833E-12
1.200E-1 3.09020703E-12
1.300E-1 4.47175117E-12
1.400E-1 6.46319461E-12
1.500E-1 9.33559251E-12
1.600E-1 1.34825881E-11
1.700E-1 1.94772865E-11
1.800E-1 2.81561206E-11
1.900E-1 4.07426361E-11
2.000E-1 5.90303046E-11
2.100E-1 8.56526089E-11
2.200E-1 1.24482164E-10
2.300E-1 1.81220653E-10
2.400E-1 2.64270986E-10
2.500E-1 3.86026982E-10
2.600E-1 5.64780799E-10
2.700E-1 8.2754458E-10
2.800E-1 1.2142251E-9
2.900E-1 1.78380111E-9
3.000E-1 2.62346505E-9
3.100E-1 3.86215331E-9
3.200E-1 5.69057295E-9
3.300E-1 8.39084651E-9
3.400E-1 1.23803965E-8
3.500E-1 1.82769126E-8
3.600E-1 2.69945332E-8
3.700E-1 3.9886244E-8
3.800E-1 5.89547051E-8
3.900E-1 8.71643962E-8
4.000E-1 1.28903772E-7
4.100E-1 1.90669522E-7
4.200E-1 2.82079648E-7
4.300E-1 4.17373352E-7
4.400E-1 6.17631511E-7
4.500E-1 9.1406368E-7
