0.000E+0 0
1.000E-2 1.10382104E-13
2.000E-2 2.65023125E-13
3.000E-2 4.8197427E-13
4.000E-2 7.86650426E-13
5.000E-2 1.2148383E-12
6.000E-2 1.81693876E-12
7.000E-2 2.66395401E-12
8.000E-2 3.85594357E-12
9.000E-2 5.53397737E-12
1.000E-1 7.89704598E-12
1.100E-1 1.12260031E-11
1.200E-1 1.59174891E-11
1.300E-1 2.25320252E-11
1.400E-1 3.18622308E-11
1.500E-1 4.50296169E-11
1.600E-1 6.36219605E-11
1.700E-1 8.98883002E-11
1.800E-1 1.27015758E-10
1.900E-1 1.79522537E-10
2.000E-1 2.53815899E-10
2.100E-1 3.58984402E-10
2.200E-1 5.07922811E-10
2.300E-1 7.18929445E-10
2.400E-1 1.01797447E-9
2.500E-1 1.44192112E-9
2.600E-1 2.04310023E-9
2.700E-1 2.89580697E-9
2.800E-1 4.10552761E-9
2.900E-1 5.82204371E-9
3.000E-1 8.2580433E-9
3.100E-1 1.17155538E-8
3.200E-1 1.66234826E-8
3.300E-1 2.35909335E-8
3.400E-1 3.34829244E-8
3.500E-1 4.75279133E-8
3.600E-1 6.74704822E-8
3.700E-1 9.57881156E-8
3.800E-1 1.35998925E-7
3.900E-1 1.9309837E-7
4.000E-1 2.74178788E-7
4.100E-1 3.89307849E-7
4.200E-1 5.52773132E-7
4.300E-1 7.84843591E-7
4.400E-1 1.11425866E-6
4.500E-1 1.58173799E-6
