0.000E+0 0
1.000E-2 2.47816652E-12
2.000E-2 5.94966073E-12
3.000E-2 1.08155353E-11
4.000E-2 1.76387243E-11
5.000E-2 2.72093944E-11
6.000E-2 4.06367332E-11
7.000E-2 5.94779293E-11
8.000E-2 8.59194963E-11
9.000E-2 1.23032324E-10
1.000E-1 1.75130627E-10
1.100E-1 2.48277397E-10
1.200E-1 3.50996489E-10
1.300E-1 4.95276266E-10
1.400E-1 6.97984677E-10
1.500E-1 9.82864938E-10
1.600E-1 1.38335062E-9
1.700E-1 1.94653705E-9
1.800E-1 2.7387845E-9
1.900E-1 3.85362409E-9
2.000E-1 5.42291305E-9
2.100E-1 7.63257613E-9
2.200E-1 1.07448179E-8
2.300E-1 1.51294686E-8
2.400E-1 2.13082204E-8
2.500E-1 3.00170546E-8
2.600E-1 4.22943463E-8
2.700E-1 5.96052082E-8
2.800E-1 8.4016982E-8
2.900E-1 1.18446921E-7
3.000E-1 1.67011765E-7
3.100E-1 2.35521115E-7
3.200E-1 3.32173769E-7
3.300E-1 4.68540491E-7
3.400E-1 6.60950976E-7
3.500E-1 9.32451197E-7
3.600E-1 1.31556548E-6
3.700E-1 1.85619377E-6
3.800E-1 2.61910984E-6
3.900E-1 3.69571658E-6
4.000E-1 5.2149815E-6
4.100E-1 7.35885052E-6
4.200E-1 1.03839611E-5
4.300E-1 1.46522041E-5
4.400E-1 2.06736918E-5
4.500E-1 2.91670699E-5
