0.000E+0 -0.193342463
1.000E-2 -0.193322086
2.000E-2 -0.193301
3.000E-2 -0.193278973
4.000E-2 -0.19325569
5.000E-2 -0.19323071
6.000E-2 -0.193203438
7.000E-2 -0.193173045
8.000E-2 -0.193138398
9.000E-2 -0.193097935
1.000E-1 -0.193049506
1.100E-1 -0.192990136
1.200E-1 -0.192915719
1.300E-1 -0.192820566
1.400E-1 -0.192696768
1.500E-1 -0.192533316
1.600E-1 -0.192314846
1.700E-1 -0.192019856
1.800E-1 -0.191618198
1.900E-1 -0.191067514
2.000E-1 -0.190308202
2.100E-1 -0.189256266
2.200E-1 -0.187793199
2.300E-1 -0.185751633
2.400E-1 -0.182895003
2.500E-1 -0.178888706
2.600E-1 -0.173259193
2.700E-1 -0.165335947
2.800E-1 -0.154169163
2.900E-1 -0.138412951
3.000E-1 -0.11615961
3.100E-1 -0.0847044743
3.200E-1 -0.040212238
3.300E-1 0.0227564473
