0.000E+0 0
1.000E-2 2.61371526E-15
2.000E-2 6.39489891E-15
3.000E-2 1.18691169E-14
4.000E-2 1.97982724E-14
5.000E-2 3.12867889E-14
6.000E-2 4.79355797E-14
7.000E-2 7.20654227E-14
8.000E-2 1.0704126E-13
9.000E-2 1.57743395E-13
1.000E-1 2.31252729E-13
1.100E-1 3.37848208E-13
1.200E-1 4.9246E-13
1.300E-1 7.16788348E-13
1.400E-1 1.04239515E-12
1.500E-1 1.51521726E-12
1.600E-1 2.20215768E-12
1.700E-1 3.20071395E-12
1.800E-1 4.65304512E-12
1.900E-1 6.76652547E-12
2.000E-1 9.84377875E-12
2.100E-1 1.4326566E-11
2.200E-1 2.08599242E-11
2.300E-1 3.0385898E-11
2.400E-1 4.4280533E-11
2.500E-1 6.45540981E-11
2.600E-1 9.41437371E-11
2.700E-1 1.37341229E-10
2.800E-1 2.00418259E-10
2.900E-1 2.92540395E-10
3.000E-1 4.27103143E-10
3.100E-1 6.23684973E-10
3.200E-1 9.10902336E-10
3.300E-1 1.33058323E-9
3.400E-1 1.94386837E-9
3.500E-1 2.8401303E-9
3.600E-1 4.15001211E-9
3.700E-1 6.0644885E-9
3.800E-1 8.8627313E-9
3.900E-1 1.29528455E-8
4.000E-1 1.89314227E-8
4.100E-1 2.7670601E-8
4.200E-1 4.04453403E-8
4.300E-1 5.91194861E-8
4.400E-1 8.6417776E-8
4.500E-1 1.2632349E-7
