0.000E+0 0
1.000E-2 7.00222058E-14
2.000E-2 1.68396649E-13
3.000E-2 3.06845835E-13
4.000E-2 5.01862568E-13
5.000E-2 7.76614336E-13
6.000E-2 1.16360065E-12
7.000E-2 1.70836627E-12
8.000E-2 2.47470291E-12
9.000E-2 3.55196266E-12
1.000E-1 5.0653874E-12
1.100E-1 7.19077495E-12
1.200E-1 1.01754167E-11
1.300E-1 1.43681456E-11
1.400E-1 2.02617175E-11
1.500E-1 2.85585417E-11
1.600E-1 4.02569694E-11
1.700E-1 5.67887381E-11
1.800E-1 8.02063917E-11
1.900E-1 1.13465945E-10
2.000E-1 1.60834375E-10
2.100E-1 2.2848362E-10
2.200E-1 3.25357128E-10
2.300E-1 4.64432943E-10
2.400E-1 6.64566325E-10
2.500E-1 9.5317831E-10
2.600E-1 1.37017973E-9
2.700E-1 1.97369974E-9
2.800E-1 2.84845062E-9
2.900E-1 4.1179442E-9
3.000E-1 5.96233584E-9
3.100E-1 8.64449198E-9
3.200E-1 1.25480748E-8
3.300E-1 1.82331893E-8
3.400E-1 2.65176965E-8
3.500E-1 3.85960397E-8
3.600E-1 5.62128984E-8
3.700E-1 8.19169774E-8
3.800E-1 1.19431926E-7
3.900E-1 1.7419846E-7
4.000E-1 2.54166725E-7
4.100E-1 3.70954426E-7
4.200E-1 5.41539585E-7
4.300E-1 7.90734724E-7
4.400E-1 1.15480318E-6
4.500E-1 1.68674465E-6
