0.000E+0 -0.614575876
1.000E-2 -0.614574072
2.000E-2 -0.6145722
3.000E-2 -0.614570232
4.000E-2 -0.614568133
5.000E-2 -0.61456585
6.000E-2 -0.614563313
7.000E-2 -0.614560417
8.000E-2 -0.614557019
9.000E-2 -0.614552914
1.000E-1 -0.614547815
1.100E-1 -0.614541312
1.200E-1 -0.614532831
1.300E-1 -0.614521559
1.400E-1 -0.614506347
1.500E-1 -0.614485571
1.600E-1 -0.614456939
1.700E-1 -0.614417208
1.800E-1 -0.614361801
1.900E-1 -0.614284247
2.000E-1 -0.614175404
2.100E-1 -0.614022356
2.200E-1 -0.613806851
2.300E-1 -0.613503099
2.400E-1 -0.613074659
2.500E-1 -0.61247004
2.600E-1 -0.611616488
2.700E-1 -0.610411198
2.800E-1 -0.608708911
2.900E-1 -0.606304372
3.000E-1 -0.602907563
3.100E-1 -0.598108687
3.200E-1 -0.591328712
3.300E-1 -0.581749474
3.400E-1 -0.568214934
3.500E-1 -0.549091654
3.600E-1 -0.522071678
3.700E-1 -0.483894044
3.800E-1 -0.429951364
3.900E-1 -0.353734096
4.000E-1 -0.246045624
4.100E-1 -0.0938938248
4.200E-1 0.121073786
