0.000E+0 -0.265778453
1.000E-2 -0.265772773
2.000E-2 -0.265766955
3.000E-2 -0.265760949
4.000E-2 -0.265754687
5.000E-2 -0.265748072
6.000E-2 -0.265740968
7.000E-2 -0.265733185
8.000E-2 -0.265724451
9.000E-2 -0.265714386
1.000E-1 -0.26570245
1.100E-1 -0.265687882
1.200E-1 -0.265669609
1.300E-1 -0.265646111
1.400E-1 -0.265615246
1.500E-1 -0.265573983
1.600E-1 -0.265518043
1.700E-1 -0.265441379
1.800E-1 -0.265335449
1.900E-1 -0.265188184
2.000E-1 -0.264982529
2.100E-1 -0.264694388
2.200E-1 -0.264289716
2.300E-1 -0.26372041
2.400E-1 -0.262918498
2.500E-1 -0.261787945
2.600E-1 -0.260193049
2.700E-1 -0.257942076
2.800E-1 -0.254764104
2.900E-1 -0.250276332
3.000E-1 -0.243937876
3.100E-1 -0.23498448
3.200E-1 -0.222336286
3.300E-1 -0.204467505
3.400E-1 -0.179222293
3.500E-1 -0.143554619
3.600E-1 -0.093160776
3.700E-1 -0.0219602765
3.800E-1 0.07863735
