0.000E+0 -0.367344253
1.000E-2 -0.367341117
2.000E-2 -0.367337968
3.000E-2 -0.367334804
4.000E-2 -0.367331627
5.000E-2 -0.367328434
6.000E-2 -0.367325226
7.000E-2 -0.367322002
8.000E-2 -0.36731876
9.000E-2 -0.367315501
1.000E-1 -0.367312223
1.100E-1 -0.367308923
1.200E-1 -0.367305598
1.300E-1 -0.367302245
1.400E-1 -0.367298858
1.500E-1 -0.367295427
1.600E-1 -0.367291941
1.700E-1 -0.36728838
1.800E-1 -0.367284717
1.900E-1 -0.367280911
2.000E-1 -0.3672769
2.100E-1 -0.367272595
2.200E-1 -0.36726786
2.300E-1 -0.367262495
2.400E-1 -0.367256202
2.500E-1 -0.367248534
2.600E-1 -0.367238828
2.700E-1 -0.367226096
2.800E-1 -0.367208864
2.900E-1 -0.367184934
3.000E-1 -0.367151034
3.100E-1 -0.367102281
3.200E-1 -0.367031398
3.300E-1 -0.366927535
3.400E-1 -0.366774521
3.500E-1 -0.366548241
3.600E-1 -0.366212751
3.700E-1 -0.365714457
3.800E-1 -0.364973463
3.900E-1 -0.363870655
4.000E-1 -0.362228449
4.100E-1 -0.359782097
4.200E-1 -0.356136898
4.300E-1 -0.350704411
4.400E-1 -0.342607362
4.500E-1 -0.330537887
4.600E-1 -0.312546185
4.700E-1 -0.285725487
4.800E-1 -0.245742447
4.900E-1 -0.186137173
5.000E-1 -0.0972800387
5.100E-1 0.0351828369
