0.000E+0 0
1.000E-2 5.50242306E-14
2.000E-2 1.34089285E-13
3.000E-2 2.47943456E-13
4.000E-2 4.1212314E-13
5.000E-2 6.49077958E-13
6.000E-2 9.91238001E-13
7.000E-2 1.48544283E-12
8.000E-2 2.19934163E-12
9.000E-2 3.23065161E-12
1.000E-1 4.72057018E-12
1.100E-1 6.8732372E-12
1.200E-1 9.9840305E-12
1.300E-1 1.44807863E-11
1.400E-1 2.0983966E-11
1.500E-1 3.03946348E-11
1.600E-1 4.40232993E-11
1.700E-1 6.37787989E-11
1.800E-1 9.24454706E-11
1.900E-1 1.34090061E-10
2.000E-1 1.94659323E-10
2.100E-1 2.82857859E-10
2.200E-1 4.11437818E-10
2.300E-1 5.99093934E-10
2.400E-1 8.73248369E-10
2.500E-1 1.27414359E-9
2.600E-1 1.86085825E-9
2.700E-1 2.72015007E-9
2.800E-1 3.97945489E-9
2.900E-1 5.82599485E-9
3.000E-1 8.53486511E-9
3.100E-1 1.25103123E-8
3.200E-1 1.83463857E-8
3.300E-1 2.69160182E-8
3.400E-1 3.95017846E-8
3.500E-1 5.79876625E-8
3.600E-1 8.51398705E-8
3.700E-1 1.25017329E-7
3.800E-1 1.83569766E-7
3.900E-1 2.69505317E-7
4.000E-1 3.95540623E-7
4.100E-1 5.80183789E-7
4.200E-1 8.5023817E-7
4.300E-1 1.24423433E-6
4.400E-1 1.81695437E-6
4.500E-1 2.64501211E-6
