0.000E+0 0
1.000E-2 5.48592245E-14
2.000E-2 1.33681514E-13
3.000E-2 2.47178521E-13
4.000E-2 4.1083273E-13
5.000E-2 6.47014448E-13
6.000E-2 9.88037075E-13
7.000E-2 1.4805685E-12
8.000E-2 2.1920053E-12
9.000E-2 3.2196931E-12
1.000E-1 4.70428257E-12
1.100E-1 6.84910922E-12
1.200E-1 9.94836745E-12
1.300E-1 1.44281524E-11
1.400E-1 2.09063639E-11
1.500E-1 3.02802985E-11
1.600E-1 4.38549181E-11
1.700E-1 6.35309048E-11
1.800E-1 9.20805939E-11
1.900E-1 1.33553074E-10
2.000E-1 1.93869122E-10
2.100E-1 2.81695119E-10
2.200E-1 4.09726982E-10
2.300E-1 5.96576718E-10
2.400E-1 8.69544772E-10
2.500E-1 1.26869454E-9
2.600E-1 1.85284121E-9
2.700E-1 2.7083549E-9
2.800E-1 3.96210117E-9
2.900E-1 5.80046314E-9
3.000E-1 8.49730153E-9
3.100E-1 1.24550469E-8
3.200E-1 1.82650763E-8
3.300E-1 2.67963911E-8
3.400E-1 3.9325782E-8
3.500E-1 5.77287152E-8
3.600E-1 8.4758886E-8
3.700E-1 1.24456787E-7
3.800E-1 1.82745025E-7
3.900E-1 2.6829182E-7
4.000E-1 3.93755055E-7
4.100E-1 5.77556307E-7
4.200E-1 8.46371477E-7
4.300E-1 1.23854326E-6
4.400E-1 1.80857664E-6
4.500E-1 2.63267615E-6
