0.000E+0 0
1.000E-2 7.11449148E-12
2.000E-2 1.70798054E-11
3.000E-2 3.10470276E-11
4.000E-2 5.06316689E-11
5.000E-2 7.81009745E-11
6.000E-2 1.16636924E-10
7.000E-2 1.70705685E-10
8.000E-2 2.46576887E-10
9.000E-2 3.53053931E-10
1.000E-1 5.0250178E-10
1.100E-1 7.12294361E-10
1.200E-1 1.00685419E-9
1.300E-1 1.4205281E-9
1.400E-1 2.00164399E-9
1.500E-1 2.81823519E-9
1.600E-1 3.96612094E-9
1.700E-1 5.58031429E-9
1.800E-1 7.85112995E-9
1.900E-1 1.10469302E-8
2.000E-1 1.55462465E-8
2.100E-1 2.18831431E-8
2.200E-1 3.08112842E-8
2.300E-1 4.33944193E-8
2.400E-1 6.11341842E-8
2.500E-1 8.6150607E-8
2.600E-1 1.21437059E-7
2.700E-1 1.71220348E-7
2.800E-1 2.41469288E-7
2.900E-1 3.40612931E-7
3.000E-1 4.80554773E-7
3.100E-1 6.78104664E-7
3.200E-1 9.56999948E-7
3.300E-1 1.35075731E-6
3.400E-1 1.90669472E-6
3.500E-1 2.69159947E-6
3.600E-1 3.79970809E-6
3.700E-1 5.36392558E-6
3.800E-1 7.57156829E-6
3.900E-1 1.06863967E-5
4.000E-1 1.50793413E-5
4.100E-1 2.1271148E-5
4.200E-1 2.99911997E-5
4.300E-1 4.22581714E-5
4.400E-1 5.94886141E-5
4.500E-1 8.36432065E-5
