0.000E+0 -0.729074384
1.000E-2 -0.729073351
2.000E-2 -0.729072312
3.000E-2 -0.72907126
4.000E-2 -0.729070193
5.000E-2 -0.729069108
6.000E-2 -0.729068001
7.000E-2 -0.729066866
8.000E-2 -0.729065694
9.000E-2 -0.729064471
1.000E-1 -0.72906318
1.100E-1 -0.729061793
1.200E-1 -0.729060273
1.300E-1 -0.729058563
1.400E-1 -0.729056583
1.500E-1 -0.729054216
1.600E-1 -0.729051292
1.700E-1 -0.729047564
1.800E-1 -0.729042676
1.900E-1 -0.729036108
2.000E-1 -0.729027106
2.100E-1 -0.729014577
2.200E-1 -0.72899693
2.300E-1 -0.728971857
2.400E-1 -0.728936006
2.500E-1 -0.728884506
2.600E-1 -0.728810282
2.700E-1 -0.728703056
2.800E-1 -0.728547902
2.900E-1 -0.728323139
3.000E-1 -0.727997278
3.100E-1 -0.727524596
3.200E-1 -0.726838718
3.300E-1 -0.725843314
3.400E-1 -0.724398662
3.500E-1 -0.722302241
3.600E-1 -0.719260818
3.700E-1 -0.714850435
3.800E-1 -0.708459398
3.900E-1 -0.699207601
4.000E-1 -0.685833435
4.100E-1 -0.666536831
4.200E-1 -0.63876333
4.300E-1 -0.598907756
4.400E-1 -0.541902872
4.500E-1 -0.46063066
4.600E-1 -0.345044004
4.700E-1 -0.180818079
4.800E-1 0.0527107099
