0.000E+0 -0.72425508
1.000E-2 -0.724253343
2.000E-2 -0.724251595
3.000E-2 -0.724249828
4.000E-2 -0.724248039
5.000E-2 -0.724246225
6.000E-2 -0.724244379
7.000E-2 -0.724242494
8.000E-2 -0.72424056
9.000E-2 -0.72423856
1.000E-1 -0.724236471
1.100E-1 -0.724234263
1.200E-1 -0.724231887
1.300E-1 -0.724229277
1.400E-1 -0.724226335
1.500E-1 -0.72422292
1.600E-1 -0.724218826
1.700E-1 -0.724213759
1.800E-1 -0.724207286
1.900E-1 -0.724198784
2.000E-1 -0.724187348
2.100E-1 -0.724171661
2.200E-1 -0.724149815
2.300E-1 -0.724119037
2.400E-1 -0.7240753
2.500E-1 -0.724012757
2.600E-1 -0.723922916
2.700E-1 -0.723793444
2.800E-1 -0.723606433
2.900E-1 -0.723335876
3.000E-1 -0.72294402
3.100E-1 -0.722376069
3.200E-1 -0.721552526
3.300E-1 -0.720358126
3.400E-1 -0.718625891
3.500E-1 -0.716114238
3.600E-1 -0.712474286
3.700E-1 -0.707203504
3.800E-1 -0.699580697
3.900E-1 -0.688576075
4.000E-1 -0.672729213
4.100E-1 -0.649987184
4.200E-1 -0.617494944
4.300E-1 -0.571327677
4.400E-1 -0.506142748
4.500E-1 -0.414692638
4.600E-1 -0.28706454
4.700E-1 -0.1094066
4.800E-1 0.138175589
