0.000E+0 0
1.000E-2 4.94606617E-16
2.000E-2 1.19510494E-15
3.000E-2 2.19095249E-15
4.000E-2 3.60979073E-15
5.000E-2 5.63339066E-15
6.000E-2 8.52012398E-15
7.000E-2 1.26366153E-14
8.000E-2 1.85023498E-14
9.000E-2 2.68526503E-14
1.000E-1 3.87278728E-14
1.100E-1 5.56003251E-14
1.200E-1 7.9555932E-14
1.300E-1 1.13556019E-13
1.400E-1 1.61817182E-13
1.500E-1 2.30366075E-13
1.600E-1 3.27854121E-13
1.700E-1 4.66758874E-13
1.800E-1 6.65160609E-13
1.900E-1 9.4937426E-13
2.000E-1 1.35785264E-12
2.100E-1 1.94697889E-12
2.200E-1 2.79966674E-12
2.300E-1 4.03813555E-12
2.400E-1 5.84289517E-12
2.500E-1 8.48097172E-12
2.600E-1 1.23478899E-11
2.700E-1 1.80301396E-11
2.800E-1 2.63981526E-11
2.900E-1 3.87447274E-11
3.000E-1 5.69911676E-11
3.100E-1 8.39943136E-11
3.200E-1 1.24003922E-10
3.300E-1 1.83344102E-10
3.400E-1 2.71428689E-10
3.500E-1 4.02274296E-10
3.600E-1 5.96755194E-10
3.700E-1 8.85963832E-10
3.800E-1 1.31621937E-9
3.900E-1 1.95653249E-9
4.000E-1 2.90973116E-9
4.100E-1 4.32904204E-9
4.200E-1 6.44280151E-9
4.300E-1 9.5912775E-9
4.400E-1 1.42815273E-8
4.500E-1 2.12691019E-8
