0.000E+0 0
1.000E-2 1.79435207E-14
2.000E-2 4.29818491E-14
3.000E-2 7.8058537E-14
4.000E-2 1.27296038E-13
5.000E-2 1.9644447E-13
6.000E-2 2.93490217E-13
7.000E-2 4.29477384E-13
8.000E-2 6.19612583E-13
9.000E-2 8.84748204E-13
1.000E-1 1.25337571E-12
1.100E-1 1.76431585E-12
1.200E-1 2.47037845E-12
1.300E-1 3.44339794E-12
1.400E-1 4.78125633E-12
1.500E-1 6.61781684E-12
1.600E-1 9.13715575E-12
1.700E-1 1.25941626E-11
1.800E-1 1.73445767E-11
1.900E-1 2.38889855E-11
2.000E-1 3.29374558E-11
2.100E-1 4.55046348E-11
2.200E-1 6.30498718E-11
2.300E-1 8.76839187E-11
2.400E-1 1.22474225E-10
2.500E-1 1.71896406E-10
2.600E-1 2.42502663E-10
2.700E-1 3.4391246E-10
2.800E-1 4.90282191E-10
2.900E-1 7.02487157E-10
3.000E-1 1.01136326E-9
3.100E-1 1.46252574E-9
3.200E-1 2.12353557E-9
3.300E-1 3.09456124E-9
3.400E-1 4.52424622E-9
3.500E-1 6.63332972E-9
3.600E-1 9.74981796E-9
3.700E-1 1.43613625E-8
3.800E-1 2.11932778E-8
3.900E-1 3.13247607E-8
4.000E-1 4.63620362E-8
4.100E-1 6.86963289E-8
4.200E-1 1.01888233E-7
4.300E-1 1.51240419E-7
4.400E-1 2.24650922E-7
4.500E-1 3.33884369E-7
