0.000E+0 0
1.000E-2 2.57332435E-14
2.000E-2 6.15835395E-14
3.000E-2 1.11725748E-13
4.000E-2 1.81993588E-13
5.000E-2 2.80503205E-13
6.000E-2 4.18494105E-13
7.000E-2 6.11456803E-13
8.000E-2 8.80637991E-13
9.000E-2 1.25504409E-12
1.000E-1 1.77410815E-12
1.100E-1 2.49125265E-12
1.200E-1 3.47868588E-12
1.300E-1 4.83393514E-12
1.400E-1 6.6888759E-12
1.500E-1 9.22240508E-12
1.600E-1 1.2678487E-11
1.700E-1 1.73921505E-11
1.800E-1 2.38272552E-11
1.900E-1 3.26316478E-11
2.000E-1 4.4717975E-11
2.100E-1 6.13823233E-11
2.200E-1 8.44786511E-11
2.300E-1 1.16675613E-10
2.400E-1 1.61835232E-10
2.500E-1 2.25572039E-10
2.600E-1 3.16079823E-10
2.700E-1 4.4535561E-10
2.800E-1 6.31013716E-10
2.900E-1 8.98976882E-10
3.000E-1 1.28747168E-9
3.100E-1 1.85296428E-9
3.200E-1 2.67898373E-9
3.300E-1 3.88924347E-9
3.400E-1 5.66716254E-9
3.500E-1 8.28491695E-9
3.600E-1 1.21466858E-8
3.700E-1 1.78530416E-8
3.800E-1 2.6296841E-8
3.900E-1 3.88060469E-8
4.000E-1 5.73564779E-8
4.100E-1 8.48887474E-8
4.200E-1 1.25780445E-7
4.300E-1 1.86549615E-7
4.400E-1 2.769028E-7
4.500E-1 4.11296305E-7
