0.000E+0 0
1.000E-2 1.2049048E-11
2.000E-2 2.8915648E-11
3.000E-2 5.25339345E-11
4.000E-2 8.56142897E-11
5.000E-2 1.31954817E-10
6.000E-2 1.9687789E-10
7.000E-2 2.87842102E-10
8.000E-2 4.15300287E-10
9.000E-2 5.93902843E-10
1.000E-1 8.44185708E-10
1.100E-1 1.19493876E-9
1.200E-1 1.68652952E-9
1.300E-1 2.37556808E-9
1.400E-1 3.34145467E-9
1.500E-1 4.69556895E-9
1.600E-1 6.59416364E-9
1.700E-1 9.25644826E-9
1.800E-1 1.29899353E-8
1.900E-1 1.82259303E-8
2.000E-1 2.55691559E-8
2.100E-1 3.58669993E-8
2.200E-1 5.03058726E-8
2.300E-1 7.0544769E-8
2.400E-1 9.889935E-8
2.500E-1 1.38593715E-7
2.600E-1 1.94101036E-7
2.700E-1 2.71597555E-7
2.800E-1 3.7955535E-7
2.900E-1 5.29495114E-7
3.000E-1 7.36908329E-7
3.100E-1 1.0223395E-6
3.200E-1 1.41260683E-6
3.300E-1 1.94217414E-6
3.400E-1 2.65484596E-6
3.500E-1 3.60632926E-6
3.600E-1 4.86876873E-6
3.700E-1 6.53882545E-6
3.800E-1 8.75070114E-6
3.900E-1 1.16944704E-5
4.000E-1 1.56388282E-5
4.100E-1 2.09566124E-5
4.200E-1 2.81525181E-5
4.300E-1 3.78920983E-5
4.400E-1 5.10319905E-5
4.500E-1 6.86509862E-5
