0.000E+0 0
1.000E-2 1.04106316E-10
2.000E-2 2.49379708E-10
3.000E-2 4.52213183E-10
4.000E-2 7.35522704E-10
5.000E-2 1.13134137E-9
6.000E-2 1.68444657E-9
7.000E-2 2.45743305E-9
8.000E-2 3.53781104E-9
9.000E-2 5.04794246E-9
1.000E-1 7.15895627E-9
1.100E-1 1.01102463E-8
1.200E-1 1.4236803E-8
1.300E-1 2.00075412E-8
1.400E-1 2.80790641E-8
1.500E-1 3.93710907E-8
1.600E-1 5.51722821E-8
1.700E-1 7.72886977E-8
1.800E-1 1.08251995E-7
1.900E-1 1.51611272E-7
2.000E-1 2.12341855E-7
2.100E-1 2.97417277E-7
2.200E-1 4.16608385E-7
2.300E-1 5.83597373E-7
2.400E-1 8.1752625E-7
2.500E-1 1.14514018E-6
2.600E-1 1.60373726E-6
2.700E-1 2.24519617E-6
2.800E-1 3.14141694E-6
2.900E-1 4.39156628E-6
3.000E-1 6.13154829E-6
3.100E-1 8.54613952E-6
3.200E-1 1.18839437E-5
3.300E-1 1.64757762E-5
3.400E-1 2.27564287E-5
3.500E-1 3.12910888E-5
3.600E-1 4.280886E-5
3.700E-1 5.82483428E-5
3.800E-1 7.88223805E-5
3.900E-1 0.000106108235
4.000E-1 0.000142161414
4.100E-1 0.000189623191
4.200E-1 0.000251828714
4.300E-1 0.000332783784
4.400E-1 0.000437151277
4.500E-1 0.000570036339
