0.000E+0 -0.140232751
1.000E-2 -0.14022535
2.000E-2 -0.140217912
3.000E-2 -0.140210436
4.000E-2 -0.140202919
5.000E-2 -0.140195361
6.000E-2 -0.140187756
7.000E-2 -0.140180102
8.000E-2 -0.140172394
9.000E-2 -0.140164626
1.000E-1 -0.140156788
1.100E-1 -0.14014887
1.200E-1 -0.140140856
1.300E-1 -0.140132727
1.400E-1 -0.140124453
1.500E-1 -0.140115995
1.600E-1 -0.140107301
1.700E-1 -0.140098292
1.800E-1 -0.140088859
1.900E-1 -0.14007885
2.000E-1 -0.140068039
2.100E-1 -0.14005611
2.200E-1 -0.140042599
2.300E-1 -0.140026834
2.400E-1 -0.140007839
2.500E-1 -0.139984185
2.600E-1 -0.139953781
2.700E-1 -0.139913556
2.800E-1 -0.139858997
2.900E-1 -0.13978345
3.000E-1 -0.139677104
3.100E-1 -0.139525459
3.200E-1 -0.139307072
3.300E-1 -0.138990194
3.400E-1 -0.138527781
3.500E-1 -0.137850071
3.600E-1 -0.136853539
3.700E-1 -0.135384482
3.800E-1 -0.133214572
3.900E-1 -0.130004483
4.000E-1 -0.125249743
4.100E-1 -0.118200112
4.200E-1 -0.107739532
4.300E-1 -0.0922073637
4.400E-1 -0.0691321409
4.500E-1 -0.0348350579
4.600E-1 0.0161605624
