0.000E+0 0
1.000E-2 7.42679617E-15
2.000E-2 1.81374912E-14
3.000E-2 3.36084676E-14
4.000E-2 5.59743148E-14
5.000E-2 8.83182684E-14
6.000E-2 1.35089939E-13
7.000E-2 2.02706335E-13
8.000E-2 3.00417429E-13
9.000E-2 4.415547E-13
1.000E-1 6.45336163E-13
1.100E-1 9.39483292E-13
1.200E-1 1.36402727E-12
1.300E-1 1.97686384E-12
1.400E-1 2.86188665E-12
1.500E-1 4.14093011E-12
1.600E-1 5.99134716E-12
1.700E-1 8.67192436E-12
1.800E-1 1.2561132E-11
1.900E-1 1.82136194E-11
2.000E-1 2.64436929E-11
2.100E-1 3.84486936E-11
2.200E-1 5.59913842E-11
2.300E-1 8.16696171E-11
2.400E-1 1.19315127E-10
2.500E-1 1.74583389E-10
2.600E-1 2.55826228E-10
2.700E-1 3.75382934E-10
2.800E-1 5.51490837E-10
2.900E-1 8.11112898E-10
3.000E-1 1.19412285E-9
3.100E-1 1.75950012E-9
3.200E-1 2.59450043E-9
3.300E-1 3.82823188E-9
3.400E-1 5.65175418E-9
3.500E-1 8.34783608E-9
3.600E-1 1.23350142E-8
3.700E-1 1.82328267E-8
3.800E-1 2.69584026E-8
3.900E-1 3.98694793E-8
4.000E-1 5.89761696E-8
4.100E-1 8.72545275E-8
4.200E-1 1.29110855E-7
4.300E-1 1.91069214E-7
4.400E-1 2.82789441E-7
4.500E-1 4.18574538E-7
