0.000E+0 0
1.000E-2 2.02654664E-16
2.000E-2 4.97150572E-16
3.000E-2 9.25736767E-16
4.000E-2 1.54999838E-15
5.000E-2 2.45964946E-15
6.000E-2 3.78530876E-15
7.000E-2 5.71706809E-15
8.000E-2 8.53149766E-15
9.000E-2 1.26309659E-14
1.000E-1 1.86009792E-14
1.100E-1 2.72939638E-14
1.200E-1 3.99519658E-14
1.300E-1 5.83867854E-14
1.400E-1 8.524507E-14
1.500E-1 1.24399287E-13
1.600E-1 1.81525405E-13
1.700E-1 2.64957619E-13
1.800E-1 3.86954182E-13
1.900E-1 5.6557321E-13
2.000E-1 8.2745335E-13
2.100E-1 1.21193673E-12
2.200E-1 1.77718308E-12
2.300E-1 2.60923782E-12
2.400E-1 3.83548322E-12
2.500E-1 5.64459387E-12
2.600E-1 8.31614525E-12
2.700E-1 1.226455E-11
2.800E-1 1.81042622E-11
2.900E-1 2.67465514E-11
3.000E-1 3.95431457E-11
3.100E-1 5.84994499E-11
3.200E-1 8.65910607E-11
3.300E-1 1.2823364E-10
3.400E-1 1.89980472E-10
3.500E-1 2.81558071E-10
3.600E-1 4.17403702E-10
3.700E-1 6.18948096E-10
3.800E-1 9.18004634E-10
3.900E-1 1.36180134E-9
4.000E-1 2.02045215E-9
4.100E-1 2.9980498E-9
4.200E-1 4.44913629E-9
4.300E-1 6.60315751E-9
4.400E-1 9.80077253E-9
4.500E-1 1.45477638E-8
