0.000E+0 0
1.000E-2 7.79521219E-13
2.000E-2 1.85586353E-12
3.000E-2 3.34623628E-12
4.000E-2 5.41390272E-12
5.000E-2 8.28622692E-12
6.000E-2 1.22798335E-11
7.000E-2 1.78357412E-11
8.000E-2 2.55685262E-11
9.000E-2 3.63352806E-11
1.000E-1 5.13325918E-11
1.100E-1 7.22332889E-11
1.200E-1 1.01379756E-10
1.300E-1 1.42057836E-10
1.400E-1 1.98885643E-10
1.500E-1 2.78366311E-10
1.600E-1 3.89674615E-10
1.700E-1 5.45777179E-10
1.800E-1 7.65028502E-10
1.900E-1 1.07344553E-9
2.000E-1 1.50794996E-9
2.100E-1 2.12099089E-9
2.200E-1 2.9871365E-9
2.300E-1 4.21247503E-9
2.400E-1 5.94802463E-9
2.500E-1 8.40886451E-9
2.600E-1 1.19014315E-8
2.700E-1 1.68624725E-8
2.800E-1 2.39146351E-8
2.900E-1 3.3945809E-8
3.000E-1 4.82223734E-8
3.100E-1 6.85508483E-8
3.200E-1 9.75086398E-8
3.300E-1 1.38773419E-7
3.400E-1 1.97593278E-7
3.500E-1 2.81457805E-7
3.600E-1 4.01055824E-7
3.700E-1 5.71642058E-7
3.800E-1 8.14986815E-7
3.900E-1 1.16215641E-6
4.000E-1 1.65747617E-6
4.100E-1 2.36417481E-6
4.200E-1 3.37241434E-6
4.300E-1 4.81069617E-6
4.400E-1 6.86202577E-6
4.500E-1 9.78674703E-6
