0.000E+0 -0.617353727
1.000E-2 -0.617325695
2.000E-2 -0.617296379
3.000E-2 -0.617265344
4.000E-2 -0.617231979
5.000E-2 -0.617195434
6.000E-2 -0.617154509
7.000E-2 -0.617107521
8.000E-2 -0.617052102
9.000E-2 -0.61698492
1.000E-1 -0.616901285
1.100E-1 -0.616794594
1.200E-1 -0.616655543
1.300E-1 -0.616471025
1.400E-1 -0.616222563
1.500E-1 -0.615884107
1.600E-1 -0.615418923
1.700E-1 -0.614775196
1.800E-1 -0.613879831
1.900E-1 -0.612629703
2.000E-1 -0.610879311
2.100E-1 -0.608423382
2.200E-1 -0.604972356
2.300E-1 -0.600117882
2.400E-1 -0.593284348
2.500E-1 -0.583660889
2.600E-1 -0.570106337
2.700E-1 -0.551016835
2.800E-1 -0.524142504
2.900E-1 -0.486335427
3.000E-1 -0.43320671
3.100E-1 -0.358665858
3.200E-1 -0.254311858
3.300E-1 -0.108644379
3.400E-1 0.0939397628
