0.000E+0 -0.466207204
1.000E-2 -0.466147938
2.000E-2 -0.466085244
3.000E-2 -0.466017913
4.000E-2 -0.465944256
5.000E-2 -0.465861912
6.000E-2 -0.465767576
7.000E-2 -0.465656625
8.000E-2 -0.465522583
9.000E-2 -0.465356377
1.000E-1 -0.465145289
1.100E-1 -0.464871484
1.200E-1 -0.464509938
1.300E-1 -0.464025514
1.400E-1 -0.463368858
1.500E-1 -0.462470596
1.600E-1 -0.461233167
1.700E-1 -0.459519309
1.800E-1 -0.457135816
1.900E-1 -0.453810668
2.000E-1 -0.449160807
2.100E-1 -0.442646795
2.200E-1 -0.433509084
2.300E-1 -0.420678581
2.400E-1 -0.40265145
2.500E-1 -0.377314422
2.600E-1 -0.341702213
2.700E-1 -0.291662944
2.800E-1 -0.221400362
2.900E-1 -0.122857474
3.000E-1 0.0151011943
