0.000E+0 0
1.000E-2 5.48136968E-14
2.000E-2 1.30299674E-13
3.000E-2 2.34651634E-13
4.000E-2 3.79228374E-13
5.000E-2 5.79738458E-13
6.000E-2 8.57856695E-13
7.000E-2 1.24343066E-12
8.000E-2 1.77749843E-12
9.000E-2 2.51643132E-12
1.000E-1 3.53765209E-12
1.100E-1 4.94758411E-12
1.200E-1 6.8927909E-12
1.300E-1 9.57571722E-12
1.400E-1 1.32771055E-11
1.500E-1 1.83881293E-11
1.600E-1 2.54566876E-11
1.700E-1 3.52543351E-11
1.800E-1 4.88732637E-11
1.900E-1 6.78670205E-11
2.000E-1 9.4454865E-11
2.100E-1 1.31818744E-10
2.200E-1 1.8453512E-10
2.300E-1 2.59203262E-10
2.400E-1 3.65359942E-10
2.500E-1 5.16811833E-10
2.600E-1 7.33577396E-10
2.700E-1 1.04471835E-9
2.800E-1 1.4924699E-9
2.900E-1 2.13826746E-9
3.000E-1 3.07154322E-9
3.100E-1 4.42256859E-9
3.200E-1 6.38120722E-9
3.300E-1 9.22430319E-9
3.400E-1 1.33556869E-8
3.500E-1 1.93646168E-8
3.600E-1 2.8111164E-8
3.700E-1 4.08509658E-8
3.800E-1 5.94175172E-8
3.900E-1 8.64885434E-8
4.000E-1 1.25975247E-7
4.100E-1 1.83591111E-7
4.200E-1 2.67683067E-7
4.300E-1 3.9044596E-7
4.400E-1 5.69696904E-7
4.500E-1 8.31467161E-7
