0.000E+0 0
1.000E-2 2.31830547E-14
2.000E-2 5.63449217E-14
3.000E-2 1.03872249E-13
4.000E-2 1.72055657E-13
5.000E-2 2.69902229E-13
6.000E-2 4.10284956E-13
7.000E-2 6.11599784E-13
8.000E-2 9.00070933E-13
9.000E-2 1.31308264E-12
1.000E-1 1.90390834E-12
1.100E-1 2.7484889E-12
1.200E-1 3.95518284E-12
1.300E-1 5.67886077E-12
1.400E-1 8.14138085E-12
1.500E-1 1.16614706E-11
1.600E-1 1.66985044E-11
1.700E-1 2.39168272E-11
1.800E-1 3.42804557E-11
1.900E-1 4.91926834E-11
2.000E-1 7.07020348E-11
2.100E-1 1.01806244E-10
2.200E-1 1.46901066E-10
2.300E-1 2.12443138E-10
2.400E-1 3.07929263E-10
2.500E-1 4.47343614E-10
2.600E-1 6.51297055E-10
2.700E-1 9.50190409E-10
2.800E-1 1.38889284E-9
2.900E-1 2.03366237E-9
3.000E-1 2.98238491E-9
3.100E-1 4.37972495E-9
3.200E-1 6.43954678E-9
3.300E-1 9.47809884E-9
3.400E-1 1.39631307E-8
3.500E-1 2.05865988E-8
3.600E-1 3.03722946E-8
3.700E-1 4.48351768E-8
3.800E-1 6.62172541E-8
3.900E-1 9.783681E-8
4.000E-1 1.44605435E-7
4.100E-1 2.13793519E-7
4.200E-1 3.16163597E-7
4.300E-1 4.67648307E-7
4.400E-1 6.9183462E-7
4.500E-1 1.0236416E-6
