0.000E+0 0
1.000E-2 7.88774723E-13
2.000E-2 1.91493039E-12
3.000E-2 3.52518493E-12
4.000E-2 5.82931675E-12
5.000E-2 9.12684281E-12
6.000E-2 1.38448244E-11
7.000E-2 2.05914225E-11
8.000E-2 3.02317858E-11
9.000E-2 4.39956955E-11
1.000E-1 6.36305482E-11
1.100E-1 9.16193757E-11
1.200E-1 1.31492652E-10
1.300E-1 1.88276054E-10
1.400E-1 2.69136215E-10
1.500E-1 3.84315882E-10
1.600E-1 5.48493084E-10
1.700E-1 7.8276236E-10
1.800E-1 1.11752899E-9
1.900E-1 1.59674303E-9
2.000E-1 2.28409923E-9
2.100E-1 3.27212084E-9
2.200E-1 4.69547422E-9
2.300E-1 6.75049119E-9
2.400E-1 9.72380224E-9
2.500E-1 1.40343445E-8
2.600E-1 2.02950083E-8
2.700E-1 2.94031245E-8
2.800E-1 4.2673308E-8
2.900E-1 6.20325074E-8
3.000E-1 9.03064024E-8
3.100E-1 1.31639909E-7
3.200E-1 1.92114494E-7
3.300E-1 2.80654121E-7
3.400E-1 4.10354112E-7
3.500E-1 6.00428776E-7
3.600E-1 8.79062492E-7
3.700E-1 1.28757594E-6
3.800E-1 1.88649845E-6
3.900E-1 2.76438565E-6
4.000E-1 4.0505561E-6
4.100E-1 5.93337769E-6
4.200E-1 8.68613025E-6
4.300E-1 1.27033479E-5
4.400E-1 1.85505503E-5
4.500E-1 2.70306422E-5
