0.000E+0 0
1.000E-2 5.46235915E-15
2.000E-2 1.32814203E-14
3.000E-2 2.44963453E-14
4.000E-2 4.06033445E-14
5.000E-2 6.37562506E-14
6.000E-2 9.7055154E-14
7.000E-2 1.44961996E-13
8.000E-2 2.1389945E-13
9.000E-2 3.13114851E-13
1.000E-1 4.55928113E-13
1.100E-1 6.61537033E-13
1.200E-1 9.57633164E-13
1.300E-1 1.38419842E-12
1.400E-1 1.99902387E-12
1.500E-1 2.88574264E-12
1.600E-1 4.16553524E-12
1.700E-1 6.01419984E-12
1.800E-1 8.68706077E-12
1.900E-1 1.25553273E-11
2.000E-1 1.81591788E-11
2.100E-1 2.62852816E-11
2.200E-1 3.80799968E-11
2.300E-1 5.52147264E-11
2.400E-1 8.0127433E-11
2.500E-1 1.16375457E-10
2.600E-1 1.69150952E-10
2.700E-1 2.46033931E-10
2.800E-1 3.58092487E-10
2.900E-1 5.21490219E-10
3.000E-1 7.59834565E-10
3.100E-1 1.10760714E-9
3.200E-1 1.61517367E-9
3.300E-1 2.35609845E-9
3.400E-1 3.4378186E-9
3.500E-1 5.01720975E-9
3.600E-1 7.32326086E-9
3.700E-1 1.06900527E-8
3.800E-1 1.56046107E-8
3.900E-1 2.27761028E-8
4.000E-1 3.3235397E-8
4.100E-1 4.84772203E-8
4.200E-1 7.06608724E-8
4.300E-1 1.02888812E-7
4.400E-1 1.49583285E-7
4.500E-1 2.16974634E-7
