0.000E+0 0
1.000E-2 1.11607898E-14
2.000E-2 2.71182707E-14
3.000E-2 4.99815844E-14
4.000E-2 8.27846511E-14
5.000E-2 1.29890618E-13
6.000E-2 1.97573248E-13
7.000E-2 2.94853133E-13
8.000E-2 4.34701471E-13
9.000E-2 6.35774913E-13
1.000E-1 9.24919287E-13
1.100E-1 1.34078877E-12
1.200E-1 1.93908655E-12
1.300E-1 2.80016676E-12
1.400E-1 4.04007993E-12
1.500E-1 5.82664483E-12
1.600E-1 8.40286188E-12
1.700E-1 1.21210513E-11
1.800E-1 1.74926589E-11
1.900E-1 2.52609491E-11
2.000E-1 3.65071269E-11
2.100E-1 5.28052895E-11
2.200E-1 7.64486998E-11
2.300E-1 1.10780249E-10
2.400E-1 1.60675127E-10
2.500E-1 2.33245876E-10
2.600E-1 3.38872357E-10
2.700E-1 4.92706452E-10
2.800E-1 7.1687038E-10
2.900E-1 1.04366832E-9
3.000E-1 1.52027817E-9
3.100E-1 2.21560488E-9
3.200E-1 3.23028902E-9
3.300E-1 4.71131896E-9
3.400E-1 6.87335333E-9
3.500E-1 1.0029813E-8
3.600E-1 1.46381692E-8
3.700E-1 2.13658034E-8
3.800E-1 3.11855567E-8
3.900E-1 4.55138667E-8
4.000E-1 6.64094385E-8
4.100E-1 9.68567767E-8
4.200E-1 1.41166161E-7
4.300E-1 2.05528038E-7
4.400E-1 2.98760727E-7
4.500E-1 4.3327562E-7
