0.000E+0 0
1.000E-2 7.97579045E-13
2.000E-2 1.92144618E-12
3.000E-2 3.50553388E-12
4.000E-2 5.73874906E-12
5.000E-2 8.88754061E-12
6.000E-2 1.33277363E-11
7.000E-2 1.95894616E-11
8.000E-2 2.84205221E-11
9.000E-2 4.08758541E-11
1.000E-1 5.8443777E-11
1.100E-1 8.32242164E-11
1.200E-1 1.18180317E-10
1.300E-1 1.67493689E-10
1.400E-1 2.37066001E-10
1.500E-1 3.35227172E-10
1.600E-1 4.73735164E-10
1.700E-1 6.69187164E-10
1.800E-1 9.45010805E-10
1.900E-1 1.3342725E-9
2.000E-1 1.88363549E-9
2.100E-1 2.65893276E-9
2.200E-1 3.7530027E-9
2.300E-1 5.29668414E-9
2.400E-1 7.47420064E-9
2.500E-1 1.05445985E-8
2.600E-1 1.48714457E-8
2.700E-1 2.09636285E-8
2.800E-1 2.95307041E-8
2.900E-1 4.15566416E-8
3.000E-1 5.83953795E-8
3.100E-1 8.18893804E-8
3.200E-1 1.14506368E-7
3.300E-1 1.5947661E-7
3.400E-1 2.20889416E-7
3.500E-1 3.03669917E-7
3.600E-1 4.13309531E-7
3.700E-1 5.55189189E-7
3.800E-1 7.33371195E-7
3.900E-1 9.48930241E-7
4.000E-1 1.19828702E-6
4.100E-1 1.47243438E-6
4.200E-1 1.7579621E-6
4.300E-1 2.04001482E-6
4.400E-1 2.30610303E-6
4.500E-1 2.54908272E-6
