0.000E+0 0
1.000E-2 3.01066846E-13
2.000E-2 7.21241596E-13
3.000E-2 1.30808094E-12
4.000E-2 2.12813329E-12
5.000E-2 3.27452886E-12
6.000E-2 4.87760982E-12
7.000E-2 7.11982352E-12
8.000E-2 1.02565961E-11
9.000E-2 1.46456004E-11
1.000E-1 2.078781E-11
1.100E-1 2.938511E-11
1.200E-1 4.14211694E-11
1.300E-1 5.82750045E-11
1.400E-1 8.18804868E-11
1.500E-1 1.14950426E-10
1.600E-1 1.61291414E-10
1.700E-1 2.26246217E-10
1.800E-1 3.17315437E-10
1.900E-1 4.45031073E-10
2.000E-1 6.24184068E-10
2.100E-1 8.75549216E-10
2.200E-1 1.22830882E-9
2.300E-1 1.72345785E-9
2.400E-1 2.41858738E-9
2.500E-1 3.39460285E-9
2.600E-1 4.76515673E-9
2.700E-1 6.6898866E-9
2.800E-1 9.39298188E-9
2.900E-1 1.31892009E-8
3.000E-1 1.85202807E-8
3.100E-1 2.60057991E-8
3.200E-1 3.65140425E-8
3.300E-1 5.12603856E-8
3.400E-1 7.19431541E-8
3.500E-1 1.00929848E-7
3.600E-1 1.4150964E-7
3.700E-1 1.98230357E-7
3.800E-1 2.7733766E-7
3.900E-1 3.87326945E-7
4.000E-1 5.39597026E-7
4.100E-1 7.49146742E-7
4.200E-1 1.03516376E-6
4.300E-1 1.42120151E-6
4.400E-1 1.934427E-6
4.500E-1 2.60321392E-6
