0.000E+0 0
1.000E-2 2.09011E-14
2.000E-2 5.00490008E-14
3.000E-2 9.07482264E-14
4.000E-2 1.47628057E-13
5.000E-2 2.27174493E-13
6.000E-2 3.38476749E-13
7.000E-2 4.94275454E-13
8.000E-2 7.12435493E-13
9.000E-2 1.01801699E-12
1.000E-1 1.44618931E-12
1.100E-1 2.04633402E-12
1.200E-1 2.88782499E-12
1.300E-1 4.06817532E-12
1.400E-1 5.72452412E-12
1.500E-1 8.04983677E-12
1.600E-1 1.13157568E-11
1.700E-1 1.59048447E-11
1.800E-1 2.23560616E-11
1.900E-1 3.1428945E-11
2.000E-1 4.419416E-11
2.100E-1 6.21612728E-11
2.200E-1 8.74590526E-11
2.300E-1 1.23089906E-10
2.400E-1 1.73288942E-10
2.500E-1 2.44030693E-10
2.600E-1 3.43744244E-10
2.700E-1 4.84322505E-10
2.800E-1 6.82546581E-10
2.900E-1 9.62096024E-10
3.000E-1 1.35638583E-9
3.100E-1 1.91257008E-9
3.200E-1 2.69719178E-9
3.300E-1 3.80415481E-9
3.400E-1 5.36597126E-9
3.500E-1 7.56962669E-9
3.600E-1 1.06789536E-8
3.700E-1 1.50661705E-8
3.800E-1 2.12563179E-8
3.900E-1 2.99898158E-8
4.000E-1 4.23104387E-8
4.100E-1 5.96888415E-8
4.200E-1 8.41956223E-8
4.300E-1 1.1874303E-7
4.400E-1 1.67421037E-7
4.500E-1 2.35961629E-7
