0.000E+0 0
1.000E-2 7.0631594E-14
2.000E-2 1.71293872E-13
3.000E-2 3.14938389E-13
4.000E-2 5.20079313E-13
5.000E-2 8.13172342E-13
6.000E-2 1.23201097E-12
7.000E-2 1.83057893E-12
8.000E-2 2.68599108E-12
9.000E-2 3.90843582E-12
1.000E-1 5.65544172E-12
1.100E-1 8.15238785E-12
1.200E-1 1.17220477E-11
1.300E-1 1.68272248E-11
1.400E-1 2.41323814E-11
1.500E-1 3.45928414E-11
1.600E-1 4.95840352E-11
1.700E-1 7.10888889E-11
1.800E-1 1.01969638E-10
1.900E-1 1.46362208E-10
2.000E-1 2.10248534E-10
2.100E-1 3.0228719E-10
2.200E-1 4.35019079E-10
2.300E-1 6.26617707E-10
2.400E-1 9.03430299E-10
2.500E-1 1.3036675E-9
2.600E-1 1.8827613E-9
2.700E-1 2.72114619E-9
2.800E-1 3.93556018E-9
2.900E-1 5.69545923E-9
3.000E-1 8.24685962E-9
3.100E-1 1.19469719E-8
3.200E-1 1.73145116E-8
3.300E-1 2.51027865E-8
3.400E-1 3.64058725E-8
3.500E-1 5.28128646E-8
3.600E-1 7.66319704E-8
3.700E-1 1.11216078E-7
3.800E-1 1.6143575E-7
3.900E-1 2.34366403E-7
4.000E-1 3.40286675E-7
4.100E-1 4.94128862E-7
4.200E-1 7.17586127E-7
4.300E-1 1.04217378E-6
4.400E-1 1.5136764E-6
4.500E-1 2.19860782E-6
