0.000E+0 0
1.000E-2 6.38131257E-16
2.000E-2 1.56126191E-15
3.000E-2 2.89853615E-15
4.000E-2 4.83719424E-15
5.000E-2 7.64845691E-15
6.000E-2 1.17248535E-14
7.000E-2 1.76340499E-14
8.000E-2 2.61964992E-14
9.000E-2 3.85975635E-14
1.000E-1 5.65496497E-14
1.100E-1 8.25271574E-14
1.200E-1 1.20107809E-13
1.300E-1 1.7446997E-13
1.400E-1 2.53119432E-13
1.500E-1 3.66954588E-13
1.600E-1 5.3183151E-13
1.700E-1 7.7086819E-13
1.800E-1 1.1178421E-12
1.900E-1 1.62220484E-12
2.000E-1 2.35648808E-12
2.100E-1 3.42724561E-12
2.200E-1 4.9912237E-12
2.300E-1 7.27926347E-12
2.400E-1 1.06316389E-11
2.500E-1 1.55503123E-11
2.600E-1 2.2776219E-11
2.700E-1 3.34035916E-11
2.800E-1 4.90490971E-11
2.900E-1 7.21021016E-11
3.000E-1 1.06095013E-10
3.100E-1 1.56251361E-10
3.200E-1 2.30296964E-10
3.300E-1 3.39660515E-10
3.400E-1 5.01250571E-10
3.500E-1 7.40085627E-10
3.600E-1 1.09318665E-9
3.700E-1 1.61533754E-9
3.800E-1 2.38760839E-9
3.900E-1 3.52996389E-9
4.000E-1 5.21990745E-9
4.100E-1 7.72003655E-9
4.200E-1 1.14187378E-8
4.300E-1 1.68902278E-8
4.400E-1 2.49830243E-8
4.500E-1 3.69501095E-8
