0.000E+0 0
1.000E-2 1.31303104E-12
2.000E-2 3.14983813E-12
3.000E-2 5.72038743E-12
4.000E-2 9.31881299E-12
5.000E-2 1.43571686E-11
6.000E-2 2.14127374E-11
7.000E-2 3.1294366E-11
8.000E-2 4.5135501E-11
9.000E-2 6.45247244E-11
1.000E-1 9.16889637E-11
1.100E-1 1.29750715E-10
1.200E-1 1.83089284E-10
1.300E-1 2.57848234E-10
1.400E-1 3.62648354E-10
1.500E-1 5.09589513E-10
1.600E-1 7.15658609E-10
1.700E-1 1.00470836E-9
1.800E-1 1.41023842E-9
1.900E-1 1.97930442E-9
2.000E-1 2.77801228E-9
2.100E-1 3.89924108E-9
2.200E-1 5.47349845E-9
2.300E-1 7.68417959E-9
2.400E-1 1.07890163E-8
2.500E-1 1.5150229E-8
2.600E-1 2.12769101E-8
2.700E-1 2.98846071E-8
2.800E-1 4.19790799E-8
2.900E-1 5.89740459E-8
3.000E-1 8.2856704E-8
3.100E-1 1.16420426E-7
3.200E-1 1.63591872E-7
3.300E-1 2.29890848E-7
3.400E-1 3.23076762E-7
3.500E-1 4.54057385E-7
3.600E-1 6.38166349E-7
3.700E-1 8.96958909E-7
3.800E-1 1.26073617E-6
3.900E-1 1.77209303E-6
4.000E-1 2.49090471E-6
4.100E-1 3.50133424E-6
4.200E-1 4.92167848E-6
4.300E-1 6.91819926E-6
4.400E-1 9.72454668E-6
4.500E-1 1.3669023E-5
