0.000E+0 0
1.000E-2 5.12853411E-12
2.000E-2 1.22539653E-11
3.000E-2 2.21679343E-11
4.000E-2 3.59747257E-11
5.000E-2 5.5214339E-11
6.000E-2 8.20341659E-11
7.000E-2 1.19428751E-10
8.000E-2 1.71575138E-10
9.000E-2 2.44302733E-10
1.000E-1 3.45752898E-10
1.100E-1 4.87306731E-10
1.200E-1 6.84892532E-10
1.300E-1 9.60831505E-10
1.400E-1 1.34644698E-9
1.500E-1 1.88575711E-9
1.600E-1 2.64070527E-9
1.700E-1 3.69857236E-9
1.800E-1 5.18248535E-9
1.900E-1 7.26631844E-9
2.000E-1 1.01958269E-8
2.100E-1 1.43186248E-8
2.200E-1 2.0126712E-8
2.300E-1 2.83168141E-8
2.400E-1 3.98760027E-8
2.500E-1 5.62032064E-8
2.600E-1 7.92816715E-8
2.700E-1 1.11923758E-7
2.800E-1 1.58118437E-7
2.900E-1 2.23524604E-7
3.000E-1 3.16171426E-7
3.100E-1 4.47452614E-7
3.200E-1 6.33538017E-7
3.300E-1 8.97377595E-7
3.400E-1 1.27154625E-6
3.500E-1 1.80228189E-6
3.600E-1 2.5552164E-6
3.700E-1 3.62350718E-6
3.800E-1 5.13937102E-6
3.900E-1 7.2904355E-6
4.000E-1 1.03429037E-5
4.100E-1 1.46743373E-5
4.200E-1 2.0819984E-5
4.300E-1 2.95381088E-5
4.400E-1 4.19018489E-5
4.500E-1 5.94278153E-5
