0.000E+0 0
1.000E-2 5.10465876E-14
2.000E-2 1.23777341E-13
3.000E-2 2.2759673E-13
4.000E-2 3.75980285E-13
5.000E-2 5.88234546E-13
6.000E-2 8.92019098E-13
7.000E-2 1.32696304E-12
8.000E-2 1.94985536E-12
9.000E-2 2.84210248E-12
1.000E-1 4.1204566E-12
1.100E-1 5.95247164E-12
1.200E-1 8.5788018E-12
1.300E-1 1.23454177E-11
1.400E-1 1.77502104E-11
1.500E-1 2.55104815E-11
1.600E-1 3.66607608E-11
1.700E-1 5.26946674E-11
1.800E-1 7.57707256E-11
1.900E-1 1.09011049E-10
2.000E-1 1.56934863E-10
2.100E-1 2.2608782E-10
2.200E-1 3.25955599E-10
2.300E-1 4.70290355E-10
2.400E-1 6.79036712E-10
2.500E-1 9.81128525E-10
2.600E-1 1.41855037E-9
2.700E-1 2.05223597E-9
2.800E-1 2.97063489E-9
2.900E-1 4.30215441E-9
3.000E-1 6.23323008E-9
3.100E-1 9.03457003E-9
3.200E-1 1.30992683E-8
3.300E-1 1.8998148E-8
3.400E-1 2.75601098E-8
3.500E-1 3.99887502E-8
3.600E-1 5.8031552E-8
3.700E-1 8.42251953E-8
3.800E-1 1.22250916E-7
3.900E-1 1.77448591E-7
4.000E-1 2.57559016E-7
4.100E-1 3.73792591E-7
4.200E-1 5.42361539E-7
4.300E-1 7.86663146E-7
4.400E-1 1.14036213E-6
4.500E-1 1.65168261E-6
