0.000E+0 0
1.000E-2 7.07077525E-13
2.000E-2 1.68888037E-12
3.000E-2 3.05660907E-12
4.000E-2 4.96584798E-12
5.000E-2 7.63400364E-12
6.000E-2 1.13645284E-11
7.000E-2 1.65805955E-11
8.000E-2 2.38719913E-11
9.000E-2 3.40605827E-11
1.000E-1 4.82920416E-11
1.100E-1 6.81649172E-11
1.200E-1 9.59131439E-11
1.300E-1 1.34665395E-10
1.400E-1 1.88815376E-10
1.500E-1 2.6455269E-10
1.600E-1 3.70626376E-10
1.700E-1 5.19445745E-10
1.800E-1 7.28670078E-10
1.900E-1 1.02350667E-9
2.000E-1 1.44003502E-9
2.100E-1 2.03001765E-9
2.200E-1 2.86786511E-9
2.300E-1 4.06072322E-9
2.400E-1 5.7630876E-9
2.500E-1 8.19798449E-9
2.600E-1 1.16876776E-8
2.700E-1 1.66981982E-8
2.800E-1 2.39039361E-8
2.900E-1 3.4281348E-8
3.000E-1 4.92449303E-8
3.100E-1 7.08445401E-8
3.200E-1 1.02051763E-7
3.300E-1 1.4717552E-7
3.400E-1 2.1246521E-7
3.500E-1 3.06985901E-7
3.600E-1 4.43887988E-7
3.700E-1 6.42248409E-7
3.800E-1 9.29739171E-7
3.900E-1 1.34649151E-6
4.000E-1 1.95068411E-6
4.100E-1 2.82660926E-6
4.200E-1 4.0962829E-6
4.300E-1 5.93608777E-6
4.400E-1 8.60048883E-6
4.500E-1 1.24555322E-5
