0.000E+0 0
1.000E-2 8.52181778E-15
2.000E-2 2.09031776E-14
3.000E-2 3.89145798E-14
4.000E-2 6.51377025E-14
5.000E-2 1.03336593E-13
6.000E-2 1.58998703E-13
7.000E-2 2.40123684E-13
8.000E-2 3.58373836E-13
9.000E-2 5.30752905E-13
1.000E-1 7.82057532E-13
1.100E-1 1.14845979E-12
1.200E-1 1.68274739E-12
1.300E-1 2.46199568E-12
1.400E-1 3.59881035E-12
1.500E-1 5.25781638E-12
1.600E-1 7.67985863E-12
1.700E-1 1.12175403E-11
1.800E-1 1.63874316E-11
1.900E-1 2.39467875E-11
2.000E-1 3.50062957E-11
2.100E-1 5.11957869E-11
2.200E-1 7.4907782E-11
2.300E-1 1.09655418E-10
2.400E-1 1.60598396E-10
2.500E-1 2.35315643E-10
2.600E-1 3.44940011E-10
2.700E-1 5.05823634E-10
2.800E-1 7.41979969E-10
2.900E-1 1.08865988E-9
3.000E-1 1.5975778E-9
3.100E-1 2.34452639E-9
3.200E-1 3.44042132E-9
3.300E-1 5.04721376E-9
3.400E-1 7.40058406E-9
3.500E-1 1.08418098E-8
3.600E-1 1.58614553E-8
3.700E-1 2.31570143E-8
3.800E-1 3.37041944E-8
3.900E-1 4.88350271E-8
4.000E-1 7.03020689E-8
4.100E-1 1.00283093E-7
4.200E-1 1.41245791E-7
4.300E-1 1.95564204E-7
4.400E-1 2.64807327E-7
4.500E-1 3.48781394E-7
