0.000E+0 0
1.000E-2 3.4477216E-15
2.000E-2 8.30998959E-15
3.000E-2 1.51880367E-14
4.000E-2 2.49368592E-14
5.000E-2 3.87716304E-14
6.000E-2 5.84187066E-14
7.000E-2 8.6330146E-14
8.000E-2 1.25988955E-13
9.000E-2 1.82344407E-13
1.000E-1 2.62434549E-13
1.100E-1 3.76279175E-13
1.200E-1 5.38165003E-13
1.300E-1 7.68501252E-13
1.400E-1 1.09650666E-12
1.500E-1 1.5641099E-12
1.600E-1 2.23162208E-12
1.700E-1 3.18599703E-12
1.800E-1 4.55287041E-12
1.900E-1 6.51411553E-12
2.000E-1 9.33345206E-12
2.100E-1 1.33938106E-11
2.200E-1 1.92518609E-11
2.300E-1 2.77176022E-11
2.400E-1 3.99705608E-11
2.500E-1 5.7729458E-11
2.600E-1 8.35000028E-11
2.700E-1 1.20936831E-10
2.800E-1 1.75372244E-10
2.900E-1 2.54588705E-10
3.000E-1 3.6994756E-10
3.100E-1 5.38038383E-10
3.200E-1 7.83089221E-10
3.300E-1 1.14048891E-9
3.400E-1 1.66193472E-9
3.500E-1 2.42295539E-9
3.600E-1 3.53390561E-9
3.700E-1 5.15603323E-9
3.800E-1 7.52495828E-9
3.900E-1 1.09849788E-8
4.000E-1 1.60391876E-8
4.100E-1 2.34226665E-8
4.200E-1 3.42093427E-8
4.300E-1 4.99678946E-8
4.400E-1 7.29890221E-8
4.500E-1 1.06616317E-7
