0.000E+0 -0.72782779
1.000E-2 -0.727826947
2.000E-2 -0.727826097
3.000E-2 -0.727825236
4.000E-2 -0.727824364
5.000E-2 -0.727823477
6.000E-2 -0.727822571
7.000E-2 -0.727821641
8.000E-2 -0.727820679
9.000E-2 -0.727819675
1.000E-1 -0.72781861
1.100E-1 -0.727817463
1.200E-1 -0.727816199
1.300E-1 -0.727814768
1.400E-1 -0.727813099
1.500E-1 -0.727811087
1.600E-1 -0.727808582
1.700E-1 -0.727805364
1.800E-1 -0.727801115
1.900E-1 -0.727795373
2.000E-1 -0.727787466
2.100E-1 -0.72777642
2.200E-1 -0.727760818
2.300E-1 -0.727738602
2.400E-1 -0.727706783
2.500E-1 -0.727661019
2.600E-1 -0.727595001
2.700E-1 -0.727499563
2.800E-1 -0.727361388
2.900E-1 -0.727161131
3.000E-1 -0.726870683
3.100E-1 -0.72644921
3.200E-1 -0.725837389
3.300E-1 -0.724949043
3.400E-1 -0.723658994
3.500E-1 -0.721785429
3.600E-1 -0.71906433
3.700E-1 -0.715112391
3.800E-1 -0.709373313
3.900E-1 -0.701040136
4.000E-1 -0.6889431
4.100E-1 -0.671388179
4.200E-1 -0.645925319
4.300E-1 -0.609017115
4.400E-1 -0.555567134
4.500E-1 -0.478250897
4.600E-1 -0.366567757
4.700E-1 -0.205492008
4.800E-1 0.0264657351
