0.000E+0 0
1.000E-2 7.94523116E-14
2.000E-2 1.91154662E-13
3.000E-2 3.48278541E-13
4.000E-2 5.69375217E-13
5.000E-2 8.80573886E-13
6.000E-2 1.31867914E-12
7.000E-2 1.93553667E-12
8.000E-2 2.80418806E-12
9.000E-2 4.02755021E-12
1.000E-1 5.75065861E-12
1.100E-1 8.17794258E-12
1.200E-1 1.15976072E-11
1.300E-1 1.64160537E-11
1.400E-1 2.32064797E-11
1.500E-1 3.27775127E-11
1.600E-1 4.62701412E-11
1.700E-1 6.52946208E-11
1.800E-1 9.21238421E-11
1.900E-1 1.29966442E-10
2.000E-1 1.83352524E-10
2.100E-1 2.58678372E-10
2.200E-1 3.64975582E-10
2.300E-1 5.14996862E-10
2.400E-1 7.26748411E-10
2.500E-1 1.02565164E-9
2.600E-1 1.44759079E-9
2.700E-1 2.04320582E-9
2.800E-1 2.8839316E-9
2.900E-1 4.07047886E-9
3.000E-1 5.74471363E-9
3.100E-1 8.10623659E-9
3.200E-1 1.14354013E-8
3.300E-1 1.61250331E-8
3.400E-1 2.27236618E-8
3.500E-1 3.19935108E-8
3.600E-1 4.49864277E-8
3.700E-1 6.31396716E-8
3.800E-1 8.83896221E-8
3.900E-1 1.23292772E-7
4.000E-1 1.71126576E-7
4.100E-1 2.35914718E-7
4.200E-1 3.22282747E-7
4.300E-1 4.35013899E-7
4.400E-1 5.78179223E-7
4.500E-1 7.53827789E-7
