0.000E+0 0
1.000E-2 4.29813394E-12
2.000E-2 1.0322963E-11
3.000E-2 1.8778969E-11
4.000E-2 3.06579002E-11
5.000E-2 4.73559361E-11
6.000E-2 7.08387704E-11
7.000E-2 1.03874342E-10
8.000E-2 1.50361159E-10
9.000E-2 2.15791831E-10
1.000E-1 3.07908033E-10
1.100E-1 4.37626736E-10
1.200E-1 6.2035111E-10
1.300E-1 8.77827206E-10
1.400E-1 1.2407753E-9
1.500E-1 1.75262092E-9
1.600E-1 2.4747872E-9
1.700E-1 3.49420354E-9
1.800E-1 4.93396093E-9
1.900E-1 6.96843371E-9
2.000E-1 9.84474164E-9
2.100E-1 1.39132115E-8
2.200E-1 1.96706127E-8
2.300E-1 2.78215233E-8
2.400E-1 3.93654256E-8
2.500E-1 5.57203097E-8
2.600E-1 7.88980647E-8
2.700E-1 1.11753298E-7
2.800E-1 1.5833621E-7
2.900E-1 2.24392777E-7
3.000E-1 3.18073243E-7
3.100E-1 4.50934583E-7
3.200E-1 6.393568E-7
3.300E-1 9.06539529E-7
3.400E-1 1.28530798E-6
3.500E-1 1.82203867E-6
3.600E-1 2.5821166E-6
3.700E-1 3.65745053E-6
3.800E-1 5.1766821E-6
3.900E-1 7.3187747E-6
4.000E-1 1.03305495E-5
4.100E-1 1.45482283E-5
4.200E-1 2.04217608E-5
4.300E-1 2.85380428E-5
4.400E-1 3.96343699E-5
4.500E-1 5.45847793E-5
