0.000E+0 0
1.000E-2 5.60896193E-12
2.000E-2 1.34580547E-11
3.000E-2 2.44575516E-11
4.000E-2 3.98873293E-11
5.000E-2 6.15469558E-11
6.000E-2 9.19669082E-11
7.000E-2 1.34706011E-10
8.000E-2 1.9477061E-10
9.000E-2 2.79205828E-10
1.000E-1 3.9793032E-10
1.100E-1 5.64915967E-10
1.200E-1 7.99856553E-10
1.300E-1 1.13053013E-9
1.400E-1 1.59614583E-9
1.500E-1 2.25208805E-9
1.600E-1 3.17664444E-9
1.700E-1 4.48054969E-9
1.800E-1 6.32052676E-9
1.900E-1 8.91850173E-9
2.000E-1 1.25888719E-8
2.100E-1 1.77772041E-8
2.200E-1 2.51151554E-8
2.300E-1 3.54984195E-8
2.400E-1 5.0197347E-8
2.500E-1 7.10139286E-8
2.600E-1 1.00504548E-7
2.700E-1 1.42295996E-7
2.800E-1 2.01533667E-7
2.900E-1 2.85516931E-7
3.000E-1 4.0459927E-7
3.100E-1 5.73462309E-7
3.200E-1 8.1291656E-7
3.300E-1 1.15244171E-6
3.400E-1 1.63376015E-6
3.500E-1 2.31584379E-6
3.600E-1 3.28188909E-6
3.700E-1 4.64895344E-6
3.800E-1 6.58110961E-6
3.900E-1 9.30708909E-6
4.000E-1 1.31433336E-5
4.100E-1 1.85229259E-5
4.200E-1 2.60296225E-5
4.300E-1 3.64336677E-5
4.400E-1 5.07203523E-5
4.500E-1 7.00962283E-5
