0.000E+0 0
1.000E-2 1.50301945E-13
2.000E-2 3.61188043E-13
3.000E-2 6.57127778E-13
4.000E-2 1.072474E-12
5.000E-2 1.65545557E-12
6.000E-2 2.47378412E-12
7.000E-2 3.62252824E-12
8.000E-2 5.23517378E-12
9.000E-2 7.49916122E-12
1.000E-1 1.06777156E-11
1.100E-1 1.51405211E-11
1.200E-1 2.14068291E-11
1.300E-1 3.02060443E-11
1.400E-1 4.25628834E-11
1.500E-1 5.99170775E-11
1.600E-1 8.42916365E-11
1.700E-1 1.18529387E-10
1.800E-1 1.66625481E-10
1.900E-1 2.34194837E-10
2.000E-1 3.29129256E-10
2.100E-1 4.625212E-10
2.200E-1 6.49962437E-10
2.300E-1 9.13369736E-10
2.400E-1 1.28355146E-9
2.500E-1 1.80381581E-9
2.600E-1 2.53504352E-9
2.700E-1 3.56281928E-9
2.800E-1 5.00745776E-9
2.900E-1 7.03809873E-9
3.000E-1 9.89252358E-9
3.100E-1 1.39050146E-8
3.200E-1 1.95455229E-8
3.300E-1 2.74747344E-8
3.400E-1 3.86214882E-8
3.500E-1 5.42916198E-8
3.600E-1 7.63209897E-8
3.700E-1 1.07290631E-7
3.800E-1 1.50829246E-7
3.900E-1 2.12038509E-7
4.000E-1 2.98091067E-7
4.100E-1 4.19071382E-7
4.200E-1 5.89158108E-7
4.300E-1 8.28286832E-7
4.400E-1 1.16448865E-6
4.500E-1 1.63717971E-6
