0.000E+0 0
1.000E-2 5.00094459E-14
2.000E-2 1.19172829E-13
3.000E-2 2.15167275E-13
4.000E-2 3.48701609E-13
5.000E-2 5.34695567E-13
6.000E-2 7.93915174E-13
7.000E-2 1.15524442E-12
8.000E-2 1.65884904E-12
9.000E-2 2.36059874E-12
1.000E-1 3.33827632E-12
1.100E-1 4.70034036E-12
1.200E-1 6.59835771E-12
1.300E-1 9.24473273E-12
1.400E-1 1.29381042E-11
1.500E-1 1.80998576E-11
1.600E-1 2.53267598E-11
1.700E-1 3.54669714E-11
1.800E-1 4.97299488E-11
1.900E-1 6.98454581E-11
2.000E-1 9.82937564E-11
2.100E-1 1.38638919E-10
2.200E-1 1.960117E-10
2.300E-1 2.7780925E-10
2.400E-1 3.94709424E-10
2.500E-1 5.62141605E-10
2.600E-1 8.02420102E-10
2.700E-1 1.14783942E-9
2.800E-1 1.64516604E-9
2.900E-1 2.36215803E-9
3.000E-1 3.39702938E-9
3.100E-1 4.89219103E-9
3.200E-1 7.05420316E-9
3.300E-1 1.01827492E-8
3.400E-1 1.47127137E-8
3.500E-1 2.12752953E-8
3.600E-1 3.07867665E-8
3.700E-1 4.45773977E-8
3.800E-1 6.45787157E-8
3.900E-1 9.35954968E-8
4.000E-1 1.35700826E-7
4.100E-1 1.96809874E-7
4.200E-1 2.85513166E-7
4.300E-1 4.14286534E-7
4.400E-1 6.01247614E-7
4.500E-1 8.72704979E-7
