0.000E+0 0
1.000E-2 1.45629054E-15
2.000E-2 3.53718948E-15
3.000E-2 6.51848019E-15
4.000E-2 1.07971443E-14
5.000E-2 1.69443907E-14
6.000E-2 2.57818714E-14
7.000E-2 3.84913063E-14
8.000E-2 5.67723378E-14
9.000E-2 8.3070195E-14
1.000E-1 1.20904684E-13
1.100E-1 1.75346693E-13
1.200E-1 2.53710082E-13
1.300E-1 3.66558831E-13
1.400E-1 5.29176573E-13
1.500E-1 7.63715197E-13
1.600E-1 1.10234147E-12
1.700E-1 1.59185084E-12
1.800E-1 2.30043789E-12
1.900E-1 3.32763683E-12
2.000E-1 4.81892054E-12
2.100E-1 6.98714606E-12
2.200E-1 1.01440622E-11
2.300E-1 1.47466073E-11
2.400E-1 2.14649506E-11
2.500E-1 3.12825009E-11
2.600E-1 4.56429253E-11
2.700E-1 6.66662964E-11
2.800E-1 9.7466907E-11
2.900E-1 1.42620613E-10
3.000E-1 2.08852105E-10
3.100E-1 3.06045648E-10
3.200E-1 4.48731626E-10
3.300E-1 6.58272877E-10
3.400E-1 9.66080336E-10
3.500E-1 1.4183425E-9
3.600E-1 2.08298116E-9
3.700E-1 3.0598807E-9
3.800E-1 4.4959299E-9
3.900E-1 6.60713679E-9
4.000E-1 9.7111334E-9
4.100E-1 1.42749335E-8
4.200E-1 2.09850588E-8
4.300E-1 3.08504205E-8
4.400E-1 4.53530598E-8
4.500E-1 6.6668588E-8
