0.000E+0 0
1.000E-2 2.19869022E-14
2.000E-2 5.34733577E-14
3.000E-2 9.85907838E-14
4.000E-2 1.63264914E-13
5.000E-2 2.55993979E-13
6.000E-2 3.88964478E-13
7.000E-2 5.79651501E-13
8.000E-2 8.53115049E-13
9.000E-2 1.24529693E-12
1.000E-1 1.80775738E-12
1.100E-1 2.61448501E-12
1.200E-1 3.7716954E-12
1.300E-1 5.43193995E-12
1.400E-1 7.81443544E-12
1.500E-1 1.12343731E-11
1.600E-1 1.61451934E-11
1.700E-1 2.31995819E-11
1.800E-1 3.3337497E-11
1.900E-1 4.79132276E-11
2.000E-1 6.88788042E-11
2.100E-1 9.90487728E-11
2.200E-1 1.42482447E-10
2.300E-1 2.05035786E-10
2.400E-1 2.95158208E-10
2.500E-1 4.25043089E-10
2.600E-1 6.12288995E-10
2.700E-1 8.82298443E-10
2.800E-1 1.27174167E-9
2.900E-1 1.83355828E-9
3.000E-1 2.64417944E-9
3.100E-1 3.81395612E-9
3.200E-1 5.50221561E-9
3.300E-1 7.93899821E-9
3.400E-1 1.1456433E-8
3.500E-1 1.65340163E-8
3.600E-1 2.38639324E-8
3.700E-1 3.44452416E-8
3.800E-1 4.97196044E-8
3.900E-1 7.17666792E-8
4.000E-1 1.03585089E-7
4.100E-1 1.49495798E-7
4.200E-1 2.15720146E-7
4.300E-1 3.11206455E-7
4.400E-1 4.48809888E-7
4.500E-1 6.46974547E-7
