0.000E+0 0
1.000E-2 3.16577946E-15
2.000E-2 7.63164324E-15
3.000E-2 1.39530063E-14
4.000E-2 2.29202303E-14
5.000E-2 3.56570439E-14
6.000E-2 5.37600525E-14
7.000E-2 7.94967167E-14
8.000E-2 1.16086822E-13
9.000E-2 1.68103712E-13
1.000E-1 2.42048162E-13
1.100E-1 3.471724E-13
1.200E-1 4.96668283E-13
1.300E-1 7.09387734E-13
1.400E-1 1.01234331E-12
1.500E-1 1.44435425E-12
1.600E-1 2.06137559E-12
1.700E-1 2.94430047E-12
1.800E-1 4.21039579E-12
1.900E-1 6.03007416E-12
2.000E-1 8.65150217E-12
2.100E-1 1.2436717E-11
2.200E-1 1.79146464E-11
2.300E-1 2.58589638E-11
2.400E-1 3.74024379E-11
2.500E-1 5.42049257E-11
2.600E-1 7.87002243E-11
2.700E-1 1.14458872E-10
2.800E-1 1.66721445E-10
2.900E-1 2.43182581E-10
3.000E-1 3.55143744E-10
3.100E-1 5.19208314E-10
3.200E-1 7.59774344E-10
3.300E-1 1.11270058E-9
3.400E-1 1.63069829E-9
3.500E-1 2.39126164E-9
3.600E-1 3.50833223E-9
3.700E-1 5.14945659E-9
3.800E-1 7.5610238E-9
3.900E-1 1.11053885E-8
4.000E-1 1.63154774E-8
4.100E-1 2.39751098E-8
4.200E-1 3.523714E-8
4.300E-1 5.17972171E-8
4.400E-1 7.61493224E-8
4.500E-1 1.11961513E-7
