0.000E+0 0
1.000E-2 3.88265657E-14
2.000E-2 9.3730646E-14
3.000E-2 1.71507761E-13
4.000E-2 2.81784894E-13
5.000E-2 4.38200636E-13
6.000E-2 6.60058396E-13
7.000E-2 9.74665994E-13
8.000E-2 1.42065074E-12
9.000E-2 2.05267064E-12
1.000E-1 2.94813374E-12
1.100E-1 4.21681922E-12
1.200E-1 6.01470925E-12
1.300E-1 8.56394939E-12
1.400E-1 1.21817474E-11
1.500E-1 1.7322321E-11
1.600E-1 2.46379016E-11
1.700E-1 3.5067559E-11
1.800E-1 4.99666355E-11
1.900E-1 7.12954422E-11
2.000E-1 1.01894436E-10
2.100E-1 1.4588561E-10
2.200E-1 2.09258127E-10
2.300E-1 3.00722966E-10
2.400E-1 4.32960436E-10
2.500E-1 6.24441556E-10
2.600E-1 9.02087788E-10
2.700E-1 1.30515567E-9
2.800E-1 1.8909113E-9
2.900E-1 2.74292027E-9
3.000E-1 3.9831599E-9
3.100E-1 5.78971767E-9
3.200E-1 8.42265389E-9
3.300E-1 1.22617973E-8
3.400E-1 1.78619821E-8
3.500E-1 2.60337781E-8
3.600E-1 3.79614852E-8
3.700E-1 5.53755959E-8
3.800E-1 8.08048771E-8
3.900E-1 1.17944836E-7
4.000E-1 1.72196306E-7
4.100E-1 2.51452724E-7
4.200E-1 3.672509E-7
4.300E-1 5.3645317E-7
4.400E-1 7.83706234E-7
4.500E-1 1.1450353E-6
