0.000E+0 0
1.000E-2 6.97002193E-12
2.000E-2 1.68013198E-11
3.000E-2 3.06757107E-11
4.000E-2 5.02627715E-11
5.000E-2 7.79210146E-11
6.000E-2 1.16982115E-10
7.000E-2 1.72152599E-10
8.000E-2 2.50081762E-10
9.000E-2 3.6016497E-10
1.000E-1 5.15680508E-10
1.100E-1 7.35399301E-10
1.200E-1 1.04586547E-9
1.300E-1 1.4846288E-9
1.400E-1 2.10482859E-9
1.500E-1 2.98169585E-9
1.600E-1 4.22177939E-9
1.700E-1 5.97603903E-9
1.800E-1 8.45842908E-9
1.900E-1 1.19722755E-8
2.000E-1 1.69477165E-8
2.100E-1 2.3994845E-8
2.200E-1 3.39791356E-8
2.300E-1 4.81284899E-8
2.400E-1 6.81851312E-8
2.500E-1 9.66210937E-8
2.600E-1 1.36943827E-7
2.700E-1 1.94129387E-7
2.800E-1 2.7523606E-7
2.900E-1 3.90272686E-7
3.000E-1 5.53425694E-7
3.100E-1 7.84789622E-7
3.200E-1 1.11280114E-6
3.300E-1 1.57764999E-6
3.400E-1 2.23603561E-6
3.500E-1 3.16775887E-6
3.600E-1 4.4847863E-6
3.700E-1 6.3436055E-6
3.800E-1 8.96194437E-6
3.900E-1 1.26411239E-5
4.000E-1 1.77961608E-5
4.100E-1 2.49960852E-5
4.200E-1 3.50184105E-5
4.300E-1 4.89221126E-5
4.400E-1 6.81422939E-5
4.500E-1 9.46047229E-5
