0.000E+0 0
1.000E-2 1.24778305E-15
2.000E-2 3.04527093E-15
3.000E-2 5.6386496E-15
4.000E-2 9.38430632E-15
5.000E-2 1.47981763E-14
6.000E-2 2.26272472E-14
7.000E-2 3.39532376E-14
8.000E-2 5.03430411E-14
9.000E-2 7.40672274E-14
1.000E-1 1.0841769E-13
1.100E-1 1.58169896E-13
1.200E-1 2.30256195E-13
1.300E-1 3.3474743E-13
1.400E-1 4.86285034E-13
1.500E-1 7.06171561E-13
1.600E-1 1.02542357E-12
1.700E-1 1.48923114E-12
1.800E-1 2.16347304E-12
1.900E-1 3.14423624E-12
2.000E-1 4.57172603E-12
2.100E-1 6.65059275E-12
2.200E-1 9.67963679E-12
2.300E-1 1.40952208E-11
2.400E-1 2.05347173E-11
2.500E-1 2.99292431E-11
2.600E-1 4.36392033E-11
2.700E-1 6.36524171E-11
2.800E-1 9.2873724E-11
2.900E-1 1.35548327E-10
3.000E-1 1.9788064E-10
3.100E-1 2.88938937E-10
3.200E-1 4.21977829E-10
3.300E-1 6.16371563E-10
3.400E-1 9.00440291E-10
3.500E-1 1.31558182E-9
3.600E-1 1.92231189E-9
3.700E-1 2.80909461E-9
3.800E-1 4.10525193E-9
3.900E-1 5.99983655E-9
4.000E-1 8.76922285E-9
4.100E-1 1.28174432E-8
4.200E-1 1.8735157E-8
4.300E-1 2.73858591E-8
4.400E-1 4.0031908E-8
4.500E-1 5.85187653E-8
