0.000E+0 0
1.000E-2 4.74106447E-16
2.000E-2 1.16446357E-15
3.000E-2 2.17047556E-15
4.000E-2 3.63716279E-15
5.000E-2 5.77605716E-15
6.000E-2 8.89566872E-15
7.000E-2 1.34459228E-14
8.000E-2 2.00830081E-14
9.000E-2 2.97640734E-14
1.000E-1 4.38856282E-14
1.100E-1 6.4486001E-14
1.200E-1 9.45418024E-14
1.300E-1 1.38402452E-13
1.400E-1 2.02427642E-13
1.500E-1 2.95923204E-13
1.600E-1 4.32515876E-13
1.700E-1 6.3217364E-13
1.800E-1 9.2417557E-13
1.900E-1 1.35147817E-12
2.000E-1 1.97713553E-12
2.100E-1 2.89373981E-12
2.200E-1 4.237304E-12
2.300E-1 6.20767803E-12
2.400E-1 9.09857453E-12
2.500E-1 1.33417296E-11
2.600E-1 1.95718562E-11
2.700E-1 2.87221826E-11
2.800E-1 4.21649858E-11
2.900E-1 6.19183127E-11
3.000E-1 9.09500747E-11
3.100E-1 1.33625387E-10
3.200E-1 1.96364641E-10
3.300E-1 2.88611608E-10
3.400E-1 4.24257618E-10
3.500E-1 6.23736764E-10
3.600E-1 9.17108225E-10
3.700E-1 1.34859089E-9
3.800E-1 1.98323454E-9
3.900E-1 2.91673438E-9
4.000E-1 4.28986997E-9
4.100E-1 6.3097474E-9
4.200E-1 9.28105059E-9
4.300E-1 1.36520172E-8
4.400E-1 2.00820773E-8
4.500E-1 2.95413589E-8
