0.000E+0 0
1.000E-2 2.98171517E-14
2.000E-2 7.26720758E-14
3.000E-2 1.34374578E-13
4.000E-2 2.23280982E-13
5.000E-2 3.51367236E-13
6.000E-2 5.35819252E-13
7.000E-2 8.01156898E-13
8.000E-2 1.18238125E-12
9.000E-2 1.72935862E-12
1.000E-1 2.51306384E-12
1.100E-1 3.63447635E-12
1.200E-1 5.23731409E-12
1.300E-1 7.52636333E-12
1.400E-1 1.07940268E-11
1.500E-1 1.54590123E-11
1.600E-1 2.21230279E-11
1.700E-1 3.16542427E-11
1.800E-1 4.5310562E-11
1.900E-1 6.4922119E-11
2.000E-1 9.31618033E-11
2.100E-1 1.33946633E-10
2.200E-1 1.93033586E-10
2.300E-1 2.78904499E-10
2.400E-1 4.04080836E-10
2.500E-1 5.87077979E-10
2.600E-1 8.55311274E-10
2.700E-1 1.24941901E-9
2.800E-1 1.82969529E-9
2.900E-1 2.68566541E-9
3.000E-1 3.95034216E-9
3.100E-1 5.82145584E-9
3.200E-1 8.59307457E-9
3.300E-1 1.27027066E-8
3.400E-1 1.88014731E-8
3.500E-1 2.7858662E-8
3.600E-1 4.13175177E-8
3.700E-1 6.13273911E-8
3.800E-1 9.10896911E-8
3.900E-1 1.35373438E-7
4.000E-1 2.01283569E-7
4.100E-1 2.99405895E-7
4.200E-1 4.45513263E-7
4.300E-1 6.63107786E-7
4.400E-1 9.87208259E-7
4.500E-1 1.46999132E-6
