0.000E+0 0
1.000E-2 2.8198038E-12
2.000E-2 6.84532907E-12
3.000E-2 1.25955201E-11
4.000E-2 2.08126028E-11
5.000E-2 3.25581357E-11
6.000E-2 4.93504059E-11
7.000E-2 7.33610068E-11
8.000E-2 1.07696156E-10
9.000E-2 1.56799406E-10
1.000E-1 2.27028317E-10
1.100E-1 3.27480566E-10
1.200E-1 4.71177759E-10
1.300E-1 6.76762502E-10
1.400E-1 9.70931932E-10
1.500E-1 1.39192819E-9
1.600E-1 1.99454574E-9
1.700E-1 2.85731521E-9
1.800E-1 4.09281007E-9
1.900E-1 5.86243197E-9
2.000E-1 8.39761714E-9
2.100E-1 1.20302428E-8
2.200E-1 1.7236204E-8
2.300E-1 2.46978231E-8
2.400E-1 3.53931379E-8
2.500E-1 5.07234578E-8
2.600E-1 7.26951973E-8
2.700E-1 1.04178274E-7
2.800E-1 1.49271654E-7
2.900E-1 2.13817045E-7
3.000E-1 3.06113796E-7
3.100E-1 4.37899472E-7
3.200E-1 6.25665667E-7
3.300E-1 8.92364306E-7
3.400E-1 1.26949988E-6
3.500E-1 1.7994497E-6
3.600E-1 2.53752909E-6
3.700E-1 3.55271704E-6
3.800E-1 4.92500852E-6
3.900E-1 6.73605552E-6
4.000E-1 9.04916458E-6
4.100E-1 1.18762159E-5
4.200E-1 1.51382118E-5
4.300E-1 1.86449827E-5
4.400E-1 2.21327183E-5
4.500E-1 2.53633754E-5
