0.000E+0 0
1.000E-2 3.33653844E-15
2.000E-2 7.97116978E-15
3.000E-2 1.44351331E-14
4.000E-2 2.34707785E-14
5.000E-2 3.61123318E-14
6.000E-2 5.37963963E-14
7.000E-2 7.85129998E-14
8.000E-2 1.13012231E-13
9.000E-2 1.61087748E-13
1.000E-1 2.2796783E-13
1.100E-1 3.20858852E-13
1.200E-1 4.49707724E-13
1.300E-1 6.28282467E-13
1.400E-1 8.75718996E-13
1.500E-1 1.21875454E-12
1.600E-1 1.69497442E-12
1.700E-1 2.35755431E-12
1.800E-1 3.28220768E-12
1.900E-1 4.57738217E-12
2.000E-1 6.39924048E-12
2.100E-1 8.97368877E-12
2.200E-1 1.26287915E-11
2.300E-1 1.78425056E-11
2.400E-1 2.53130245E-11
2.500E-1 3.60625169E-11
2.600E-1 5.15902099E-11
2.700E-1 7.40984161E-11
2.800E-1 1.06826421E-10
2.900E-1 1.54543906E-10
3.000E-1 2.24280369E-10
3.100E-1 3.26403733E-10
3.200E-1 4.7621567E-10
3.300E-1 6.96311636E-10
3.400E-1 1.02007275E-9
3.500E-1 1.49683305E-9
3.600E-1 2.19952677E-9
3.700E-1 3.23600712E-9
3.800E-1 4.76580046E-9
3.900E-1 7.02490769E-9
4.000E-1 1.036252E-8
4.100E-1 1.52953747E-8
4.200E-1 2.25882284E-8
4.300E-1 3.3373001E-8
4.400E-1 4.93251698E-8
4.500E-1 7.29249271E-8
