0.000E+0 0
1.000E-2 9.23166382E-14
2.000E-2 2.2335245E-13
3.000E-2 4.09423625E-13
4.000E-2 6.73737912E-13
5.000E-2 1.04928518E-12
6.000E-2 1.58296892E-12
7.000E-2 2.3414826E-12
8.000E-2 3.4196763E-12
9.000E-2 4.95247422E-12
1.000E-1 7.13185811E-12
1.100E-1 1.02310806E-11
1.200E-1 1.46391995E-11
1.300E-1 2.09103495E-11
1.400E-1 2.98340564E-11
1.500E-1 4.2535602E-11
1.600E-1 6.06192981E-11
1.700E-1 8.63730315E-11
1.800E-1 1.23060299E-10
1.900E-1 1.75337168E-10
2.000E-1 2.49847614E-10
2.100E-1 3.56073579E-10
2.200E-1 5.07548756E-10
2.300E-1 7.23591768E-10
2.400E-1 1.03178108E-9
2.500E-1 1.47148911E-9
2.600E-1 2.09892901E-9
2.700E-1 2.99436164E-9
2.800E-1 4.27238746E-9
2.900E-1 6.09664414E-9
3.000E-1 8.7007961E-9
3.100E-1 1.24185096E-8
3.200E-1 1.77262601E-8
3.300E-1 2.53044667E-8
3.400E-1 3.61248004E-8
3.500E-1 5.15748694E-8
3.600E-1 7.36362888E-8
3.700E-1 1.05138988E-7
3.800E-1 1.50124394E-7
3.900E-1 2.14364116E-7
4.000E-1 3.0610068E-7
4.100E-1 4.37105415E-7
4.200E-1 6.2418922E-7
4.300E-1 8.91360109E-7
4.400E-1 1.27290435E-6
4.500E-1 1.8177865E-6
