0.000E+0 0
1.000E-2 3.62141121E-13
2.000E-2 8.71189329E-13
3.000E-2 1.58751167E-12
4.000E-2 2.59624924E-12
5.000E-2 4.01748202E-12
6.000E-2 6.02058435E-12
7.000E-2 8.84451955E-12
8.000E-2 1.28265646E-11
9.000E-2 1.84430191E-11
1.000E-1 2.63669747E-11
1.100E-1 3.7550398E-11
1.200E-1 5.3340894E-11
1.300E-1 7.56479616E-11
1.400E-1 1.07179899E-10
1.500E-1 1.51781565E-10
1.600E-1 2.14916112E-10
1.700E-1 3.04352223E-10
1.800E-1 4.31144665E-10
1.900E-1 6.11033491E-10
2.000E-1 8.66440798E-10
2.100E-1 1.22932045E-9
2.200E-1 1.74522541E-9
2.300E-1 2.47911342E-9
2.400E-1 3.52363447E-9
2.500E-1 5.01096177E-9
2.600E-1 7.12968223E-9
2.700E-1 1.01489115E-8
2.800E-1 1.44527248E-8
2.900E-1 2.05893187E-8
3.000E-1 2.93412081E-8
3.100E-1 4.18254612E-8
3.200E-1 5.96368298E-8
3.300E-1 8.50521348E-8
3.400E-1 1.21322126E-7
3.500E-1 1.73088261E-7
3.600E-1 2.46977869E-7
3.700E-1 3.52454062E-7
3.800E-1 5.03029423E-7
3.900E-1 7.17999191E-7
4.000E-1 1.02491625E-6
4.100E-1 1.46312538E-6
4.200E-1 2.08881006E-6
4.300E-1 2.98219875E-6
4.400E-1 4.25785425E-6
4.500E-1 6.07936405E-6
