0.000E+0 0
1.000E-2 1.09433947E-12
2.000E-2 2.63487444E-12
3.000E-2 4.80496362E-12
4.000E-2 7.86326586E-12
5.000E-2 1.21746527E-11
6.000E-2 1.82538356E-11
7.000E-2 2.68269663E-11
8.000E-2 3.89186634E-11
9.000E-2 5.59750383E-11
1.000E-1 8.00377286E-11
1.100E-1 1.1399026E-10
1.200E-1 1.61907024E-10
1.300E-1 2.29547899E-10
1.400E-1 3.25059672E-10
1.500E-1 4.59971075E-10
1.600E-1 6.50604795E-10
1.700E-1 9.20081552E-10
1.800E-1 1.30116492E-9
1.900E-1 1.84029989E-9
2.000E-1 2.60334653E-9
2.100E-1 3.68372052E-9
2.200E-1 5.21395157E-9
2.300E-1 7.38209523E-9
2.400E-1 1.04550374E-8
2.500E-1 1.48115869E-8
2.600E-1 2.09894702E-8
2.700E-1 2.97520683E-8
2.800E-1 4.21831937E-8
2.900E-1 5.98216896E-8
3.000E-1 8.4852586E-8
3.100E-1 1.20378577E-7
3.200E-1 1.70805564E-7
3.300E-1 2.42390187E-7
3.400E-1 3.44017366E-7
3.500E-1 4.88304413E-7
3.600E-1 6.93168748E-7
3.700E-1 9.84053567E-7
3.800E-1 1.39708704E-6
3.900E-1 1.98356535E-6
4.000E-1 2.816312E-6
4.100E-1 3.99869391E-6
4.200E-1 5.67739487E-6
4.300E-1 8.06049456E-6
4.400E-1 1.14430225E-5
4.500E-1 1.62430139E-5
