0.000E+0 -0.568683631
1.000E-2 -0.568679529
2.000E-2 -0.568675399
3.000E-2 -0.568671237
4.000E-2 -0.568667037
5.000E-2 -0.568662793
6.000E-2 -0.568658494
7.000E-2 -0.568654128
8.000E-2 -0.568649674
9.000E-2 -0.568645104
1.000E-1 -0.56864038
1.100E-1 -0.568635444
1.200E-1 -0.568630216
1.300E-1 -0.568624579
1.400E-1 -0.568618367
1.500E-1 -0.568611339
1.600E-1 -0.568603152
1.700E-1 -0.568593309
1.800E-1 -0.568581095
1.900E-1 -0.568565482
2.000E-1 -0.568544985
2.100E-1 -0.568517463
2.200E-1 -0.568479828
2.300E-1 -0.568427624
2.400E-1 -0.568354423
2.500E-1 -0.568250941
2.600E-1 -0.568103783
2.700E-1 -0.567893607
2.800E-1 -0.567592489
2.900E-1 -0.56716011
3.000E-1 -0.566538252
3.100E-1 -0.565642849
3.200E-1 -0.564352504
3.300E-1 -0.562491911
3.400E-1 -0.559807902
3.500E-1 -0.55593487
3.600E-1 -0.550344818
3.700E-1 -0.542275237
3.800E-1 -0.530624949
3.900E-1 -0.513803733
4.000E-1 -0.489515204
4.100E-1 -0.454443441
4.200E-1 -0.403800763
4.300E-1 -0.330675424
4.400E-1 -0.225091234
4.500E-1 -0.0726530123
4.600E-1 0.147402164
