0.000E+0 0
1.000E-2 9.22931325E-12
2.000E-2 2.20357432E-11
3.000E-2 3.98339683E-11
4.000E-2 6.45977589E-11
5.000E-2 9.90810724E-11
6.000E-2 1.47126972E-10
7.000E-2 2.14099611E-10
8.000E-2 3.07488882E-10
9.000E-2 4.37757631E-10
1.000E-1 6.19530051E-10
1.100E-1 8.73260427E-10
1.200E-1 1.22757877E-9
1.300E-1 1.72259082E-9
1.400E-1 2.4145241E-9
1.500E-1 3.3822727E-9
1.600E-1 4.73662069E-9
1.700E-1 6.6332438E-9
1.800E-1 9.29104071E-9
1.900E-1 1.30179817E-8
2.000E-1 1.82475601E-8
2.100E-1 2.55902002E-8
2.200E-1 3.59057598E-8
2.300E-1 5.040579E-8
2.400E-1 7.07977669E-8
2.500E-1 9.94885213E-8
2.600E-1 1.39871154E-7
2.700E-1 1.96729663E-7
2.800E-1 2.76809491E-7
2.900E-1 3.89621839E-7
3.000E-1 5.48577138E-7
3.100E-1 7.72581533E-7
3.200E-1 1.08828386E-6
3.300E-1 1.53323475E-6
3.400E-1 2.16032147E-6
3.500E-1 3.04398008E-6
3.600E-1 4.28887069E-6
3.700E-1 6.04194008E-6
3.800E-1 8.50909084E-6
3.900E-1 1.19780158E-5
4.000E-1 1.68490889E-5
4.100E-1 2.3676414E-5
4.200E-1 3.3221176E-5
4.300E-1 4.65174282E-5
4.400E-1 6.49508441E-5
4.500E-1 9.03426179E-5
