0.000E+0 0
1.000E-2 6.84807882E-14
2.000E-2 1.66080216E-13
3.000E-2 3.05561209E-13
4.000E-2 5.05245743E-13
5.000E-2 7.91419972E-13
6.000E-2 1.20177653E-12
7.000E-2 1.79034382E-12
8.000E-2 2.63455143E-12
9.000E-2 3.84537263E-12
1.000E-1 5.5819131E-12
1.100E-1 8.07244681E-12
1.200E-1 1.16448336E-11
1.300E-1 1.6770633E-11
1.400E-1 2.41292675E-11
1.500E-1 3.47015927E-11
1.600E-1 4.99066522E-11
1.700E-1 7.18018822E-11
1.800E-1 1.03376553E-10
1.900E-1 1.48982199E-10
2.000E-1 2.14964291E-10
2.100E-1 3.10589531E-10
2.200E-1 4.49407424E-10
2.300E-1 6.51249929E-10
2.400E-1 9.4516874E-10
2.500E-1 1.37375067E-9
2.600E-1 1.99945884E-9
2.700E-1 2.91395196E-9
2.800E-1 4.25178217E-9
2.900E-1 6.21053097E-9
3.000E-1 9.08041077E-9
3.100E-1 1.32877845E-8
3.200E-1 1.94591472E-8
3.300E-1 2.8515188E-8
3.400E-1 4.18090618E-8
3.500E-1 6.13296194E-8
3.600E-1 9.00000309E-8
3.700E-1 1.32116406E-7
3.800E-1 1.93991635E-7
3.900E-1 2.84899609E-7
4.000E-1 4.18458019E-7
4.100E-1 6.14649344E-7
4.200E-1 9.02765602E-7
4.300E-1 1.32567987E-6
4.400E-1 1.94600119E-6
4.500E-1 2.85485566E-6
