0.000000000E+0 3.972990000E-2
1.000000000E-4 3.972990000E-2
2.010000000E-4 3.972990000E-2
3.040000000E-4 3.972990000E-2
4.120000000E-4 3.972990000E-2
5.260000000E-4 3.972990000E-2
6.470000000E-4 3.972990000E-2
7.800000000E-4 3.972990000E-2
9.260000000E-4 3.972990000E-2
1.088000000E-3 3.972990000E-2
1.271000000E-3 3.972990000E-2
1.479000000E-3 3.972990000E-2
1.718000000E-3 3.972990000E-2
1.996000000E-3 3.972990000E-2
2.321000000E-3 3.972990000E-2
2.705000000E-3 3.972990000E-2
3.160000000E-3 3.972990000E-2
3.703000000E-3 3.972990000E-2
4.353000000E-3 3.972990000E-2
5.135000000E-3 3.972990000E-2
6.078000000E-3 3.972990000E-2
7.218000000E-3 3.972990000E-2
8.596000000E-3 3.972990000E-2
1.026200000E-2 3.972990000E-2
1.227700000E-2 3.972990000E-2
1.470900000E-2 3.972990000E-2
1.763900000E-2 3.972990000E-2
2.116100000E-2 3.972990000E-2
2.537800000E-2 3.972990000E-2
3.041000000E-2 3.972990000E-2
3.638600000E-2 3.972990000E-2
4.344900000E-2 3.972990000E-2
5.174900000E-2 3.972990000E-2
6.144600000E-2 3.972990000E-2
7.270200000E-2 3.972990000E-2
8.567500000E-2 3.972990000E-2
1.005220000E-1 3.972990000E-2
1.173810000E-1 3.972990000E-2
1.363730000E-1 3.972990000E-2
1.575890000E-1 3.972990000E-2
1.810870000E-1 3.972990000E-2
2.068810000E-1 3.972990000E-2
2.349360000E-1 3.972990000E-2
2.651660000E-1 3.972990000E-2
2.974300000E-1 3.972990000E-2
3.315310000E-1 3.972990000E-2
3.672200000E-1 3.972990000E-2
4.041980000E-1 3.972990000E-2
4.421290000E-1 3.972990000E-2
4.806440000E-1 3.972990000E-2
5.193560000E-1 3.972990000E-2
5.578710000E-1 3.972990000E-2
5.958020000E-1 3.972990000E-2
6.327800000E-1 3.972990000E-2
6.684690000E-1 3.972990000E-2
7.025700000E-1 3.972990000E-2
7.348340000E-1 3.972990000E-2
7.650640000E-1 3.972990000E-2
7.931190000E-1 3.972990000E-2
8.189130000E-1 3.972990000E-2
8.424110000E-1 3.972990000E-2
8.636270000E-1 3.972990000E-2
8.826190000E-1 3.972990000E-2
8.994780000E-1 3.972990000E-2
9.143250000E-1 3.972990000E-2
9.272980000E-1 3.972990000E-2
9.385540000E-1 3.972990000E-2
9.482510000E-1 3.972990000E-2
9.565510000E-1 3.972990000E-2
9.636140000E-1 3.972990000E-2
9.695900000E-1 3.972991000E-2
9.746220000E-1 3.972992000E-2
9.788390000E-1 3.973004000E-2
9.823610000E-1 3.973068000E-2
9.852910000E-1 3.973340000E-2
9.877230000E-1 3.974253000E-2
9.897380000E-1 3.976707000E-2
9.914040000E-1 3.982162000E-2
9.927820000E-1 3.992442000E-2
9.939220000E-1 4.009295000E-2
9.948650000E-1 4.033884000E-2
9.956470000E-1 4.066475000E-2
9.962970000E-1 4.106426000E-2
9.968400000E-1 4.152414000E-2
9.972950000E-1 4.202780000E-2
9.976790000E-1 4.255845000E-2
9.980040000E-1 4.310128000E-2
9.982820000E-1 4.364462000E-2
9.985210000E-1 4.418023000E-2
9.987290000E-1 4.470301000E-2
9.989120000E-1 4.521053000E-2
9.990740000E-1 4.570244000E-2
9.992200000E-1 4.617995000E-2
9.993530000E-1 4.664543000E-2
9.994740000E-1 4.710215000E-2
9.995880000E-1 4.755409000E-2
9.996960000E-1 4.800590000E-2
9.997990000E-1 4.846300000E-2
9.999000000E-1 4.893176000E-2
1.000000000E+0 4.941984000E-2
1.000000000E+0 1.084098400E-1
1.000100000E+0 1.089074000E-1
1.000201000E+0 1.094072400E-1
1.000307000E+0 1.099234400E-1
1.000421000E+0 1.104702700E-1
1.000545000E+0 1.110630900E-1
1.000684000E+0 1.117193100E-1
1.000844000E+0 1.124592800E-1
1.001029000E+0 1.133074000E-1
1.001249000E+0 1.142931700E-1
1.001513000E+0 1.154524700E-1
1.001834000E+0 1.168287400E-1
1.002231000E+0 1.184740900E-1
1.002724000E+0 1.204500100E-1
1.003345000E+0 1.228272600E-1
1.004133000E+0 1.256845300E-1
1.005138000E+0 1.291052000E-1
1.006428000E+0 1.331718600E-1
1.008093000E+0 1.379583800E-1
1.010249000E+0 1.435201500E-1
1.013049000E+0 1.498835800E-1
1.016690000E+0 1.570367400E-1
1.021426000E+0 1.649227900E-1
1.027587000E+0 1.734368900E-1
1.035590000E+0 1.824267900E-1
1.045962000E+0 1.916957500E-1
1.059363000E+0 2.010075400E-1
1.076610000E+0 2.100934200E-1
1.098701000E+0 2.186635400E-1
1.126841000E+0 2.264258100E-1
1.162462000E+0 2.331155700E-1
1.207240000E+0 2.385359100E-1
1.263098000E+0 2.426020700E-1
1.332204000E+0 2.453738700E-1
1.416939000E+0 2.470540500E-1
1.519860000E+0 2.479389000E-1
1.643621000E+0 2.483347100E-1
1.790887000E+0 2.484822000E-1
1.964203000E+0 2.485273400E-1
2.165861000E+0 2.485385900E-1
2.397736000E+0 2.485408700E-1
2.661124000E+0 2.485412500E-1
2.956583000E+0 2.485413000E-1
3.283796000E+0 2.485413000E-1
3.641467000E+0 2.485413000E-1
4.027260000E+0 2.485413000E-1
4.437807000E+0 2.485413000E-1
4.868771000E+0 2.485413000E-1
5.314975000E+0 2.485413000E-1
5.770596000E+0 2.485413000E-1
1.962294040E+2 2.485413000E-1
1.966850250E+2 2.485413000E-1
1.971312290E+2 2.485413000E-1
1.975621930E+2 2.485413000E-1
1.979727400E+2 2.485413100E-1
1.983585330E+2 2.485413300E-1
1.987162040E+2 2.485415600E-1
1.990434170E+2 2.485439800E-1
1.993388760E+2 2.485653600E-1
1.996022640E+2 2.487226700E-1
1.998341390E+2 2.496719800E-1
2.000357970E+2 2.542745800E-1
2.002091130E+2 2.712560000E-1
2.003563790E+2 3.133348100E-1
2.004801400E+2 3.792892400E-1
2.005830610E+2 4.570631400E-1
2.006677960E+2 5.368061500E-1
2.007369020E+2 6.123466300E-1
2.007927600E+2 6.803055200E-1
2.008375380E+2 7.392389900E-1
2.008731590E+2 7.889658700E-1
2.009012990E+2 8.300855000E-1
2.009233900E+2 8.636612500E-1
2.009406370E+2 8.910024500E-1
2.009540380E+2 9.134693100E-1
2.009644100E+2 9.322928200E-1
2.009724130E+2 9.484570600E-1
2.009785740E+2 9.626685900E-1
2.009833100E+2 9.753902900E-1
2.009869510E+2 9.869016700E-1
2.009897510E+2 9.973596200E-1
2.009919070E+2 1.006848050E+0
2.009935720E+2 1.015414500E+0
2.009948620E+2 1.023094700E+0
2.009958670E+2 1.029927410E+0
2.009966550E+2 1.035961440E+0
2.009972760E+2 1.041257220E+0
2.009977690E+2 1.045884650E+0
2.009981660E+2 1.049919310E+0
2.009984870E+2 1.053438300E+0
2.009987510E+2 1.056516720E+0
2.009989710E+2 1.059225160E+0
2.009991560E+2 1.061628370E+0
2.009993160E+2 1.063784820E+0
2.009994550E+2 1.065747110E+0
2.009995790E+2 1.067562930E+0
2.009996930E+2 1.069276370E+0
2.009997990E+2 1.070929770E+0
2.009999000E+2 1.072565870E+0
2.010000000E+2 1.074230790E+0
