0.000E+0 0
1.000E-2 3.19273692E-14
2.000E-2 7.73843466E-14
3.000E-2 1.42240541E-13
4.000E-2 2.34852265E-13
5.000E-2 3.67073463E-13
6.000E-2 5.55695794E-13
7.000E-2 8.24384425E-13
8.000E-2 1.20642716E-12
9.000E-2 1.74851443E-12
1.000E-1 2.51599678E-12
1.100E-1 3.60021816E-12
1.200E-1 5.12880901E-12
1.300E-1 7.28025211E-12
1.400E-1 1.0304687E-11
1.500E-1 1.45539035E-11
1.600E-1 2.05249493E-11
1.700E-1 2.8923958E-11
1.800E-1 4.07600297E-11
1.900E-1 5.7483745E-11
2.000E-1 8.11919158E-11
2.100E-1 1.14930586E-10
2.200E-1 1.63143772E-10
2.300E-1 2.32338507E-10
2.400E-1 3.32071081E-10
2.500E-1 4.76410631E-10
2.600E-1 6.86112507E-10
2.700E-1 9.91847557E-10
2.800E-1 1.43900286E-9
2.900E-1 2.09482177E-9
3.000E-1 3.05902736E-9
3.100E-1 4.47963332E-9
3.200E-1 6.5764822E-9
3.300E-1 9.67629466E-9
3.400E-1 1.42648691E-8
3.500E-1 2.10648355E-8
3.600E-1 3.11514885E-8
3.700E-1 4.6125366E-8
3.800E-1 6.83693973E-8
3.900E-1 1.01432086E-7
4.000E-1 1.50598534E-7
4.100E-1 2.23741428E-7
4.200E-1 3.32589266E-7
4.300E-1 4.9461643E-7
4.400E-1 7.35859974E-7
4.500E-1 1.09511733E-6
