0.000E+0 0
1.000E-2 4.08428071E-13
2.000E-2 9.89832215E-13
3.000E-2 1.81864159E-12
4.000E-2 3.00127303E-12
5.000E-2 4.68986778E-12
6.000E-2 7.1019352E-12
7.000E-2 1.0548457E-11
8.000E-2 1.54741212E-11
9.000E-2 2.25149659E-11
1.000E-1 3.25810398E-11
1.100E-1 4.69750545E-11
1.200E-1 6.75628712E-11
1.300E-1 9.70187087E-11
1.400E-1 1.39178136E-10
1.500E-1 1.99546614E-10
1.600E-1 2.86032566E-10
1.700E-1 4.10004578E-10
1.800E-1 5.87816476E-10
1.900E-1 8.43007779E-10
2.000E-1 1.20947895E-9
2.100E-1 1.73607363E-9
2.200E-1 2.49319143E-9
2.300E-1 3.58233141E-9
2.400E-1 5.14986461E-9
2.500E-1 7.40690873E-9
2.600E-1 1.06580052E-8
2.700E-1 1.53424886E-8
2.800E-1 2.20941475E-8
2.900E-1 3.18272208E-8
3.000E-1 4.58602642E-8
3.100E-1 6.60943683E-8
3.200E-1 9.52691684E-8
3.300E-1 1.37329744E-7
3.400E-1 1.97950644E-7
3.500E-1 2.85280585E-7
3.600E-1 4.10992974E-7
3.700E-1 5.91751665E-7
3.800E-1 8.51222569E-7
3.900E-1 1.22276506E-6
4.000E-1 1.75288973E-6
4.100E-1 2.50540535E-6
4.200E-1 3.56577927E-6
4.300E-1 5.04442096E-6
4.400E-1 7.07616833E-6
4.500E-1 9.81122328E-6
