0.000E+0 0
1.000E-2 7.62800723E-13
2.000E-2 1.84619572E-12
3.000E-2 3.38739145E-12
4.000E-2 5.58222096E-12
5.000E-2 8.71016515E-12
6.000E-2 1.31700674E-11
7.000E-2 1.95311388E-11
8.000E-2 2.86058546E-11
9.000E-2 4.15542299E-11
1.000E-1 6.00331419E-11
1.100E-1 8.64104066E-11
1.200E-1 1.24072059E-10
1.300E-1 1.77863937E-10
1.400E-1 2.54726939E-10
1.500E-1 3.64611733E-10
1.600E-1 5.21796796E-10
1.700E-1 7.46788605E-10
1.800E-1 1.0690621E-9
1.900E-1 1.53101391E-9
2.000E-1 2.19366577E-9
2.100E-1 3.14489389E-9
2.200E-1 4.51130348E-9
2.300E-1 6.47536391E-9
2.400E-1 9.30013528E-9
2.500E-1 1.33649491E-8
2.600E-1 1.9216892E-8
2.700E-1 2.76450828E-8
2.800E-1 3.97878072E-8
2.900E-1 5.72869904E-8
3.000E-1 8.25107981E-8
3.100E-1 1.18874143E-7
3.200E-1 1.71299589E-7
3.300E-1 2.46878958E-7
3.400E-1 3.55820521E-7
3.500E-1 5.12799811E-7
3.600E-1 7.38875158E-7
3.700E-1 1.06418139E-6
3.800E-1 1.53167088E-6
3.900E-1 2.2022123E-6
4.000E-1 3.16133982E-6
4.100E-1 4.52777596E-6
4.200E-1 6.46334778E-6
4.300E-1 9.1827628E-6
4.400E-1 1.29594424E-5
4.500E-1 1.81197398E-5
