0.000E+0 0
1.000E-2 1.19834193E-14
2.000E-2 2.88659127E-14
3.000E-2 5.27425345E-14
4.000E-2 8.6583676E-14
5.000E-2 1.34589674E-13
6.000E-2 2.0268424E-13
7.000E-2 2.99199782E-13
8.000E-2 4.35828443E-13
9.000E-2 6.2894279E-13
1.000E-1 9.01434345E-13
1.100E-1 1.28528462E-12
1.200E-1 1.82518411E-12
1.300E-1 2.58366791E-12
1.400E-1 3.64846949E-12
1.500E-1 5.14314464E-12
1.600E-1 7.24254117E-12
1.700E-1 1.01954663E-11
1.800E-1 1.43580495E-11
1.900E-1 2.02429895E-11
2.000E-1 2.85923746E-11
2.100E-1 4.04854781E-11
2.200E-1 5.74984452E-11
2.300E-1 8.19410143E-11
2.400E-1 1.17207666E-10
2.500E-1 1.68298853E-10
2.600E-1 2.42595189E-10
2.700E-1 3.51007993E-10
2.800E-1 5.09690033E-10
2.900E-1 7.4258029E-10
3.000E-1 1.08519071E-9
3.100E-1 1.59024281E-9
3.200E-1 2.33605979E-9
3.300E-1 3.43906394E-9
3.400E-1 5.07239072E-9
3.500E-1 7.4936168E-9
3.600E-1 1.10860696E-8
3.700E-1 1.64203759E-8
3.800E-1 2.43461704E-8
3.900E-1 3.61287503E-8
4.000E-1 5.36527025E-8
4.100E-1 7.97253192E-8
4.200E-1 1.1852867E-7
4.300E-1 1.76293064E-7
4.400E-1 2.623001E-7
4.500E-1 3.90376029E-7
