0.000E+0 0
1.000E-2 5.17765106E-15
2.000E-2 1.26806528E-14
3.000E-2 2.35626407E-14
4.000E-2 3.93538971E-14
5.000E-2 6.22765867E-14
6.000E-2 9.55571933E-14
7.000E-2 1.43878467E-13
8.000E-2 2.14045157E-13
9.000E-2 3.15933257E-13
1.000E-1 4.63890372E-13
1.100E-1 6.78765818E-13
1.200E-1 9.9087263E-13
1.300E-1 1.44431084E-12
1.400E-1 2.10328358E-12
1.500E-1 3.06133201E-12
1.600E-1 4.45484658E-12
1.700E-1 6.48284394E-12
1.800E-1 9.43592388E-12
1.900E-1 1.37386756E-11
2.000E-1 2.00117873E-11
2.100E-1 2.91630206E-11
2.200E-1 4.25204725E-11
2.300E-1 6.20277935E-11
2.400E-1 9.05301803E-11
2.500E-1 1.32193378E-10
2.600E-1 1.93117581E-10
2.700E-1 2.82236936E-10
2.800E-1 4.12637562E-10
2.900E-1 6.03488887E-10
3.000E-1 8.82873773E-10
3.100E-1 1.29193582E-9
3.200E-1 1.89095697E-9
3.300E-1 2.76826402E-9
3.400E-1 4.05328103E-9
3.500E-1 5.93565757E-9
3.600E-1 8.69330159E-9
3.700E-1 1.27334623E-8
3.800E-1 1.86529383E-8
3.900E-1 2.73263156E-8
4.000E-1 4.00352832E-8
4.100E-1 5.86581497E-8
4.200E-1 8.59475858E-8
4.300E-1 1.25937657E-7
4.400E-1 1.84540319E-7
4.500E-1 2.70419551E-7
