0.000E+0 0
1.000E-2 6.45252093E-15
2.000E-2 1.56639752E-14
3.000E-2 2.88297341E-14
4.000E-2 4.76628162E-14
5.000E-2 7.46180381E-14
6.000E-2 1.13213395E-13
7.000E-2 1.68491049E-13
8.000E-2 2.47678927E-13
9.000E-2 3.61140856E-13
1.000E-1 5.23742041E-13
1.100E-1 7.56812985E-13
1.200E-1 1.09097627E-12
1.300E-1 1.57021824E-12
1.400E-1 2.25775767E-12
1.500E-1 3.24450875E-12
1.600E-1 4.66129026E-12
1.700E-1 6.69644426E-12
1.800E-1 9.62126568E-12
1.900E-1 1.38267102E-11
2.000E-1 1.98763865E-11
2.100E-1 2.85830613E-11
2.200E-1 4.11191146E-11
2.300E-1 5.91760184E-11
2.400E-1 8.51946044E-11
2.500E-1 1.22697554E-10
2.600E-1 1.767695E-10
2.700E-1 2.54750281E-10
2.800E-1 3.67235978E-10
2.900E-1 5.29524335E-10
3.000E-1 7.63701734E-10
3.100E-1 1.10165618E-9
3.200E-1 1.58942656E-9
3.300E-1 2.29347939E-9
3.400E-1 3.30976438E-9
3.500E-1 4.77677256E-9
3.600E-1 6.89435311E-9
3.700E-1 9.95080045E-9
3.800E-1 1.43617889E-8
3.900E-1 2.07262167E-8
4.000E-1 2.99060521E-8
4.100E-1 4.31399834E-8
4.200E-1 6.22041182E-8
4.300E-1 8.96370321E-8
4.400E-1 1.29050516E-7
4.500E-1 1.85549797E-7
