0.000E+0 0
1.000E-2 1.82674817E-12
2.000E-2 4.41354993E-12
3.000E-2 8.07884902E-12
4.000E-2 1.32743582E-11
5.000E-2 2.06407763E-11
6.000E-2 3.10868206E-11
7.000E-2 4.59013755E-11
8.000E-2 6.69127083E-11
9.000E-2 9.67146421E-11
1.000E-1 1.38988051E-10
1.100E-1 1.98958177E-10
1.200E-1 2.8404559E-10
1.300E-1 4.04793408E-10
1.400E-1 5.76188757E-10
1.500E-1 8.19546984E-10
1.600E-1 1.16519928E-9
1.700E-1 1.65632718E-9
1.800E-1 2.35443431E-9
1.900E-1 3.34715546E-9
2.000E-1 4.75940194E-9
2.100E-1 6.76926968E-9
2.200E-1 9.63074607E-9
2.300E-1 1.37061224E-8
2.400E-1 1.95122617E-8
2.500E-1 2.77866456E-8
2.600E-1 3.95816561E-8
2.700E-1 5.63991617E-8
2.800E-1 8.03826263E-8
2.900E-1 1.1459131E-7
3.000E-1 1.63391586E-7
3.100E-1 2.33015303E-7
3.200E-1 3.32356256E-7
3.300E-1 4.74105864E-7
3.400E-1 6.76371573E-7
3.500E-1 9.64981274E-7
3.600E-1 1.37676077E-6
3.700E-1 1.96418783E-6
3.800E-1 2.80198682E-6
3.900E-1 3.99644655E-6
4.000E-1 5.6985378E-6
4.100E-1 8.12229711E-6
4.200E-1 1.15704563E-5
4.300E-1 1.64699709E-5
4.400E-1 2.34210865E-5
4.500E-1 3.3264141E-5
