0.000E+0 0
1.000E-2 3.81036149E-14
2.000E-2 9.27634621E-14
3.000E-2 1.71274676E-13
4.000E-2 2.84134595E-13
5.000E-2 4.46442263E-13
6.000E-2 6.79908976E-13
7.000E-2 1.01574835E-12
8.000E-2 1.49883443E-12
9.000E-2 2.19369158E-12
1.000E-1 3.1931364E-12
1.100E-1 4.63076792E-12
1.200E-1 6.69905389E-12
1.300E-1 9.67556975E-12
1.400E-1 1.39611316E-11
1.500E-1 2.01352974E-11
1.600E-1 2.90372406E-11
1.700E-1 4.18836963E-11
1.800E-1 6.0441069E-11
1.900E-1 8.72766614E-11
2.000E-1 1.26125475E-10
2.100E-1 1.82425827E-10
2.200E-1 2.64101568E-10
2.300E-1 3.82704567E-10
2.400E-1 5.5508356E-10
2.500E-1 8.05822148E-10
2.600E-1 1.17080076E-9
2.700E-1 1.70240125E-9
2.800E-1 2.47711217E-9
2.900E-1 3.60664285E-9
3.000E-1 5.25416618E-9
3.100E-1 7.65805738E-9
3.200E-1 1.11665902E-8
3.300E-1 1.62886496E-8
3.400E-1 2.37678562E-8
3.500E-1 3.46909134E-8
3.600E-1 5.06459799E-8
3.700E-1 7.39541685E-8
3.800E-1 1.08007937E-7
3.900E-1 1.57765728E-7
4.000E-1 2.30475006E-7
4.100E-1 3.36729125E-7
4.200E-1 4.9201213E-7
4.300E-1 7.18956656E-7
4.400E-1 1.05064388E-6
4.500E-1 1.53542597E-6
