0.000E+0 0
1.000E-2 4.9792438E-13
2.000E-2 1.19820349E-12
3.000E-2 2.18343722E-12
4.000E-2 3.56994113E-12
5.000E-2 5.52151311E-12
6.000E-2 8.2688306E-12
7.000E-2 1.21367893E-11
8.000E-2 1.75830466E-11
9.000E-2 2.52523815E-11
1.000E-1 3.60533857E-11
1.100E-1 5.12666956E-11
1.200E-1 7.26977784E-11
1.300E-1 1.02892665E-10
1.400E-1 1.45442619E-10
1.500E-1 2.05414461E-10
1.600E-1 2.89958423E-10
1.700E-1 4.09166848E-10
1.800E-1 5.77287245E-10
1.900E-1 8.14436041E-10
2.000E-1 1.14901969E-9
2.100E-1 1.62115524E-9
2.200E-1 2.28750289E-9
2.300E-1 3.22809377E-9
2.400E-1 4.55597665E-9
2.500E-1 6.43084775E-9
2.600E-1 9.07830837E-9
2.700E-1 1.28170751E-8
2.800E-1 1.80974259E-8
2.900E-1 2.55555229E-8
3.000E-1 3.60901702E-8
3.100E-1 5.09712685E-8
3.200E-1 7.19930631E-8
3.300E-1 1.01690679E-7
3.400E-1 1.43646083E-7
3.500E-1 2.02920407E-7
3.600E-1 2.86664803E-7
3.700E-1 4.04983571E-7
3.800E-1 5.72153707E-7
3.900E-1 8.08348023E-7
4.000E-1 1.14206969E-6
4.100E-1 1.61359183E-6
4.200E-1 2.2798166E-6
4.300E-1 3.22113927E-6
4.400E-1 4.55114304E-6
4.500E-1 6.43028958E-6
