0.000E+0 -0.637030333
1.000E-2 -0.63701894
2.000E-2 -0.637007387
3.000E-2 -0.636995627
4.000E-2 -0.636983606
5.000E-2 -0.636971249
6.000E-2 -0.636958452
7.000E-2 -0.636945065
8.000E-2 -0.63693088
9.000E-2 -0.6369156
1.000E-1 -0.636898805
1.100E-1 -0.636879898
1.200E-1 -0.636858033
1.300E-1 -0.636832005
1.400E-1 -0.636800104
1.500E-1 -0.636759893
1.600E-1 -0.6367079
1.700E-1 -0.636639184
1.800E-1 -0.636546697
1.900E-1 -0.636420397
2.000E-1 -0.636245958
2.100E-1 -0.63600295
2.200E-1 -0.635662227
2.300E-1 -0.635182206
2.400E-1 -0.634503554
2.500E-1 -0.633541614
2.600E-1 -0.632175594
2.700E-1 -0.630233163
2.800E-1 -0.627468507
2.900E-1 -0.623531093
3.000E-1 -0.617921282
3.100E-1 -0.609927379
3.200E-1 -0.598536605
3.300E-1 -0.582309736
3.400E-1 -0.559205643
3.500E-1 -0.526337887
3.600E-1 -0.479641411
3.700E-1 -0.413424863
3.800E-1 -0.31978662
3.900E-1 -0.187887135
4.000E-1 -0.00310871778
4.100E-1 0.25378617
