0.000E+0 -0.615631615
1.000E-2 -0.615629696
2.000E-2 -0.615627767
3.000E-2 -0.615625829
4.000E-2 -0.61562388
5.000E-2 -0.615621919
6.000E-2 -0.615619946
7.000E-2 -0.615617959
8.000E-2 -0.615615955
9.000E-2 -0.615613932
1.000E-1 -0.615611886
1.100E-1 -0.615609811
1.200E-1 -0.615607697
1.300E-1 -0.615605531
1.400E-1 -0.615603294
1.500E-1 -0.61560096
1.600E-1 -0.615598485
1.700E-1 -0.615595812
1.800E-1 -0.615592851
1.900E-1 -0.615589474
2.000E-1 -0.61558549
2.100E-1 -0.615580621
2.200E-1 -0.615574457
2.300E-1 -0.615566393
2.400E-1 -0.615555544
2.500E-1 -0.615540603
2.600E-1 -0.615519653
2.700E-1 -0.61548987
2.800E-1 -0.615447102
2.900E-1 -0.615385243
3.000E-1 -0.615295307
3.100E-1 -0.615164079
3.200E-1 -0.614972117
3.300E-1 -0.614690822
3.400E-1 -0.614278121
3.500E-1 -0.613672123
3.600E-1 -0.612781776
3.700E-1 -0.611473139
3.800E-1 -0.609549165
3.900E-1 -0.606719979
4.000E-1 -0.602559145
4.100E-1 -0.596439328
4.200E-1 -0.587437661
4.300E-1 -0.574196534
4.400E-1 -0.554718822
4.500E-1 -0.526066706
4.600E-1 -0.483918729
4.700E-1 -0.421918463
4.800E-1 -0.33071694
4.900E-1 -0.196565307
5.000E-1 0.000752595922
