0.000E+0 0
1.000E-2 4.29024375E-12
2.000E-2 1.03657205E-11
3.000E-2 1.89719034E-11
4.000E-2 3.11655282E-11
5.000E-2 4.84445565E-11
6.000E-2 7.29324282E-11
7.000E-2 1.07639308E-10
8.000E-2 1.56832548E-10
9.000E-2 2.2656209E-10
1.000E-1 3.25405731E-10
1.100E-1 4.65526383E-10
1.200E-1 6.6417214E-10
1.300E-1 9.45804756E-10
1.400E-1 1.34511988E-9
1.500E-1 1.91133241E-9
1.600E-1 2.71425595E-9
1.700E-1 3.85292509E-9
1.800E-1 5.46781825E-9
1.900E-1 7.7581731E-9
2.000E-1 1.10064914E-8
2.100E-1 1.56131687E-8
2.200E-1 2.21453298E-8
2.300E-1 3.14054953E-8
2.400E-1 4.45277158E-8
2.500E-1 6.31113339E-8
2.600E-1 8.94054309E-8
2.700E-1 1.26559811E-7
2.800E-1 1.78959814E-7
2.900E-1 2.52659525E-7
3.000E-1 3.55915482E-7
3.100E-1 4.99790492E-7
3.200E-1 6.9872804E-7
3.300E-1 9.70869956E-7
3.400E-1 1.33768751E-6
3.500E-1 1.82224588E-6
3.600E-1 2.44527571E-6
3.700E-1 3.21856314E-6
3.800E-1 4.13655738E-6
3.900E-1 5.16966363E-6
4.000E-1 6.26481246E-6
4.100E-1 7.35698557E-6
4.200E-1 8.38815471E-6
4.300E-1 9.32369699E-6
4.400E-1 1.01584767E-5
4.500E-1 1.0912964E-5
