0.000E+0 0
1.000E-2 1.61222266E-13
2.000E-2 3.89391292E-13
3.000E-2 7.12402172E-13
4.000E-2 1.16977174E-12
5.000E-2 1.81748077E-12
6.000E-2 2.73483578E-12
7.000E-2 4.03419462E-12
8.000E-2 5.87475463E-12
9.000E-2 8.48210504E-12
1.000E-1 1.21759615E-11
1.100E-1 1.74095164E-11
1.200E-1 2.48252846E-11
1.300E-1 3.5334375E-11
1.400E-1 5.02290339E-11
1.500E-1 7.13424476E-11
1.600E-1 1.01275667E-10
1.700E-1 1.43719871E-10
1.800E-1 2.03914031E-10
1.900E-1 2.89294905E-10
2.000E-1 4.10420177E-10
2.100E-1 5.82279568E-10
2.200E-1 8.26156981E-10
2.300E-1 1.17227535E-9
2.400E-1 1.66355317E-9
2.500E-1 2.36094009E-9
2.600E-1 3.35099553E-9
2.700E-1 4.75665298E-9
2.800E-1 6.75250988E-9
2.900E-1 9.58654538E-9
3.000E-1 1.36109686E-8
3.100E-1 1.93260363E-8
3.200E-1 2.74422929E-8
3.300E-1 3.8968978E-8
3.400E-1 5.53396047E-8
3.500E-1 7.85903335E-8
3.600E-1 1.11613342E-7
3.700E-1 1.58516713E-7
3.800E-1 2.25135629E-7
3.900E-1 3.19758461E-7
4.000E-1 4.54158064E-7
4.100E-1 6.45056559E-7
4.200E-1 9.16205648E-7
4.300E-1 1.30134098E-6
4.400E-1 1.84837739E-6
4.500E-1 2.62536537E-6
