0.000E+0 -0.754276256
1.000E-2 -0.754275454
2.000E-2 -0.754274625
3.000E-2 -0.754273761
4.000E-2 -0.754272849
5.000E-2 -0.754271871
6.000E-2 -0.754270802
7.000E-2 -0.754269604
8.000E-2 -0.754268227
9.000E-2 -0.754266595
1.000E-1 -0.754264604
1.100E-1 -0.754262101
1.200E-1 -0.754258873
1.300E-1 -0.754254611
1.400E-1 -0.754248877
1.500E-1 -0.754241045
1.600E-1 -0.754230221
1.700E-1 -0.754215129
1.800E-1 -0.754193945
1.900E-1 -0.754164068
2.000E-1 -0.754121782
2.100E-1 -0.75406178
2.200E-1 -0.753976484
2.300E-1 -0.753855073
2.400E-1 -0.753682094
2.500E-1 -0.753435479
2.600E-1 -0.753083716
2.700E-1 -0.752581802
2.800E-1 -0.751865479
2.900E-1 -0.750842985
3.000E-1 -0.749383302
3.100E-1 -0.747299367
3.200E-1 -0.744324135
3.300E-1 -0.740076428
3.400E-1 -0.734012286
3.500E-1 -0.725355666
3.600E-1 -0.712999856
3.700E-1 -0.695367385
3.800E-1 -0.670211208
3.900E-1 -0.634332975
4.000E-1 -0.583184344
4.100E-1 -0.510303573
4.200E-1 -0.406520971
4.300E-1 -0.258842473
4.400E-1 -0.048892072
4.500E-1 0.249235745
