0.000E+0 0
1.000E-2 7.80619993E-16
2.000E-2 1.91281915E-15
3.000E-2 3.55693795E-15
4.000E-2 5.94597922E-15
5.000E-2 9.4182743E-15
6.000E-2 1.44647501E-14
7.000E-2 2.17973312E-14
8.000E-2 3.24479804E-14
9.000E-2 4.79122406E-14
1.000E-1 7.03575828E-14
1.100E-1 1.02926402E-13
1.200E-1 1.5017767E-13
1.300E-1 2.18732345E-13
1.400E-1 3.18218942E-13
1.500E-1 4.62662243E-13
1.600E-1 6.7252703E-13
1.700E-1 9.77730774E-13
1.800E-1 1.42208991E-12
1.900E-1 2.06988708E-12
2.000E-1 3.01557572E-12
2.100E-1 4.39812525E-12
2.200E-1 6.42223012E-12
2.300E-1 9.38967243E-12
2.400E-1 1.37457062E-11
2.500E-1 2.01476692E-11
2.600E-1 2.95664887E-11
2.700E-1 4.34368729E-11
2.800E-1 6.38795649E-11
2.900E-1 9.40302714E-11
3.000E-1 1.3852651E-10
3.100E-1 2.04228241E-10
3.200E-1 3.01284622E-10
3.300E-1 4.44713198E-10
3.400E-1 6.56737772E-10
3.500E-1 9.70249564E-10
3.600E-1 1.43393144E-9
3.700E-1 2.11984434E-9
3.800E-1 3.13465901E-9
3.900E-1 4.63628398E-9
4.000E-1 6.85848147E-9
4.100E-1 1.01473052E-8
4.200E-1 1.50150314E-8
4.300E-1 2.22199645E-8
4.400E-1 3.28845015E-8
4.500E-1 4.86697239E-8
