0.000E+0 -0.339277345
1.000E-2 -0.339252689
2.000E-2 -0.339227851
3.000E-2 -0.339202717
4.000E-2 -0.33917721
5.000E-2 -0.339151258
6.000E-2 -0.339124752
7.000E-2 -0.339097531
8.000E-2 -0.339069344
9.000E-2 -0.339039936
1.000E-1 -0.33900884
1.100E-1 -0.338975494
1.200E-1 -0.338939025
1.300E-1 -0.338898294
1.400E-1 -0.338851633
1.500E-1 -0.338796715
1.600E-1 -0.338730235
1.700E-1 -0.338647468
1.800E-1 -0.338541779
1.900E-1 -0.338403638
2.000E-1 -0.338219407
2.100E-1 -0.337969607
2.200E-1 -0.337626299
2.300E-1 -0.337149376
2.400E-1 -0.336481217
2.500E-1 -0.335538985
2.600E-1 -0.334203454
2.700E-1 -0.33230309
2.800E-1 -0.329590769
2.900E-1 -0.325710477
3.000E-1 -0.32014915
3.100E-1 -0.312167179
3.200E-1 -0.300698233
3.300E-1 -0.284204693
3.400E-1 -0.260469289
3.500E-1 -0.226294724
3.600E-1 -0.17707112
3.700E-1 -0.106153678
3.800E-1 -0.00396856288
3.900E-1 0.143268736
