0.000E+0 0
1.000E-2 1.34186757E-12
2.000E-2 3.26485231E-12
3.000E-2 6.02279026E-12
4.000E-2 9.98033702E-12
5.000E-2 1.56613313E-11
6.000E-2 2.38182789E-11
7.000E-2 3.55322033E-11
8.000E-2 5.23561786E-11
9.000E-2 7.65217343E-11
1.000E-1 1.11235803E-10
1.100E-1 1.6110814E-10
1.200E-1 2.32766855E-10
1.300E-1 3.3574529E-10
1.400E-1 4.83760435E-10
1.500E-1 6.96556456E-10
1.600E-1 1.00256391E-9
1.700E-1 1.44273633E-9
1.800E-1 2.07608597E-9
1.900E-1 2.98767151E-9
2.000E-1 4.3001226E-9
2.100E-1 6.19026498E-9
2.200E-1 8.91309672E-9
2.300E-1 1.28363515E-8
2.400E-1 1.84902928E-8
2.500E-1 2.6639383E-8
2.600E-1 3.83852988E-8
2.700E-1 5.53147045E-8
2.800E-1 7.97106137E-8
2.900E-1 1.1485341E-7
3.000E-1 1.65446877E-7
3.100E-1 2.38215557E-7
3.200E-1 3.42730801E-7
3.300E-1 4.92529091E-7
3.400E-1 7.06576749E-7
3.500E-1 1.01108656E-6
3.600E-1 1.44156071E-6
3.700E-1 2.04464703E-6
3.800E-1 2.87885161E-6
3.900E-1 4.01227066E-6
4.000E-1 5.51440603E-6
4.100E-1 7.43858341E-6
4.200E-1 9.79349017E-6
4.300E-1 1.25110713E-5
4.400E-1 1.54327324E-5
4.500E-1 1.8342647E-5
