0.000E+0 0
1.000E-2 4.08521736E-12
2.000E-2 9.88446861E-12
3.000E-2 1.8133488E-11
4.000E-2 2.98825608E-11
5.000E-2 4.66304505E-11
6.000E-2 7.05152794E-11
7.000E-2 1.04586717E-10
8.000E-2 1.53194417E-10
9.000E-2 2.22542988E-10
1.000E-1 3.21486005E-10
1.100E-1 4.62663997E-10
1.200E-1 6.64138403E-10
1.300E-1 9.51742227E-10
1.400E-1 1.36246793E-9
1.500E-1 1.94935829E-9
1.600E-1 2.78857645E-9
1.700E-1 3.98963683E-9
1.800E-1 5.7102206E-9
1.900E-1 8.17764004E-9
2.000E-1 1.17199444E-8
2.100E-1 1.68110039E-8
2.200E-1 2.41358573E-8
2.300E-1 3.46854252E-8
2.400E-1 4.98937703E-8
2.500E-1 7.18369611E-8
2.600E-1 1.03521059E-7
2.700E-1 1.49298864E-7
2.800E-1 2.15472313E-7
2.900E-1 3.11161755E-7
3.000E-1 4.49557224E-7
3.100E-1 6.4971293E-7
3.200E-1 9.39106989E-7
3.300E-1 1.35726406E-6
3.400E-1 1.96082342E-6
3.500E-1 2.83051011E-6
3.600E-1 4.08048635E-6
3.700E-1 5.87046489E-6
3.800E-1 8.42038396E-6
3.900E-1 1.20269279E-5
4.000E-1 1.70790681E-5
4.100E-1 2.40683433E-5
4.200E-1 3.35878254E-5
4.300E-1 4.63140963E-5
4.400E-1 6.29684271E-5
4.500E-1 8.42500906E-5
