0.000E+0 -0.702940061
1.000E-2 -0.702938586
2.000E-2 -0.702936991
3.000E-2 -0.70293523
4.000E-2 -0.702933238
5.000E-2 -0.702930926
6.000E-2 -0.702928166
7.000E-2 -0.702924779
8.000E-2 -0.702920514
9.000E-2 -0.702915019
1.000E-1 -0.702907797
1.100E-1 -0.702898152
1.200E-1 -0.702885103
1.300E-1 -0.702867274
1.400E-1 -0.702842727
1.500E-1 -0.702808741
1.600E-1 -0.702761489
1.700E-1 -0.702695593
1.800E-1 -0.702603488
1.900E-1 -0.702474544
2.000E-1 -0.702293815
2.100E-1 -0.702040288
2.200E-1 -0.701684425
2.300E-1 -0.701184699
2.400E-1 -0.700482728
2.500E-1 -0.699496439
2.600E-1 -0.698110449
2.700E-1 -0.696162547
2.800E-1 -0.693424693
2.900E-1 -0.689576296
3.000E-1 -0.684166662
3.100E-1 -0.676562191
3.200E-1 -0.665872154
3.300E-1 -0.650844352
3.400E-1 -0.629718448
3.500E-1 -0.600019792
3.600E-1 -0.558269636
3.700E-1 -0.499577844
3.800E-1 -0.417070513
3.900E-1 -0.301085721
4.000E-1 -0.138043691
4.100E-1 0.0911399963
