0.000E+0 0
1.000E-2 1.7964175E-13
2.000E-2 4.30558636E-13
3.000E-2 7.81265354E-13
4.000E-2 1.27168768E-12
5.000E-2 1.95773279E-12
6.000E-2 2.91769396E-12
7.000E-2 4.26122883E-12
8.000E-2 6.14194959E-12
9.000E-2 8.77508458E-12
1.000E-1 1.24622631E-11
1.100E-1 1.76263085E-11
1.200E-1 2.48600946E-11
1.300E-1 3.49951713E-11
1.400E-1 4.91981729E-11
1.500E-1 6.91062853E-11
1.600E-1 9.7017609E-11
1.700E-1 1.3615869E-10
1.800E-1 1.9106051E-10
1.900E-1 2.68086934E-10
2.000E-1 3.76177424E-10
2.100E-1 5.27890934E-10
2.200E-1 7.40873116E-10
2.300E-1 1.03991846E-9
2.400E-1 1.45986864E-9
2.500E-1 2.04968585E-9
2.600E-1 2.87817739E-9
2.700E-1 4.04203997E-9
2.800E-1 5.67716221E-9
2.900E-1 7.97450217E-9
3.000E-1 1.12023851E-8
3.100E-1 1.57378052E-8
3.200E-1 2.21103423E-8
3.300E-1 3.10637269E-8
3.400E-1 4.36420486E-8
3.500E-1 6.13102771E-8
3.600E-1 8.61223699E-8
3.700E-1 1.20955006E-7
3.800E-1 1.69831089E-7
3.900E-1 2.38364624E-7
4.000E-1 3.34366926E-7
4.100E-1 4.68661899E-7
4.200E-1 6.56161972E-7
4.300E-1 9.17249396E-7
4.400E-1 1.27947838E-6
4.500E-1 1.77954478E-6
