0.000E+0 -0.224994635
1.000E-2 -0.224983667
2.000E-2 -0.22497261
3.000E-2 -0.224961451
4.000E-2 -0.22495017
5.000E-2 -0.224938743
6.000E-2 -0.224927135
7.000E-2 -0.224915299
8.000E-2 -0.224903172
9.000E-2 -0.22489067
1.000E-1 -0.224877675
1.100E-1 -0.224864032
1.200E-1 -0.224849528
1.300E-1 -0.224833872
1.400E-1 -0.224816668
1.500E-1 -0.224797371
1.600E-1 -0.224775229
1.700E-1 -0.224749195
1.800E-1 -0.224717805
1.900E-1 -0.224679003
2.000E-1 -0.224629883
2.100E-1 -0.224566321
2.200E-1 -0.224482443
2.300E-1 -0.224369859
2.400E-1 -0.224216551
2.500E-1 -0.224005266
2.600E-1 -0.223711196
2.700E-1 -0.223298611
2.800E-1 -0.222715986
2.900E-1 -0.22188894
3.000E-1 -0.220709991
3.100E-1 -0.219023709
3.200E-1 -0.216605177
3.300E-1 -0.213128732
3.400E-1 -0.208122626
3.500E-1 -0.200903205
3.600E-1 -0.1904794
3.700E-1 -0.175414094
3.800E-1 -0.153622914
3.900E-1 -0.122082231
4.000E-1 -0.0764054551
4.100E-1 -0.0102284051
4.200E-1 0.0856818798
