0.000E+0 0
1.000E-2 2.5531806E-16
2.000E-2 6.25273981E-16
3.000E-2 1.1627435E-15
4.000E-2 1.94486811E-15
5.000E-2 3.08412904E-15
6.000E-2 4.7444577E-15
7.000E-2 7.16467916E-15
8.000E-2 1.0692648E-14
9.000E-2 1.58350061E-14
1.000E-1 2.33298248E-14
1.100E-1 3.42528661E-14
1.200E-1 5.01733973E-14
1.300E-1 7.33832679E-14
1.400E-1 1.07234607E-13
1.500E-1 1.56638913E-13
1.600E-1 2.28806296E-13
1.700E-1 3.34342361E-13
1.800E-1 4.88877812E-13
1.900E-1 7.15491577E-13
2.000E-1 1.0483157E-12
2.100E-1 1.53790011E-12
2.200E-1 2.25919813E-12
2.300E-1 3.323455E-12
2.400E-1 4.89591017E-12
2.500E-1 7.22216032E-12
2.600E-1 1.06674265E-11
2.700E-1 1.57750494E-11
2.800E-1 2.33536388E-11
2.900E-1 3.46069245E-11
3.000E-1 5.13272468E-11
3.100E-1 7.61838867E-11
3.200E-1 1.13152729E-10
3.300E-1 1.68156526E-10
3.400E-1 2.50018919E-10
3.500E-1 3.71885806E-10
3.600E-1 5.53342543E-10
3.700E-1 8.23566556E-10
3.800E-1 1.22601932E-9
3.900E-1 1.8254238E-9
4.000E-1 2.71812833E-9
4.100E-1 4.04747282E-9
4.200E-1 6.02651041E-9
4.300E-1 8.97146925E-9
4.400E-1 1.33507291E-8
4.500E-1 1.98558394E-8
