0.000E+0 0
1.000E-2 1.662594E-15
2.000E-2 4.06846173E-15
3.000E-2 7.55930844E-15
4.000E-2 1.26330602E-14
5.000E-2 2.00148421E-14
6.000E-2 3.07600754E-14
7.000E-2 4.64042631E-14
8.000E-2 6.91807441E-14
9.000E-2 1.02337609E-13
1.000E-1 1.50599676E-13
1.100E-1 2.20843354E-13
1.200E-1 3.23084998E-13
1.300E-1 4.71932453E-13
1.400E-1 6.88723043E-13
1.500E-1 1.0046812E-12
1.600E-1 1.46559313E-12
1.700E-1 2.1387404E-12
1.800E-1 3.12319811E-12
1.900E-1 4.56514432E-12
2.000E-1 6.68063212E-12
2.100E-1 9.78947361E-12
2.200E-1 1.43656699E-11
2.300E-1 2.1112481E-11
2.400E-1 3.10741938E-11
2.500E-1 4.58025576E-11
2.600E-1 6.76046664E-11
2.700E-1 9.99121979E-11
2.800E-1 1.47831494E-10
2.900E-1 2.18963135E-10
3.000E-1 3.2462314E-10
3.100E-1 4.81662696E-10
3.200E-1 7.15179841E-10
3.300E-1 1.06256028E-9
3.400E-1 1.57949852E-9
3.500E-1 2.34896897E-9
3.600E-1 3.49458983E-9
3.700E-1 5.20052535E-9
3.800E-1 7.74111182E-9
3.900E-1 1.15249287E-8
4.000E-1 1.71602901E-8
4.100E-1 2.55524189E-8
4.200E-1 3.80472926E-8
4.300E-1 5.66438354E-8
4.400E-1 8.43052742E-8
4.500E-1 1.25412345E-7
