0.000E+0 0
1.000E-2 6.38237681E-14
2.000E-2 1.54006762E-13
3.000E-2 2.81907995E-13
4.000E-2 4.63676442E-13
5.000E-2 7.22212779E-13
6.000E-2 1.08990824E-12
7.000E-2 1.61246031E-12
8.000E-2 2.35418204E-12
9.000E-2 3.40538972E-12
1.000E-1 4.89269955E-12
1.100E-1 6.9934298E-12
1.200E-1 9.95585735E-12
1.300E-1 1.41279156E-11
1.400E-1 1.99981933E-11
1.500E-1 2.82550146E-11
1.600E-1 3.9872256E-11
1.700E-1 5.62348276E-11
1.800E-1 7.93230621E-11
1.900E-1 1.11984573E-10
2.000E-1 1.5833591E-10
2.100E-1 2.24356752E-10
2.200E-1 3.18769678E-10
2.300E-1 4.54343719E-10
2.400E-1 6.49827097E-10
2.500E-1 9.32814778E-10
2.600E-1 1.34400571E-9
2.700E-1 1.943527E-9
2.800E-1 2.82033337E-9
2.900E-1 4.10618386E-9
3.000E-1 5.99643232E-9
3.100E-1 8.78096327E-9
3.200E-1 1.28902356E-8
3.300E-1 1.89638258E-8
3.400E-1 2.7952479E-8
3.500E-1 4.12700658E-8
3.600E-1 6.1019853E-8
3.700E-1 9.03314244E-8
3.800E-1 1.33862294E-7
3.900E-1 1.9854453E-7
4.000E-1 2.94695589E-7
4.100E-1 4.3766991E-7
4.200E-1 6.50311937E-7
4.300E-1 9.66593661E-7
4.400E-1 1.43699575E-6
4.500E-1 2.1364394E-6
