0.000E+0 0
1.000E-2 1.41080466E-12
2.000E-2 3.43358014E-12
3.000E-2 6.33590266E-12
4.000E-2 1.05022849E-11
5.000E-2 1.64852605E-11
6.000E-2 2.50787992E-11
7.000E-2 3.74238349E-11
8.000E-2 5.51600016E-11
9.000E-2 8.06438843E-11
1.000E-1 1.1726308E-10
1.100E-1 1.69888333E-10
1.200E-1 2.4552477E-10
1.300E-1 3.54250343E-10
1.400E-1 5.10568727E-10
1.500E-1 7.35360428E-10
1.600E-1 1.05869739E-9
1.700E-1 1.52390401E-9
1.800E-1 2.19341716E-9
1.900E-1 3.15724215E-9
2.000E-1 4.545154E-9
2.100E-1 6.5443002E-9
2.200E-1 9.4245898E-9
2.300E-1 1.35752992E-8
2.400E-1 1.95578197E-8
2.500E-1 2.81816008E-8
2.600E-1 4.06133531E-8
2.700E-1 5.85337944E-8
2.800E-1 8.43620391E-8
2.900E-1 1.2157558E-7
3.000E-1 1.75164E-7
3.100E-1 2.52266933E-7
3.200E-1 3.63059976E-7
3.300E-1 5.21961967E-7
3.400E-1 7.49232988E-7
3.500E-1 1.07299256E-6
3.600E-1 1.5315695E-6
3.700E-1 2.17582499E-6
3.800E-1 3.07056069E-6
3.900E-1 4.29321921E-6
4.000E-1 5.92682833E-6
4.100E-1 8.04285778E-6
4.200E-1 1.0670677E-5
4.300E-1 1.37567083E-5
4.400E-1 1.71347474E-5
4.500E-1 2.05480287E-5
