0.000E+0 0
1.000E-2 2.31217896E-14
2.000E-2 5.57422683E-14
3.000E-2 1.01843807E-13
4.000E-2 1.67036207E-13
5.000E-2 2.59170368E-13
6.000E-2 3.89216951E-13
7.000E-2 5.72448418E-13
8.000E-2 8.30062354E-13
9.000E-2 1.19140971E-12
1.000E-1 1.69706801E-12
1.100E-1 2.40311075E-12
1.200E-1 3.38709402E-12
1.300E-1 4.75653901E-12
1.400E-1 6.66086162E-12
1.500E-1 9.30963872E-12
1.600E-1 1.29972341E-11
1.700E-1 1.81406721E-11
1.800E-1 2.53343916E-11
1.900E-1 3.54309107E-11
2.000E-1 4.9659666E-11
2.100E-1 6.98020616E-11
2.200E-1 9.84497559E-11
2.300E-1 1.39385824E-10
2.400E-1 1.98147817E-10
2.500E-1 2.82860349E-10
2.600E-1 4.05466155E-10
2.700E-1 5.83548839E-10
2.800E-1 8.43031702E-10
2.900E-1 1.22217648E-9
3.000E-1 1.77750935E-9
3.100E-1 2.59260591E-9
3.200E-1 3.79111854E-9
3.300E-1 5.55609713E-9
3.400E-1 8.15864962E-9
3.500E-1 1.2000463E-8
3.600E-1 1.7676895E-8
3.700E-1 2.60705985E-8
3.800E-1 3.84904647E-8
3.900E-1 5.68778374E-8
4.000E-1 8.41125857E-8
4.100E-1 1.24467412E-7
4.200E-1 1.84282214E-7
4.300E-1 2.72965117E-7
4.400E-1 4.04478459E-7
4.500E-1 5.99544677E-7
