0.000E+0 0
1.000E-2 2.9594327E-14
2.000E-2 7.21747052E-14
3.000E-2 1.33501016E-13
4.000E-2 2.21877974E-13
5.000E-2 3.49274384E-13
6.000E-2 5.32933699E-13
7.000E-2 7.97692407E-13
8.000E-2 1.17931957E-12
9.000E-2 1.72933188E-12
1.000E-1 2.52194482E-12
1.100E-1 3.66412247E-12
1.200E-1 5.31013103E-12
1.300E-1 7.68264993E-12
1.400E-1 1.11034449E-11
1.500E-1 1.60379982E-11
1.600E-1 2.31605231E-11
1.700E-1 3.34487583E-11
1.800E-1 4.83222697E-11
1.900E-1 6.98443079E-11
2.000E-1 1.01016506E-10
2.100E-1 1.46209186E-10
2.200E-1 2.11789756E-10
2.300E-1 3.07040493E-10
2.400E-1 4.45499098E-10
2.500E-1 6.46917011E-10
2.600E-1 9.4012038E-10
2.700E-1 1.36719018E-9
2.800E-1 1.98957011E-9
2.900E-1 2.89699191E-9
3.000E-1 4.22051837E-9
3.100E-1 6.15160438E-9
3.200E-1 8.96995353E-9
3.300E-1 1.30842292E-8
3.400E-1 1.90915516E-8
3.500E-1 2.78644465E-8
3.600E-1 4.06779065E-8
3.700E-1 5.93950504E-8
3.800E-1 8.67383677E-8
3.900E-1 1.26685916E-7
4.000E-1 1.85049851E-7
4.100E-1 2.70320812E-7
4.200E-1 3.94899568E-7
4.300E-1 5.76891965E-7
4.400E-1 8.42721813E-7
4.500E-1 1.23092894E-6
