0.000E+0 0
1.000E-2 1.18651451E-13
2.000E-2 2.88931854E-13
3.000E-2 5.33581082E-13
4.000E-2 8.85305213E-13
5.000E-2 1.39111882E-12
6.000E-2 2.1185736E-12
7.000E-2 3.16469642E-12
8.000E-2 4.66882475E-12
9.000E-2 6.83105942E-12
1.000E-1 9.93883188E-12
1.100E-1 1.44052216E-11
1.200E-1 2.08243294E-11
1.300E-1 3.00514616E-11
1.400E-1 4.33194701E-11
1.500E-1 6.24078475E-11
1.600E-1 8.98888536E-11
1.700E-1 1.29486158E-10
1.800E-1 1.86597831E-10
1.900E-1 2.69059387E-10
2.000E-1 3.88257389E-10
2.100E-1 5.60755026E-10
2.200E-1 8.10665386E-10
2.300E-1 1.17311679E-9
2.400E-1 1.69931337E-9
2.500E-1 2.46392619E-9
2.600E-1 3.57588929E-9
2.700E-1 5.19417123E-9
2.800E-1 7.55081705E-9
2.900E-1 1.09846147E-8
3.000E-1 1.5990288E-8
3.100E-1 2.32903807E-8
3.200E-1 3.39403009E-8
3.300E-1 4.94818251E-8
3.400E-1 7.21674191E-8
3.500E-1 1.05288036E-7
3.600E-1 1.536521E-7
3.700E-1 2.24285335E-7
3.800E-1 3.27453118E-7
3.900E-1 4.78153654E-7
4.000E-1 6.98298057E-7
4.100E-1 1.01989181E-6
4.200E-1 1.48967425E-6
4.300E-1 2.17587771E-6
4.400E-1 3.17806105E-6
4.500E-1 4.64138928E-6
