0.000E+0 0
1.000E-2 1.10977336E-14
2.000E-2 2.68636179E-14
3.000E-2 4.92979402E-14
4.000E-2 8.12523389E-14
5.000E-2 1.26766418E-13
6.000E-2 1.91558716E-13
7.000E-2 2.83713499E-13
8.000E-2 4.14644488E-13
9.000E-2 6.00456289E-13
1.000E-1 8.63874672E-13
1.100E-1 1.23699862E-12
1.200E-1 1.76524868E-12
1.300E-1 2.5130684E-12
1.400E-1 3.57220649E-12
1.500E-1 5.07380953E-12
1.600E-1 7.20614655E-12
1.700E-1 1.02406586E-11
1.800E-1 1.45701248E-11
1.900E-1 2.07657912E-11
2.000E-1 2.9659925E-11
2.100E-1 4.24691191E-11
2.200E-1 6.0974316E-11
2.300E-1 8.77935292E-11
2.400E-1 1.26770717E-10
2.500E-1 1.83564337E-10
2.600E-1 2.66510308E-10
2.700E-1 3.87899228E-10
2.800E-1 5.65865192E-10
2.900E-1 8.27179851E-10
3.000E-1 1.21138575E-9
3.100E-1 1.77691262E-9
3.200E-1 2.6101284E-9
3.300E-1 3.83873485E-9
3.400E-1 5.65159485E-9
3.500E-1 8.3280815E-9
3.600E-1 1.22815246E-8
3.700E-1 1.8123529E-8
3.800E-1 2.67591959E-8
3.900E-1 3.95281E-8
4.000E-1 5.84130146E-8
4.100E-1 8.63489498E-8
4.200E-1 1.27680722E-7
4.300E-1 1.88840449E-7
4.400E-1 2.79350687E-7
4.500E-1 4.13309739E-7
