0.000E+0 0
1.000E-2 1.11666803E-14
2.000E-2 2.70346733E-14
3.000E-2 4.96202328E-14
4.000E-2 8.17986188E-14
5.000E-2 1.27644394E-13
6.000E-2 1.92927918E-13
7.000E-2 2.85810186E-13
8.000E-2 4.17818547E-13
9.000E-2 6.05225885E-13
1.000E-1 8.71007185E-13
1.100E-1 1.2476305E-12
1.200E-1 1.78106297E-12
1.300E-1 2.5365576E-12
1.400E-1 3.6070619E-12
1.500E-1 5.12549777E-12
1.600E-1 7.28276349E-12
1.700E-1 1.03541939E-11
1.800E-1 1.47383809E-11
1.900E-1 2.10150363E-11
2.000E-1 3.00291155E-11
2.100E-1 4.30159362E-11
2.200E-1 6.17841852E-11
2.300E-1 8.89929698E-11
2.400E-1 1.28547111E-10
2.500E-1 1.86195179E-10
2.600E-1 2.70406559E-10
2.700E-1 3.93669507E-10
2.800E-1 5.74410767E-10
2.900E-1 8.39835631E-10
3.000E-1 1.23012862E-9
3.100E-1 1.80467029E-9
3.200E-1 2.65123675E-9
3.300E-1 3.89961521E-9
3.400E-1 5.74175704E-9
3.500E-1 8.46160941E-9
3.600E-1 1.24792762E-8
3.700E-1 1.84163945E-8
3.800E-1 2.71929232E-8
3.900E-1 4.01704411E-8
4.000E-1 5.93643093E-8
4.100E-1 8.77578002E-8
4.200E-1 1.29767206E-7
4.300E-1 1.91930499E-7
4.400E-1 2.83927009E-7
4.500E-1 4.20087211E-7
