0.000E+0 0
1.000E-2 6.55526133E-14
2.000E-2 1.60103437E-13
3.000E-2 2.96640616E-13
4.000E-2 4.93936644E-13
5.000E-2 7.79106478E-13
6.000E-2 1.19129202E-12
7.000E-2 1.78697028E-12
8.000E-2 2.64760572E-12
9.000E-2 3.89069371E-12
1.000E-1 5.6857216E-12
1.100E-1 8.27728054E-12
1.200E-1 1.20186041E-11
1.300E-1 1.74203501E-11
1.400E-1 2.52217173E-11
1.500E-1 3.64943381E-11
1.600E-1 5.27943226E-11
1.700E-1 7.63850723E-11
1.800E-1 1.10564121E-10
1.900E-1 1.60142869E-10
2.000E-1 2.3215102E-10
2.100E-1 3.36871203E-10
2.200E-1 4.89358846E-10
2.300E-1 7.11675187E-10
2.400E-1 1.03616857E-9
2.500E-1 1.51029673E-9
2.600E-1 2.2037148E-9
2.700E-1 3.21869481E-9
2.800E-1 4.70544421E-9
2.900E-1 6.88462888E-9
3.000E-1 1.00804914E-8
3.100E-1 1.47695522E-8
3.200E-1 2.1652228E-8
3.300E-1 3.1758157E-8
3.400E-1 4.66010953E-8
3.500E-1 6.8406717E-8
3.600E-1 1.00447625E-7
3.700E-1 1.47536002E-7
3.800E-1 2.16748033E-7
3.900E-1 3.18488972E-7
4.000E-1 4.6805874E-7
4.100E-1 6.87952553E-7
4.200E-1 1.01124012E-6
4.300E-1 1.48652576E-6
4.400E-1 2.18522196E-6
4.500E-1 3.2122005E-6
