0.000E+0 0
1.000E-2 3.63070157E-12
2.000E-2 8.61700158E-12
3.000E-2 1.54815396E-11
4.000E-2 2.49480507E-11
5.000E-2 3.80187946E-11
6.000E-2 5.60820358E-11
7.000E-2 8.10614616E-11
8.000E-2 1.15624252E-10
9.000E-2 1.63471363E-10
1.000E-1 2.2974327E-10
1.100E-1 3.2158815E-10
1.200E-1 4.4895886E-10
1.300E-1 6.25732425E-10
1.400E-1 8.71284365E-10
1.500E-1 1.2127045E-9
1.600E-1 1.68791749E-9
1.700E-1 2.35007917E-9
1.800E-1 3.27377194E-9
1.900E-1 4.56373699E-9
2.000E-1 6.3671837E-9
2.100E-1 8.89114379E-9
2.200E-1 1.24269408E-8
2.300E-1 1.73846961E-8
2.400E-1 2.43419928E-8
2.500E-1 3.41125148E-8
2.600E-1 4.78428666E-8
2.700E-1 6.7149154E-8
2.800E-1 9.43096645E-8
2.900E-1 1.32536699E-7
3.000E-1 1.8636007E-7
3.100E-1 2.62168133E-7
3.200E-1 3.68971026E-7
3.300E-1 5.19477271E-7
3.400E-1 7.3161218E-7
3.500E-1 1.03065889E-6
3.600E-1 1.45227629E-6
3.700E-1 2.04675101E-6
3.800E-1 2.88498391E-6
3.900E-1 4.06691021E-6
4.000E-1 5.73332632E-6
4.100E-1 8.08246849E-6
4.200E-1 1.13931874E-5
4.300E-1 1.60572143E-5
4.400E-1 2.26238324E-5
4.500E-1 3.18612285E-5
