0.000E+0 0
1.000E-2 2.87583241E-15
2.000E-2 7.04793557E-15
3.000E-2 1.31062296E-14
4.000E-2 2.1908376E-14
5.000E-2 3.47009538E-14
6.000E-2 5.32954798E-14
7.000E-2 8.03229845E-14
8.000E-2 1.19610718E-13
9.000E-2 1.76717633E-13
1.000E-1 2.59728253E-13
1.100E-1 3.80404986E-13
1.200E-1 5.55874138E-13
1.300E-1 8.11094178E-13
1.400E-1 1.18247366E-12
1.500E-1 1.72317948E-12
1.600E-1 2.51093124E-12
1.700E-1 3.65945187E-12
1.800E-1 5.33529517E-12
1.900E-1 7.78258028E-12
2.000E-1 1.13593521E-11
2.100E-1 1.65910379E-11
2.200E-1 2.42490425E-11
2.300E-1 3.54663144E-11
2.400E-1 5.19072846E-11
2.500E-1 7.60177773E-11
2.600E-1 1.11392553E-10
2.700E-1 1.63315876E-10
2.800E-1 2.39556611E-10
2.900E-1 3.5153773E-10
3.000E-1 5.160566E-10
3.100E-1 7.57815521E-10
3.200E-1 1.11314422E-9
3.300E-1 1.63547588E-9
3.400E-1 2.40340278E-9
3.500E-1 3.53252707E-9
3.600E-1 5.19289461E-9
3.700E-1 7.63464248E-9
3.800E-1 1.12257302E-8
3.900E-1 1.65074489E-8
4.000E-1 2.42760828E-8
4.100E-1 3.57030482E-8
4.200E-1 5.25116391E-8
4.300E-1 7.72370475E-8
4.400E-1 1.13608901E-7
4.500E-1 1.67114034E-7
