0.000E+0 0
1.000E-2 1.9788983E-14
2.000E-2 4.8036721E-14
3.000E-2 8.84248296E-14
4.000E-2 1.46209851E-13
5.000E-2 2.28920252E-13
6.000E-2 3.47285038E-13
7.000E-2 5.16611893E-13
8.000E-2 7.58724267E-13
9.000E-2 1.10473398E-12
1.000E-1 1.59901424E-12
1.100E-1 2.30491355E-12
1.200E-1 3.3130055E-12
1.300E-1 4.75304651E-12
1.400E-1 6.81137033E-12
1.500E-1 9.75626632E-12
1.600E-1 1.39750908E-11
1.700E-1 2.00286219E-11
1.800E-1 2.87307494E-11
1.900E-1 4.12653802E-11
2.000E-1 5.93580002E-11
2.100E-1 8.55275143E-11
2.200E-1 1.2345601E-10
2.300E-1 1.78531784E-10
2.400E-1 2.58647007E-10
2.500E-1 3.75369668E-10
2.600E-1 5.45665785E-10
2.700E-1 7.9443067E-10
2.800E-1 1.1582099E-9
2.900E-1 1.69066985E-9
3.000E-1 2.4706413E-9
3.100E-1 3.6139473E-9
3.200E-1 5.29079721E-9
3.300E-1 7.75136757E-9
3.400E-1 1.13634253E-8
3.500E-1 1.6667665E-8
3.600E-1 2.44591018E-8
3.700E-1 3.59067949E-8
3.800E-1 5.27299539E-8
3.900E-1 7.74569877E-8
4.000E-1 1.13806566E-7
4.100E-1 1.67248171E-7
4.200E-1 2.45826672E-7
4.300E-1 3.61375318E-7
4.400E-1 5.31300049E-7
4.500E-1 7.81204225E-7
