0.000E+0 0
1.000E-2 2.22449447E-13
2.000E-2 5.34432767E-13
3.000E-2 9.72326993E-13
4.000E-2 1.58729186E-12
5.000E-2 2.45128177E-12
6.000E-2 3.66550827E-12
7.000E-2 5.37235598E-12
8.000E-2 7.77216799E-12
9.000E-2 1.11469007E-11
1.000E-1 1.58934734E-11
1.100E-1 2.25708064E-11
1.200E-1 3.19661897E-11
1.300E-1 4.51889587E-11
1.400E-1 6.38027462E-11
1.500E-1 9.00122349E-11
1.600E-1 1.26926905E-10
1.700E-1 1.78933557E-10
1.800E-1 2.52222511E-10
1.900E-1 3.55530883E-10
2.000E-1 5.01192552E-10
2.100E-1 7.06621367E-10
2.200E-1 9.96406393E-10
2.300E-1 1.40527178E-9
2.400E-1 1.98225803E-9
2.500E-1 2.79662861E-9
2.600E-1 3.94621349E-9
2.700E-1 5.56919463E-9
2.800E-1 7.8607512E-9
2.900E-1 1.1096566E-8
3.000E-1 1.56660137E-8
3.100E-1 2.21190056E-8
3.200E-1 3.12320817E-8
3.300E-1 4.41016022E-8
3.400E-1 6.22750378E-8
3.500E-1 8.79357083E-8
3.600E-1 1.24162276E-7
3.700E-1 1.75292351E-7
3.800E-1 2.47430185E-7
3.900E-1 3.49152011E-7
4.000E-1 4.92478929E-7
4.100E-1 6.94204933E-7
4.200E-1 9.77682373E-7
4.300E-1 1.37516891E-6
4.400E-1 1.93080863E-6
4.500E-1 2.70421856E-6
