0.000E+0 0
1.000E-2 5.07248006E-12
2.000E-2 1.20796857E-11
3.000E-2 2.17794049E-11
4.000E-2 3.52258289E-11
5.000E-2 5.38855525E-11
6.000E-2 7.97992457E-11
7.000E-2 1.15807233E-10
8.000E-2 1.65864656E-10
9.000E-2 2.35482443E-10
1.000E-1 3.32345218E-10
1.100E-1 4.67178456E-10
1.200E-1 6.54967089E-10
1.300E-1 9.1667004E-10
1.400E-1 1.2816349E-9
1.500E-1 1.79100113E-9
1.600E-1 2.50249911E-9
1.700E-1 3.4972198E-9
1.800E-1 4.88916682E-9
1.900E-1 6.83873592E-9
2.000E-1 9.57174007E-9
2.100E-1 1.34062631E-8
2.200E-1 1.87905676E-8
2.300E-1 2.63566125E-8
2.400E-1 3.69956119E-8
2.500E-1 5.1964724E-8
2.600E-1 7.30376983E-8
2.700E-1 1.02717604E-7
2.800E-1 1.4453722E-7
2.900E-1 2.03483199E-7
3.000E-1 2.86594967E-7
3.100E-1 4.03810224E-7
3.200E-1 5.69158371E-7
3.300E-1 8.02444488E-7
3.400E-1 1.1316245E-6
3.500E-1 1.59615308E-6
3.600E-1 2.25169835E-6
3.700E-1 3.17677275E-6
3.800E-1 4.48204187E-6
3.900E-1 6.3233582E-6
4.000E-1 8.91994314E-6
4.100E-1 1.25796171E-5
4.200E-1 1.77335488E-5
4.300E-1 2.49836056E-5
4.400E-1 3.51658966E-5
4.500E-1 4.94341847E-5
