0.000E+0 0
1.000E-2 7.50722754E-13
2.000E-2 1.80239479E-12
3.000E-2 3.27746479E-12
4.000E-2 5.3480487E-12
5.000E-2 8.25603293E-12
6.000E-2 1.23413469E-11
7.000E-2 1.80817714E-11
8.000E-2 2.61490693E-11
9.000E-2 3.74882627E-11
1.000E-1 5.34297941E-11
1.100E-1 7.58484896E-11
1.200E-1 1.07389218E-10
1.300E-1 1.5178768E-10
1.400E-1 2.1432696E-10
1.500E-1 3.02487837E-10
1.600E-1 4.26875654E-10
1.700E-1 6.02541864E-10
1.800E-1 8.50868772E-10
1.900E-1 1.20225793E-9
2.000E-1 1.69996531E-9
2.100E-1 2.40557301E-9
2.200E-1 3.40679668E-9
2.300E-1 4.82862672E-9
2.400E-1 6.84922851E-9
2.500E-1 9.72263639E-9
2.600E-1 1.3811147E-8
2.700E-1 1.96315607E-8
2.800E-1 2.79211945E-8
2.900E-1 3.9732127E-8
3.000E-1 5.65657525E-8
3.100E-1 8.05648936E-8
3.200E-1 1.14788104E-7
3.300E-1 1.63601324E-7
3.400E-1 2.33237125E-7
3.500E-1 3.32593229E-7
3.600E-1 4.74372724E-7
3.700E-1 6.76712141E-7
3.800E-1 9.65506124E-7
3.900E-1 1.37772665E-6
4.000E-1 1.966162E-6
4.100E-1 2.80618246E-6
4.200E-1 4.00539816E-6
4.300E-1 5.71744359E-6
4.400E-1 8.16164736E-6
4.500E-1 1.16510908E-5
