0.000E+0 0
1.000E-2 9.79278387E-14
2.000E-2 2.38687074E-13
3.000E-2 4.41163458E-13
4.000E-2 7.32553785E-13
5.000E-2 1.15201498E-12
6.000E-2 1.75591457E-12
7.000E-2 2.6253877E-12
8.000E-2 3.87721895E-12
9.000E-2 5.67952204E-12
1.000E-1 8.27435087E-12
1.100E-1 1.20103361E-11
1.200E-1 1.73898401E-11
1.300E-1 2.51371568E-11
1.400E-1 3.62972448E-11
1.500E-1 5.23787809E-11
1.600E-1 7.55615726E-11
1.700E-1 1.08997438E-10
1.800E-1 1.57246827E-10
1.900E-1 2.26912575E-10
2.000E-1 3.27559927E-10
2.100E-1 4.73052262E-10
2.200E-1 6.83490518E-10
2.300E-1 9.88029285E-10
2.400E-1 1.42896613E-9
2.500E-1 2.06768008E-9
2.600E-1 2.99325568E-9
2.700E-1 4.33500757E-9
2.800E-1 6.28066966E-9
2.900E-1 9.10281009E-9
3.000E-1 1.31971899E-8
3.100E-1 1.91384592E-8
3.200E-1 2.77610138E-8
3.300E-1 4.02763455E-8
3.400E-1 5.84432906E-8
3.500E-1 8.48148799E-8
3.600E-1 1.23095964E-7
3.700E-1 1.78660733E-7
3.800E-1 2.59300469E-7
3.900E-1 3.76301728E-7
4.000E-1 5.45997035E-7
4.100E-1 7.91988582E-7
4.200E-1 1.14832773E-6
4.300E-1 1.66405129E-6
4.400E-1 2.40965093E-6
4.500E-1 3.4863152E-6
