0.000E+0 0
1.000E-2 1.46941012E-12
2.000E-2 3.55595461E-12
3.000E-2 6.52280616E-12
4.000E-2 1.07446112E-11
5.000E-2 1.67543147E-11
6.000E-2 2.53095596E-11
7.000E-2 3.74868802E-11
8.000E-2 5.4815443E-11
9.000E-2 7.94671921E-11
1.000E-1 1.1452768E-10
1.100E-1 1.64382684E-10
1.200E-1 2.35271483E-10
1.300E-1 3.36080718E-10
1.400E-1 4.79486306E-10
1.500E-1 6.83599672E-10
1.600E-1 9.74345456E-10
1.700E-1 1.38890045E-9
1.800E-1 1.98067237E-9
1.900E-1 2.82651245E-9
2.000E-1 4.03716855E-9
2.100E-1 5.77243849E-9
2.200E-1 8.2631419E-9
2.300E-1 1.18429839E-8
2.400E-1 1.69947721E-8
2.500E-1 2.44174616E-8
2.600E-1 3.51234292E-8
2.700E-1 5.05796181E-8
2.800E-1 7.29123553E-8
2.900E-1 1.05204568E-7
3.000E-1 1.51927067E-7
3.100E-1 2.19564295E-7
3.200E-1 3.17522026E-7
3.300E-1 4.59443578E-7
3.400E-1 6.65117346E-7
3.500E-1 9.63239002E-7
3.600E-1 1.39540646E-6
3.700E-1 2.02188757E-6
3.800E-1 2.92992606E-6
3.900E-1 4.24565929E-6
4.000E-1 6.15113041E-6
4.100E-1 8.90843643E-6
4.200E-1 1.28934653E-5
4.300E-1 1.86428192E-5
4.400E-1 2.69172718E-5
4.500E-1 3.87856239E-5
