0.000E+0 0
1.000E-2 4.96529312E-14
2.000E-2 1.20399078E-13
3.000E-2 2.21277797E-13
4.000E-2 3.65200547E-13
5.000E-2 5.70609213E-13
6.000E-2 8.63845354E-13
7.000E-2 1.28253608E-12
8.000E-2 1.88043442E-12
9.000E-2 2.73434199E-12
1.000E-1 3.9540142E-12
1.100E-1 5.69634036E-12
1.200E-1 8.18565365E-12
1.300E-1 1.1742835E-11
1.400E-1 1.68270364E-11
1.500E-1 2.40955152E-11
1.600E-1 3.44894656E-11
1.700E-1 4.93571598E-11
1.800E-1 7.06306331E-11
1.900E-1 1.01079194E-10
2.000E-1 1.4467313E-10
2.100E-1 2.07105432E-10
2.200E-1 2.96539983E-10
2.300E-1 4.2468407E-10
2.400E-1 6.083249E-10
2.500E-1 8.71528893E-10
2.600E-1 1.24878556E-9
2.700E-1 1.78949321E-9
2.800E-1 2.56434168E-9
2.900E-1 3.67435811E-9
3.000E-1 5.26365249E-9
3.100E-1 7.53722358E-9
3.200E-1 1.07855214E-8
3.300E-1 1.54176927E-8
3.400E-1 2.20052828E-8
3.500E-1 3.13370618E-8
3.600E-1 4.44825144E-8
3.700E-1 6.28546503E-8
3.800E-1 8.82498716E-8
3.900E-1 1.22822223E-7
4.000E-1 1.68924817E-7
4.100E-1 2.28738718E-7
4.200E-1 3.0364566E-7
4.300E-1 3.93431096E-7
4.400E-1 4.956235E-7
4.500E-1 6.05440023E-7
