0.000E+0 0
1.000E-2 7.63924537E-13
2.000E-2 1.84641377E-12
3.000E-2 3.38207763E-12
4.000E-2 5.56215438E-12
5.000E-2 8.65821903E-12
6.000E-2 1.30558113E-11
7.000E-2 1.93021671E-11
8.000E-2 2.81740388E-11
9.000E-2 4.07741889E-11
1.000E-1 5.86689048E-11
1.100E-1 8.40843319E-11
1.200E-1 1.2018732E-10
1.300E-1 1.71487917E-10
1.400E-1 2.44417186E-10
1.500E-1 3.48157909E-10
1.600E-1 4.95840217E-10
1.700E-1 7.06263872E-10
1.800E-1 1.00638053E-9
1.900E-1 1.43487264E-9
2.000E-1 2.04731471E-9
2.100E-1 2.92361753E-9
2.200E-1 4.17876696E-9
2.300E-1 5.97831698E-9
2.400E-1 8.5607446E-9
2.500E-1 1.22697096E-8
2.600E-1 1.76006125E-8
2.700E-1 2.5267794E-8
2.800E-1 3.63015366E-8
2.900E-1 5.21880924E-8
3.000E-1 7.50718335E-8
3.100E-1 1.08047094E-7
3.200E-1 1.55579508E-7
3.300E-1 2.24114294E-7
3.400E-1 3.22954413E-7
3.500E-1 4.6552825E-7
3.600E-1 6.71219391E-7
3.700E-1 9.68007286E-7
3.800E-1 1.39627714E-6
3.900E-1 2.01431467E-6
4.000E-1 2.90622628E-6
4.100E-1 4.19334607E-6
4.200E-1 6.05064532E-6
4.300E-1 8.73029838E-6
4.400E-1 1.25954439E-5
4.500E-1 1.81683846E-5
