0.000E+0 0
1.000E-2 5.48603306E-15
2.000E-2 1.33615274E-14
3.000E-2 2.46762882E-14
4.000E-2 4.09402349E-14
5.000E-2 6.43244901E-14
6.000E-2 9.7950276E-14
7.000E-2 1.46304091E-13
8.000E-2 2.15834668E-13
9.000E-2 3.15811902E-13
1.000E-1 4.59563822E-13
1.100E-1 6.66259839E-13
1.200E-1 9.63484434E-13
1.300E-1 1.390956E-12
1.400E-1 2.00590625E-12
1.500E-1 2.89086942E-12
1.600E-1 4.16496974E-12
1.700E-1 6.00028841E-12
1.800E-1 8.64560615E-12
1.900E-1 1.24608546E-11
2.000E-1 1.79671152E-11
2.100E-1 2.591919E-11
2.200E-1 3.741094E-11
2.300E-1 5.40281923E-11
2.400E-1 7.80706992E-11
2.500E-1 1.12874323E-10
2.600E-1 1.63278667E-10
2.700E-1 2.36305707E-10
2.800E-1 3.42144382E-10
2.900E-1 4.95578505E-10
3.000E-1 7.18056348E-10
3.100E-1 1.0406876E-9
3.200E-1 1.50857768E-9
3.300E-1 2.18708482E-9
3.400E-1 3.17083024E-9
3.500E-1 4.59662883E-9
3.600E-1 6.66196516E-9
3.700E-1 9.65125377E-9
3.800E-1 1.39729545E-8
3.900E-1 2.02117935E-8
4.000E-1 2.92021801E-8
4.100E-1 4.21320553E-8
4.200E-1 6.06918785E-8
4.300E-1 8.72920122E-8
4.400E-1 1.25382373E-7
4.500E-1 1.7991692E-7
