0.000E+0 0
1.000E-2 3.38255564E-14
2.000E-2 8.22335932E-14
3.000E-2 1.51554887E-13
4.000E-2 2.5086764E-13
5.000E-2 3.93183056E-13
6.000E-2 5.97140724E-13
7.000E-2 8.89469572E-13
8.000E-2 1.30847833E-12
9.000E-2 1.90908822E-12
1.000E-1 2.77005751E-12
1.100E-1 4.00436753E-12
1.200E-1 5.77416572E-12
1.300E-1 8.31228181E-12
1.400E-1 1.19532304E-11
1.500E-1 1.71779083E-11
1.600E-1 2.46780659E-11
1.700E-1 3.54493317E-11
1.800E-1 5.09254636E-11
1.900E-1 7.31721281E-11
2.000E-1 1.05166628E-10
2.100E-1 1.51201721E-10
2.200E-1 2.17468625E-10
2.300E-1 3.12898733E-10
2.400E-1 4.50378935E-10
2.500E-1 6.48506435E-10
2.600E-1 9.34122664E-10
2.700E-1 1.34597233E-9
2.800E-1 1.93998738E-9
2.900E-1 2.79691762E-9
3.000E-1 4.0333505E-9
3.100E-1 5.81762535E-9
3.200E-1 8.39281634E-9
3.300E-1 1.21099237E-8
3.400E-1 1.74758064E-8
3.500E-1 2.52224025E-8
3.600E-1 3.64066846E-8
3.700E-1 5.25549898E-8
3.800E-1 7.58713975E-8
3.900E-1 1.0953853E-7
4.000E-1 1.5815167E-7
4.100E-1 2.28345072E-7
4.200E-1 3.2969515E-7
4.300E-1 4.76022136E-7
4.400E-1 6.87264465E-7
4.500E-1 9.92175079E-7
