0.000E+0 0
1.000E-2 5.87983022E-13
2.000E-2 1.42296062E-12
3.000E-2 2.61003551E-12
4.000E-2 4.29872913E-12
5.000E-2 6.70187223E-12
6.000E-2 1.01222963E-11
7.000E-2 1.49908443E-11
8.000E-2 2.19205091E-11
9.000E-2 3.17836322E-11
1.000E-1 4.58221431E-11
1.100E-1 6.58052266E-11
1.200E-1 9.4255196E-11
1.300E-1 1.3477159E-10
1.400E-1 1.9249689E-10
1.500E-1 2.74786547E-10
1.600E-1 3.92173893E-10
1.700E-1 5.59760663E-10
1.800E-1 7.99221812E-10
1.900E-1 1.14169685E-9
2.000E-1 1.63196059E-9
2.100E-1 2.33444015E-9
2.200E-1 3.34189658E-9
2.300E-1 4.78795238E-9
2.400E-1 6.86517061E-9
2.500E-1 9.85114798E-9
2.600E-1 1.41461782E-8
2.700E-1 2.032762E-8
2.800E-1 2.92283844E-8
2.900E-1 4.20502472E-8
3.000E-1 6.05274461E-8
3.100E-1 8.71628834E-8
3.200E-1 1.25569162E-7
3.300E-1 1.80960978E-7
3.400E-1 2.60866031E-7
3.500E-1 3.7615136E-7
3.600E-1 5.42504928E-7
3.700E-1 7.82574065E-7
3.800E-1 1.12905129E-6
3.900E-1 1.62912579E-6
4.000E-1 2.3509018E-6
4.100E-1 3.39264653E-6
4.200E-1 4.8961018E-6
4.300E-1 7.06561726E-6
4.400E-1 1.01955948E-5
4.500E-1 1.4709739E-5
