0.000E+0 0
1.000E-2 1.29741828E-12
2.000E-2 3.12615121E-12
3.000E-2 5.70756496E-12
4.000E-2 9.35415858E-12
5.000E-2 1.45073768E-11
6.000E-2 2.17903466E-11
7.000E-2 3.20823343E-11
8.000E-2 4.66238718E-11
9.000E-2 6.716544E-11
1.000E-1 9.6178218E-11
1.100E-1 1.37153544E-10
1.200E-1 1.9502956E-10
1.300E-1 2.76800633E-10
1.400E-1 3.92389968E-10
1.500E-1 5.55901603E-10
1.600E-1 7.87419639E-10
1.700E-1 1.11559691E-9
1.800E-1 1.58138241E-9
1.900E-1 2.2433912E-9
2.000E-1 3.18564293E-9
2.100E-1 4.5287166E-9
2.200E-1 6.44583236E-9
2.300E-1 9.18604137E-9
2.400E-1 1.31076703E-8
2.500E-1 1.87265644E-8
2.600E-1 2.67856857E-8
2.700E-1 3.83555367E-8
2.800E-1 5.49790734E-8
2.900E-1 7.88808429E-8
3.000E-1 1.13268824E-7
3.100E-1 1.62770084E-7
3.200E-1 2.34059596E-7
3.300E-1 3.36767815E-7
3.400E-1 4.84790559E-7
3.500E-1 6.98179256E-7
3.600E-1 1.00586824E-6
3.700E-1 1.44960855E-6
3.800E-1 2.0896396E-6
3.900E-1 3.01286106E-6
4.000E-1 4.34459614E-6
4.100E-1 6.26550151E-6
4.200E-1 9.03582755E-6
4.300E-1 1.30301247E-5
4.400E-1 1.87866894E-5
4.500E-1 2.70776544E-5
