0.000E+0 0
1.000E-2 6.52119799E-13
2.000E-2 1.56039759E-12
3.000E-2 2.82782462E-12
4.000E-2 4.59877102E-12
5.000E-2 7.07562607E-12
6.000E-2 1.05421658E-11
7.000E-2 1.53964005E-11
8.000E-2 2.21967997E-11
9.000E-2 3.17274245E-11
1.000E-1 4.50898181E-11
1.100E-1 6.38328105E-11
1.200E-1 9.01360944E-11
1.300E-1 1.27070105E-10
1.400E-1 1.78964217E-10
1.500E-1 2.5192873E-10
1.600E-1 3.54595181E-10
1.700E-1 4.99166616E-10
1.800E-1 7.02907868E-10
1.900E-1 9.90260442E-10
2.000E-1 1.39584406E-9
2.100E-1 1.96871698E-9
2.200E-1 2.77842336E-9
2.300E-1 3.92357805E-9
2.400E-1 5.54405412E-9
2.500E-1 7.83828669E-9
2.600E-1 1.10878412E-8
2.700E-1 1.56922988E-8
2.800E-1 2.22187923E-8
2.900E-1 3.14723467E-8
3.000E-1 4.4595764E-8
3.100E-1 6.32114594E-8
3.200E-1 8.96228641E-8
3.300E-1 1.27100396E-7
3.400E-1 1.80287473E-7
3.500E-1 2.5577688E-7
3.600E-1 3.62928825E-7
3.700E-1 5.15031662E-7
3.800E-1 7.30948191E-7
3.900E-1 1.03744925E-6
4.000E-1 1.47251874E-6
4.100E-1 2.09002888E-6
4.200E-1 2.96634232E-6
4.300E-1 4.20961245E-6
4.400E-1 5.97283875E-6
4.500E-1 8.47210137E-6
