0.000E+0 0
1.000E-2 5.80902657E-14
2.000E-2 1.40391194E-13
3.000E-2 2.5701738E-13
4.000E-2 4.22352048E-13
5.000E-2 6.56664527E-13
6.000E-2 9.88809846E-13
7.000E-2 1.45966448E-12
8.000E-2 2.12719105E-12
9.000E-2 3.07358775E-12
1.000E-1 4.41543474E-12
1.100E-1 6.31809628E-12
1.200E-1 9.0161671E-12
1.300E-1 1.28425037E-11
1.400E-1 1.82694494E-11
1.500E-1 2.59673797E-11
1.600E-1 3.688785E-11
1.700E-1 5.23816864E-11
1.800E-1 7.4366712E-11
1.900E-1 1.05565972E-10
2.000E-1 1.49846094E-10
2.100E-1 2.1269788E-10
2.200E-1 3.0191893E-10
2.300E-1 4.28583222E-10
2.400E-1 6.08418329E-10
2.500E-1 8.63761593E-10
2.600E-1 1.22633877E-9
2.700E-1 1.74121093E-9
2.800E-1 2.47238075E-9
2.900E-1 3.51075606E-9
3.000E-1 4.98546178E-9
3.100E-1 7.07990806E-9
3.200E-1 1.00546146E-8
3.300E-1 1.42796326E-8
3.400E-1 2.02805984E-8
3.500E-1 2.88041536E-8
3.600E-1 4.09108716E-8
3.700E-1 5.81072624E-8
3.800E-1 8.25332801E-8
3.900E-1 1.17228683E-7
4.000E-1 1.66511396E-7
4.100E-1 2.36514979E-7
4.200E-1 3.35952125E-7
4.300E-1 4.77199204E-7
4.400E-1 6.77836961E-7
4.500E-1 9.62839126E-7
