0.000E+0 -0.529329096
1.000E-2 -0.529327303
2.000E-2 -0.529325501
3.000E-2 -0.529323691
4.000E-2 -0.529321872
5.000E-2 -0.529320045
6.000E-2 -0.529318209
7.000E-2 -0.529316363
8.000E-2 -0.529314506
9.000E-2 -0.529312639
1.000E-1 -0.529310759
1.100E-1 -0.529308865
1.200E-1 -0.529306955
1.300E-1 -0.529305026
1.400E-1 -0.529303072
1.500E-1 -0.529301087
1.600E-1 -0.529299059
1.700E-1 -0.529296973
1.800E-1 -0.529294806
1.900E-1 -0.529292523
2.000E-1 -0.529290072
2.100E-1 -0.529287378
2.200E-1 -0.529284327
2.300E-1 -0.529280748
2.400E-1 -0.529276389
2.500E-1 -0.529270875
2.600E-1 -0.529263643
2.700E-1 -0.529253857
2.800E-1 -0.529240272
2.900E-1 -0.52922103
3.000E-1 -0.52919336
3.100E-1 -0.529153136
3.200E-1 -0.529094201
3.300E-1 -0.529007381
3.400E-1 -0.528878997
3.500E-1 -0.528688658
3.600E-1 -0.528405964
3.700E-1 -0.527985592
3.800E-1 -0.527359976
3.900E-1 -0.526428384
4.000E-1 -0.525040643
4.100E-1 -0.52297287
4.200E-1 -0.519891289
4.300E-1 -0.5152983
4.400E-1 -0.508452063
4.500E-1 -0.498246619
4.600E-1 -0.483033183
4.700E-1 -0.460353726
4.800E-1 -0.426543814
4.900E-1 -0.37614059
5.000E-1 -0.301000299
5.100E-1 -0.188982994
5.200E-1 -0.021992362
5.300E-1 0.226944928
