0.000E+0 0
1.000E-2 1.62905036E-12
2.000E-2 3.89057031E-12
3.000E-2 7.03545643E-12
4.000E-2 1.14127832E-11
5.000E-2 1.75088123E-11
6.000E-2 2.60005283E-11
7.000E-2 3.78304337E-11
8.000E-2 5.43110837E-11
9.000E-2 7.72715693E-11
1.000E-1 1.09263368E-10
1.100E-1 1.53850464E-10
1.200E-1 2.16019361E-10
1.300E-1 3.02759942E-10
1.400E-1 4.23889985E-10
1.500E-1 5.93227297E-10
1.600E-1 8.30257737E-10
1.700E-1 1.16251055E-9
1.800E-1 1.62894239E-9
1.900E-1 2.28475968E-9
2.000E-1 3.20829215E-9
2.100E-1 4.51079177E-9
2.200E-1 6.3504047E-9
2.300E-1 8.95209684E-9
2.400E-1 1.26360748E-8
2.500E-1 1.78583307E-8
2.600E-1 2.52684916E-8
2.700E-1 3.57923682E-8
2.800E-1 5.07497628E-8
2.900E-1 7.20226109E-8
3.000E-1 1.0229498E-7
3.100E-1 1.45395662E-7
3.200E-1 2.06787229E-7
3.300E-1 2.94264212E-7
3.400E-1 4.18949846E-7
3.500E-1 5.96719102E-7
3.600E-1 8.50230319E-7
3.700E-1 1.21182576E-6
3.800E-1 1.7276726E-6
3.900E-1 2.46367468E-6
4.000E-1 3.51391171E-6
4.100E-1 5.01268517E-6
4.200E-1 7.15171019E-6
4.300E-1 1.02046461E-5
4.400E-1 1.45620878E-5
4.500E-1 2.07814566E-5
