0.000E+0 0
1.000E-2 5.22308669E-14
2.000E-2 1.25863173E-13
3.000E-2 2.29848648E-13
4.000E-2 3.76835815E-13
5.000E-2 5.84674312E-13
6.000E-2 8.78527861E-13
7.000E-2 1.29384644E-12
8.000E-2 1.88055689E-12
9.000E-2 2.70899062E-12
1.000E-1 3.87830222E-12
1.100E-1 5.52847956E-12
1.200E-1 7.85755752E-12
1.300E-1 1.11463991E-11
1.400E-1 1.57945084E-11
1.500E-1 2.23719442E-11
1.600E-1 3.16934497E-11
1.700E-1 4.4931119E-11
1.800E-1 6.37731603E-11
1.900E-1 9.06540714E-11
2.000E-1 1.29096642E-10
2.100E-1 1.84207279E-10
2.200E-1 2.63394865E-10
2.300E-1 3.77423127E-10
2.400E-1 5.41955773E-10
2.500E-1 7.7978065E-10
2.600E-1 1.1241102E-9
2.700E-1 1.62332431E-9
2.800E-1 2.34800476E-9
2.900E-1 3.40108043E-9
3.000E-1 4.93275756E-9
3.100E-1 7.16228163E-9
3.200E-1 1.0409746E-8
3.300E-1 1.51425731E-8
3.400E-1 2.20434412E-8
3.500E-1 3.2109555E-8
3.600E-1 4.67977322E-8
3.700E-1 6.82364534E-8
3.800E-1 9.9535798E-8
3.900E-1 1.45240454E-7
4.000E-1 2.11991867E-7
4.100E-1 3.09496086E-7
4.200E-1 4.5193845E-7
4.300E-1 6.6005141E-7
4.400E-1 9.64137012E-7
4.500E-1 1.40848467E-6
