0.000E+0 0
1.000E-2 7.4706241E-13
2.000E-2 1.79396938E-12
3.000E-2 3.26144041E-12
4.000E-2 5.31878617E-12
5.000E-2 8.20346439E-12
6.000E-2 1.22485103E-11
7.000E-2 1.79210177E-11
8.000E-2 2.58761306E-11
9.000E-2 3.70328102E-11
1.000E-1 5.26801751E-11
1.100E-1 7.46267764E-11
1.200E-1 1.05410163E-10
1.300E-1 1.48591102E-10
1.400E-1 2.09166638E-10
1.500E-1 2.941499E-10
1.600E-1 4.13383736E-10
1.700E-1 5.80681916E-10
1.800E-1 8.15428621E-10
1.900E-1 1.14481787E-9
2.000E-1 1.60698421E-9
2.100E-1 2.25536997E-9
2.200E-1 3.16479938E-9
2.300E-1 4.43989095E-9
2.400E-1 6.22664009E-9
2.500E-1 8.72823624E-9
2.600E-1 1.22264183E-8
2.700E-1 1.71098606E-8
2.800E-1 2.39111116E-8
2.900E-1 3.33533367E-8
3.000E-1 4.64074308E-8
3.100E-1 6.43591699E-8
3.200E-1 8.88860287E-8
3.300E-1 1.2214689E-7
3.400E-1 1.66899789E-7
3.500E-1 2.26687101E-7
3.600E-1 3.0616034E-7
3.700E-1 4.11638981E-7
3.800E-1 5.51983156E-7
3.900E-1 7.39805489E-7
4.000E-1 9.92993078E-7
4.100E-1 1.33650602E-6
4.200E-1 1.8044623E-6
4.300E-1 2.44256231E-6
4.400E-1 3.31092377E-6
4.500E-1 4.48742959E-6
