0.000E+0 0
1.000E-2 7.89348497E-13
2.000E-2 1.90314211E-12
3.000E-2 3.47550362E-12
4.000E-2 5.6959619E-12
5.000E-2 8.83232825E-12
6.000E-2 1.32630281E-11
7.000E-2 1.9522811E-11
8.000E-2 2.83673997E-11
9.000E-2 4.08649679E-11
1.000E-1 5.85256453E-11
1.100E-1 8.34849533E-11
1.200E-1 1.18763761E-10
1.300E-1 1.68636856E-10
1.400E-1 2.39155722E-10
1.500E-1 3.38890281E-10
1.600E-1 4.79981565E-10
1.700E-1 6.79635926E-10
1.800E-1 9.62246203E-10
1.900E-1 1.36240315E-9
2.000E-1 1.92917092E-9
2.100E-1 2.73215739E-9
2.200E-1 3.87013293E-9
2.300E-1 5.48326748E-9
2.400E-1 7.77050486E-9
2.500E-1 1.101423E-8
2.600E-1 1.56152882E-8
2.700E-1 2.2142696E-8
2.800E-1 3.14041946E-8
2.900E-1 4.45463624E-8
3.000E-1 6.31966186E-8
3.100E-1 8.96645478E-8
3.200E-1 1.27227122E-7
3.300E-1 1.80532388E-7
3.400E-1 2.56170036E-7
3.500E-1 3.63476375E-7
3.600E-1 5.1566724E-7
3.700E-1 7.31427535E-7
3.800E-1 1.03713322E-6
3.900E-1 1.46994482E-6
4.000E-1 2.08209881E-6
4.100E-1 2.94684877E-6
4.200E-1 4.16670237E-6
4.300E-1 5.88490667E-6
4.400E-1 8.30159689E-6
4.500E-1 1.16966207E-5
