0.000E+0 0
1.000E-2 2.36342647E-14
2.000E-2 5.70412194E-14
3.000E-2 1.0440514E-13
4.000E-2 1.71688191E-13
5.000E-2 2.67380132E-13
6.000E-2 4.03563376E-13
7.000E-2 5.97427318E-13
8.000E-2 8.73424559E-13
9.000E-2 1.26634733E-12
1.000E-1 1.82572835E-12
1.100E-1 2.62215563E-12
1.200E-1 3.75636417E-12
1.300E-1 5.37237038E-12
1.400E-1 7.67650748E-12
1.500E-1 1.09650892E-11
1.600E-1 1.56647014E-11
1.700E-1 2.23909791E-11
1.800E-1 3.20344418E-11
1.900E-1 4.58859289E-11
2.000E-1 6.58199775E-11
2.100E-1 9.45629878E-11
2.200E-1 1.36085465E-10
2.300E-1 1.96175868E-10
2.400E-1 2.8328033E-10
2.500E-1 4.09731678E-10
2.600E-1 5.93548565E-10
2.700E-1 8.61069636E-10
2.800E-1 1.25081084E-9
2.900E-1 1.81911454E-9
3.000E-1 2.64842359E-9
3.100E-1 3.85940104E-9
3.200E-1 5.62868425E-9
3.300E-1 8.21489329E-9
3.400E-1 1.19967334E-8
3.500E-1 1.75288142E-8
3.600E-1 2.56234235E-8
3.700E-1 3.74703155E-8
3.800E-1 5.48121706E-8
3.900E-1 8.02015554E-8
4.000E-1 1.17377148E-7
4.100E-1 1.71814373E-7
4.200E-1 2.51530835E-7
4.300E-1 3.68263469E-7
4.400E-1 5.39186803E-7
4.500E-1 7.89416446E-7
