0.000E+0 0
1.000E-2 9.96835519E-14
2.000E-2 2.42416739E-13
3.000E-2 4.46973028E-13
4.000E-2 7.40309326E-13
5.000E-2 1.16113261E-12
6.000E-2 1.76502262E-12
7.000E-2 2.63179176E-12
8.000E-2 3.87606308E-12
9.000E-2 5.66248034E-12
1.000E-1 8.22758989E-12
1.100E-1 1.19113382E-11
1.200E-1 1.72024364E-11
1.300E-1 2.48037326E-11
1.400E-1 3.57264623E-11
1.500E-1 5.14261916E-11
1.600E-1 7.39989584E-11
1.700E-1 1.06464337E-10
1.800E-1 1.53174011E-10
1.900E-1 2.2040156E-10
2.000E-1 3.17193867E-10
2.100E-1 4.56600246E-10
2.200E-1 6.57446805E-10
2.300E-1 9.46897887E-10
2.400E-1 1.36415342E-9
2.500E-1 1.96578533E-9
2.600E-1 2.83343831E-9
2.700E-1 4.08493924E-9
2.800E-1 5.8903174E-9
2.900E-1 8.49489181E-9
3.000E-1 1.22525127E-8
3.100E-1 1.76733589E-8
3.200E-1 2.54925306E-8
3.300E-1 3.67682039E-8
3.400E-1 5.30215043E-8
3.500E-1 7.64346114E-8
3.600E-1 1.10128816E-7
3.700E-1 1.58549563E-7
3.800E-1 2.2798884E-7
3.900E-1 3.27271678E-7
4.000E-1 4.68612711E-7
4.100E-1 6.68591525E-7
4.200E-1 9.49070625E-7
4.300E-1 1.33764796E-6
4.400E-1 1.86687875E-6
4.500E-1 2.57110828E-6
