0.000E+0 0
1.000E-2 2.0256835E-15
2.000E-2 4.93140157E-15
3.000E-2 9.10797997E-15
4.000E-2 1.51193429E-14
5.000E-2 2.3778993E-14
6.000E-2 3.62602893E-14
7.000E-2 5.42555463E-14
8.000E-2 8.02057509E-14
9.000E-2 1.17632597E-13
1.000E-1 1.71619048E-13
1.100E-1 2.49505938E-13
1.200E-1 3.61903425E-13
1.300E-1 5.24162077E-13
1.400E-1 7.58515945E-13
1.500E-1 1.09720899E-12
1.600E-1 1.58706137E-12
1.700E-1 2.29614456E-12
1.800E-1 3.32354507E-12
1.900E-1 4.8136514E-12
2.000E-1 6.97706507E-12
2.100E-1 1.01212115E-11
2.200E-1 1.46951557E-11
2.300E-1 2.1355221E-11
2.400E-1 3.10610777E-11
2.500E-1 4.521646E-11
2.600E-1 6.5875258E-11
2.700E-1 9.60433714E-11
2.800E-1 1.40120835E-10
2.900E-1 2.04549399E-10
3.000E-1 2.98761E-10
3.100E-1 4.36566788E-10
3.200E-1 6.38190984E-10
3.300E-1 9.3324809E-10
3.400E-1 1.3650991E-9
3.500E-1 1.99722127E-9
3.600E-1 2.92251304E-9
3.700E-1 4.27686698E-9
3.800E-1 6.25892571E-9
3.900E-1 9.15874651E-9
4.000E-1 1.33991955E-8
4.100E-1 1.95953062E-8
4.200E-1 2.86385052E-8
4.300E-1 4.18142214E-8
4.400E-1 6.09620864E-8
4.500E-1 8.86856653E-8
