0.000E+0 0
1.000E-2 7.49312E-14
2.000E-2 1.81090369E-13
3.000E-2 3.31615324E-13
4.000E-2 5.45170608E-13
5.000E-2 8.48273283E-13
6.000E-2 1.27859919E-12
7.000E-2 1.8896846E-12
8.000E-2 2.75761493E-12
9.000E-2 3.99054442E-12
1.000E-1 5.7422517E-12
1.100E-1 8.2314516E-12
1.200E-1 1.17693204E-11
1.300E-1 1.67987442E-11
1.400E-1 2.39503048E-11
1.500E-1 3.41221606E-11
1.600E-1 4.85940498E-11
1.700E-1 6.91900106E-11
1.800E-1 9.85106628E-11
1.900E-1 1.40264805E-10
2.000E-1 1.99742806E-10
2.100E-1 2.84492454E-10
2.200E-1 4.0528384E-10
2.300E-1 5.77486922E-10
2.400E-1 8.23038255E-10
2.500E-1 1.17324882E-9
2.600E-1 1.67281253E-9
2.700E-1 2.38552834E-9
2.800E-1 3.40246786E-9
2.900E-1 4.8536313E-9
3.000E-1 6.92457764E-9
3.100E-1 9.88014303E-9
3.200E-1 1.40982502E-8
3.300E-1 2.01180654E-8
3.400E-1 2.87085146E-8
3.500E-1 4.09656106E-8
3.600E-1 5.84503902E-8
3.700E-1 8.33837571E-8
3.800E-1 1.18920399E-7
3.900E-1 1.6953121E-7
4.000E-1 2.41531825E-7
4.100E-1 3.43802275E-7
4.200E-1 4.88745195E-7
4.300E-1 6.935185E-7
4.400E-1 9.81535864E-7
4.500E-1 1.3841258E-6
