0.000E+0 0
1.000E-2 2.26283539E-15
2.000E-2 5.49837918E-15
3.000E-2 1.01388716E-14
4.000E-2 1.68072604E-14
5.000E-2 2.6400712E-14
6.000E-2 4.02105539E-14
7.000E-2 6.00946374E-14
8.000E-2 8.87253049E-14
9.000E-2 1.29946727E-13
1.000E-1 1.89291037E-13
1.100E-1 2.74725935E-13
1.200E-1 3.97741095E-13
1.300E-1 5.74932264E-13
1.400E-1 8.30318714E-13
1.500E-1 1.19874362E-12
1.600E-1 1.73087554E-12
1.700E-1 2.5005784E-12
1.800E-1 3.61578513E-12
1.900E-1 5.23455335E-12
2.000E-1 7.58878411E-12
2.100E-1 1.10192716E-11
2.200E-1 1.60275091E-11
2.300E-1 2.33522772E-11
2.400E-1 3.40828932E-11
2.500E-1 4.98267018E-11
2.600E-1 7.29568356E-11
2.700E-1 1.06978772E-10
2.800E-1 1.57072726E-10
2.900E-1 2.30896331E-10
3.000E-1 3.39772626E-10
3.100E-1 5.00448457E-10
3.200E-1 7.37697356E-10
3.300E-1 1.08817265E-9
3.400E-1 1.6061115E-9
3.500E-1 2.37177928E-9
3.600E-1 3.50397061E-9
3.700E-1 5.1785159E-9
3.800E-1 7.65567658E-9
3.900E-1 1.13206953E-8
4.000E-1 1.6743809E-8
4.100E-1 2.47690463E-8
4.200E-1 3.6645571E-8
4.300E-1 5.42218556E-8
4.400E-1 8.02325191E-8
4.500E-1 1.18721563E-7
