0.000E+0 -0.626076663
1.000E-2 -0.626070115
2.000E-2 -0.626063458
3.000E-2 -0.626056652
4.000E-2 -0.626049653
5.000E-2 -0.626042399
6.000E-2 -0.626034801
7.000E-2 -0.626026735
8.000E-2 -0.626018025
9.000E-2 -0.626008423
1.000E-1 -0.625997578
1.100E-1 -0.625984995
1.200E-1 -0.62596997
1.300E-1 -0.625951509
1.400E-1 -0.625928202
1.500E-1 -0.625898051
1.600E-1 -0.625858221
1.700E-1 -0.625804692
1.800E-1 -0.625731761
1.900E-1 -0.625631333
2.000E-1 -0.625491922
2.100E-1 -0.625297221
2.200E-1 -0.625024081
2.300E-1 -0.624639637
2.400E-1 -0.624097223
2.500E-1 -0.62333058
2.600E-1 -0.622245619
2.700E-1 -0.620708735
2.800E-1 -0.618530204
2.900E-1 -0.615440613
3.000E-1 -0.611057401
3.100E-1 -0.604837364
3.200E-1 -0.59600926
3.300E-1 -0.583478215
3.400E-1 -0.565690217
3.500E-1 -0.54044017
3.600E-1 -0.504600341
3.700E-1 -0.453736815
3.800E-1 -0.381569041
3.900E-1 -0.279210846
4.000E-1 -0.134109576
4.100E-1 0.0714266869
