0.000E+0 -0.704391806
1.000E-2 -0.704389892
2.000E-2 -0.704387948
3.000E-2 -0.704385963
4.000E-2 -0.704383924
5.000E-2 -0.704381814
6.000E-2 -0.704379607
7.000E-2 -0.704377268
8.000E-2 -0.704374746
9.000E-2 -0.704371967
1.000E-1 -0.704368828
1.100E-1 -0.704365182
1.200E-1 -0.704360818
1.300E-1 -0.704355436
1.400E-1 -0.704348608
1.500E-1 -0.704339721
1.600E-1 -0.704327903
1.700E-1 -0.704311908
1.800E-1 -0.704289958
1.900E-1 -0.704259514
2.000E-1 -0.704216948
2.100E-1 -0.704157086
2.200E-1 -0.704072534
2.300E-1 -0.703952738
2.400E-1 -0.703782625
2.500E-1 -0.703540669
2.600E-1 -0.703196135
2.700E-1 -0.702705129
2.800E-1 -0.702004969
2.900E-1 -0.70100614
3.000E-1 -0.699580813
3.100E-1 -0.697546439
3.200E-1 -0.694642332
3.300E-1 -0.690496223
3.400E-1 -0.684576516
3.500E-1 -0.676124113
3.600E-1 -0.664055105
3.700E-1 -0.646821882
3.800E-1 -0.622214968
3.900E-1 -0.587080372
4.000E-1 -0.536916672
4.100E-1 -0.465301095
4.200E-1 -0.363072927
4.300E-1 -0.217173446
4.400E-1 -0.00900156341
4.500E-1 0.287909773
