0.000E+0 0
1.000E-2 1.22384435E-12
2.000E-2 2.95782845E-12
3.000E-2 5.4160113E-12
4.000E-2 8.9021807E-12
5.000E-2 1.38474285E-11
6.000E-2 2.0863473E-11
7.000E-2 3.08183517E-11
8.000E-2 4.49439171E-11
9.000E-2 6.49885779E-11
1.000E-1 9.34344582E-11
1.100E-1 1.3380634E-10
1.200E-1 1.91111468E-10
1.300E-1 2.72466022E-10
1.400E-1 3.87987976E-10
1.500E-1 5.52070176E-10
1.600E-1 7.85196185E-10
1.700E-1 1.11653092E-9
1.800E-1 1.58761727E-9
1.900E-1 2.25765138E-9
2.000E-1 3.21101102E-9
2.100E-1 4.56799985E-9
2.200E-1 6.50018066E-9
2.300E-1 9.25225725E-9
2.400E-1 1.31732991E-8
2.500E-1 1.87612921E-8
2.600E-1 2.67266904E-8
2.700E-1 3.80830445E-8
2.800E-1 5.42761835E-8
2.900E-1 7.73682306E-8
3.000E-1 1.10299482E-7
3.100E-1 1.57260595E-7
3.200E-1 2.24220587E-7
3.300E-1 3.19673939E-7
3.400E-1 4.55694177E-7
3.500E-1 6.49413016E-7
3.600E-1 9.25085649E-7
3.700E-1 1.31695647E-6
3.800E-1 1.87321157E-6
3.900E-1 2.66140936E-6
4.000E-1 3.77595228E-6
4.100E-1 5.34846253E-6
4.200E-1 7.5624201E-6
4.300E-1 1.06741014E-5
4.400E-1 1.50425214E-5
4.500E-1 2.11710575E-5
