0.000E+0 -0.750484696
1.000E-2 -0.750483136
2.000E-2 -0.750481481
3.000E-2 -0.750479694
4.000E-2 -0.750477727
5.000E-2 -0.75047551
6.000E-2 -0.750472945
7.000E-2 -0.750469893
8.000E-2 -0.750466158
9.000E-2 -0.750461464
1.000E-1 -0.750455422
1.100E-1 -0.750447481
1.200E-1 -0.750436862
1.300E-1 -0.750422468
1.400E-1 -0.750402747
1.500E-1 -0.750375508
1.600E-1 -0.750337654
1.700E-1 -0.750284812
1.800E-1 -0.750210803
1.900E-1 -0.7501069
2.000E-1 -0.749960771
2.100E-1 -0.749755002
2.200E-1 -0.749464993
2.300E-1 -0.749056008
2.400E-1 -0.748479
2.500E-1 -0.747664743
2.600E-1 -0.74651557
2.700E-1 -0.744893768
2.800E-1 -0.742605331
2.900E-1 -0.739377269
3.000E-1 -0.734826087
3.100E-1 -0.728414268
3.200E-1 -0.719390716
3.300E-1 -0.706710141
3.400E-1 -0.688925405
3.500E-1 -0.664045885
3.600E-1 -0.629353469
3.700E-1 -0.581164129
3.800E-1 -0.514513487
3.900E-1 -0.42272197
4.000E-1 -0.29675536
4.100E-1 -0.124245438
4.200E-1 0.111998572
