0.000E+0 0
1.000E-2 2.94891773E-16
2.000E-2 7.17097911E-16
3.000E-2 1.32335861E-15
4.000E-2 2.19552574E-15
5.000E-2 3.45159388E-15
6.000E-2 5.26155677E-15
7.000E-2 7.87021031E-15
8.000E-2 1.16299763E-14
9.000E-2 1.7048222E-14
1.000E-1 2.48556196E-14
1.100E-1 3.61051622E-14
1.200E-1 5.23160208E-14
1.300E-1 7.56832351E-14
1.400E-1 1.09384354E-13
1.500E-1 1.58029184E-13
1.600E-1 2.28321058E-13
1.700E-1 3.30030976E-13
1.800E-1 4.77434549E-13
1.900E-1 6.91433451E-13
2.000E-1 1.00268911E-12
2.100E-1 1.45625316E-12
2.200E-1 2.11841117E-12
2.300E-1 3.08679972E-12
2.400E-1 4.50536538E-12
2.500E-1 6.58648745E-12
2.600E-1 9.64370071E-12
2.700E-1 1.41401059E-11
2.800E-1 2.07599981E-11
2.900E-1 3.05148624E-11
3.000E-1 4.49002396E-11
3.100E-1 6.61278931E-11
3.200E-1 9.74694402E-11
3.300E-1 1.43764972E-10
3.400E-1 2.12175871E-10
3.500E-1 3.13299008E-10
3.600E-1 4.6281563E-10
3.700E-1 6.83931082E-10
3.800E-1 1.01098363E-9
3.900E-1 1.49478025E-9
4.000E-1 2.21048052E-9
4.100E-1 3.2692337E-9
4.200E-1 4.83532993E-9
4.300E-1 7.15142128E-9
4.400E-1 1.05754853E-8
4.500E-1 1.56347247E-8
