0.000E+0 -0.194825786
1.000E-2 -0.194753055
2.000E-2 -0.194679665
3.000E-2 -0.194605547
4.000E-2 -0.194530611
5.000E-2 -0.19445474
6.000E-2 -0.194377772
7.000E-2 -0.194299492
8.000E-2 -0.194219603
9.000E-2 -0.194137701
1.000E-1 -0.194053232
1.100E-1 -0.19396543
1.200E-1 -0.193873244
1.300E-1 -0.193775216
1.400E-1 -0.193669325
1.500E-1 -0.193552759
1.600E-1 -0.193421577
1.700E-1 -0.19327024
1.800E-1 -0.193090906
1.900E-1 -0.192872417
2.000E-1 -0.192598806
2.100E-1 -0.192247113
2.200E-1 -0.191784182
2.300E-1 -0.191161948
2.400E-1 -0.190310527
2.500E-1 -0.189128046
2.600E-1 -0.187465689
2.700E-1 -0.185105698
2.800E-1 -0.181728987
2.900E-1 -0.176867494
3.000E-1 -0.169834077
3.100E-1 -0.159619477
3.200E-1 -0.144741089
3.300E-1 -0.123021503
3.400E-1 -0.0912653665
3.500E-1 -0.0447904204
3.600E-1 0.0232476235
