0.000E+0 0
1.000E-2 1.37845638E-12
2.000E-2 3.30557602E-12
3.000E-2 6.00092295E-12
4.000E-2 9.77192997E-12
5.000E-2 1.50490823E-11
6.000E-2 2.24352203E-11
7.000E-2 3.27746501E-11
8.000E-2 4.72500602E-11
9.000E-2 6.75184808E-11
1.000E-1 9.59020922E-11
1.100E-1 1.35656103E-10
1.200E-1 1.91344944E-10
1.300E-1 2.6937072E-10
1.400E-1 3.78715663E-10
1.500E-1 5.31985438E-10
1.600E-1 7.46875308E-10
1.700E-1 1.04823069E-9
1.800E-1 1.47094324E-9
1.900E-1 2.06402121E-9
2.000E-1 2.89631068E-9
2.100E-1 4.06453703E-9
2.200E-1 5.70460812E-9
2.300E-1 8.00750257E-9
2.400E-1 1.12416032E-8
2.500E-1 1.57840909E-8
2.600E-1 2.21650766E-8
2.700E-1 3.11296374E-8
2.800E-1 4.37250256E-8
2.900E-1 6.14232642E-8
3.000E-1 8.62934888E-8
3.100E-1 1.21244226E-7
3.200E-1 1.70363981E-7
3.300E-1 2.39400046E-7
3.400E-1 3.36431593E-7
3.500E-1 4.7281591E-7
3.600E-1 6.64518589E-7
3.700E-1 9.33983456E-7
3.800E-1 1.31276117E-6
3.900E-1 1.84520417E-6
4.000E-1 2.59366042E-6
4.100E-1 3.64577318E-6
4.200E-1 5.12474018E-6
4.300E-1 7.20372962E-6
4.400E-1 1.01261339E-5
4.500E-1 1.42340169E-5
