0.000E+0 0
1.000E-2 1.89923771E-14
2.000E-2 4.63934834E-14
3.000E-2 8.59617237E-14
4.000E-2 1.43137231E-13
5.000E-2 2.25787133E-13
6.000E-2 3.45262146E-13
7.000E-2 5.17983528E-13
8.000E-2 7.67653177E-13
9.000E-2 1.12851969E-12
1.000E-1 1.65007588E-12
1.100E-1 2.40387844E-12
1.200E-1 3.49345446E-12
1.300E-1 5.06871538E-12
1.400E-1 7.34696147E-12
1.500E-1 1.0643532E-11
1.600E-1 1.54165802E-11
1.700E-1 2.2332538E-11
1.800E-1 3.23618845E-11
1.900E-1 4.69193008E-11
2.000E-1 6.80688287E-11
2.100E-1 9.88242287E-11
2.200E-1 1.4358876E-10
2.300E-1 2.08799166E-10
2.400E-1 3.03868782E-10
2.500E-1 4.42568815E-10
2.600E-1 6.45051578E-10
2.700E-1 9.40814253E-10
2.800E-1 1.3730407E-9
2.900E-1 2.0049625E-9
3.000E-1 2.92917864E-9
3.100E-1 4.28131083E-9
3.200E-1 6.26001169E-9
3.300E-1 9.15628271E-9
3.400E-1 1.33964342E-8
3.500E-1 1.96050361E-8
3.600E-1 2.86971629E-8
3.700E-1 4.20135637E-8
3.800E-1 6.15187301E-8
3.900E-1 9.00911209E-8
4.000E-1 1.31948402E-7
4.100E-1 1.93270461E-7
4.200E-1 2.83112082E-7
4.300E-1 4.147397E-7
4.400E-1 6.07588818E-7
4.500E-1 8.90129174E-7
