0.000E+0 0
1.000E-2 1.40104198E-12
2.000E-2 3.40026408E-12
3.000E-2 6.25645398E-12
4.000E-2 1.03402502E-11
5.000E-2 1.61824529E-11
6.000E-2 2.45432215E-11
7.000E-2 3.65112282E-11
8.000E-2 5.36458054E-11
9.000E-2 7.8180856E-11
1.000E-1 1.13317576E-10
1.100E-1 1.63645005E-10
1.200E-1 2.35744724E-10
1.300E-1 3.39061039E-10
1.400E-1 4.87154154E-10
1.500E-1 6.99506006E-10
1.600E-1 1.00412384E-9
1.700E-1 1.4412953E-9
1.800E-1 2.06900573E-9
1.900E-1 2.97075454E-9
2.000E-1 4.26683415E-9
2.100E-1 6.13060575E-9
2.200E-1 8.81198548E-9
2.300E-1 1.26713336E-8
2.400E-1 1.82283496E-8
2.500E-1 2.6232605E-8
2.600E-1 3.77652621E-8
2.700E-1 5.43857005E-8
2.800E-1 7.83427432E-8
2.900E-1 1.12878646E-7
3.000E-1 1.62665967E-7
3.100E-1 2.34434104E-7
3.200E-1 3.37865114E-7
3.300E-1 4.86868947E-7
3.400E-1 7.01387107E-7
3.500E-1 1.00991975E-6
3.600E-1 1.45301735E-6
3.700E-1 2.08800542E-6
3.800E-1 2.99517752E-6
3.900E-1 4.28551427E-6
4.000E-1 6.10951893E-6
4.100E-1 8.66582179E-6
4.200E-1 1.22062268E-5
4.300E-1 1.70316421E-5
4.400E-1 2.34685746E-5
4.500E-1 3.18113637E-5
