0.000E+0 -0.546615308
1.000E-2 -0.54660726
2.000E-2 -0.546599174
3.000E-2 -0.546591035
4.000E-2 -0.546582842
5.000E-2 -0.546574593
6.000E-2 -0.546566278
7.000E-2 -0.546557896
8.000E-2 -0.546549444
9.000E-2 -0.546540908
1.000E-1 -0.546532278
1.100E-1 -0.546523533
1.200E-1 -0.546514656
1.300E-1 -0.546505609
1.400E-1 -0.54649634
1.500E-1 -0.546486789
1.600E-1 -0.546476841
1.700E-1 -0.546466361
1.800E-1 -0.54645512
1.900E-1 -0.546442816
2.000E-1 -0.546428985
2.100E-1 -0.546412949
2.200E-1 -0.546393732
2.300E-1 -0.546369882
2.400E-1 -0.54633928
2.500E-1 -0.546298813
2.600E-1 -0.5462439
2.700E-1 -0.54616782
2.800E-1 -0.546060696
2.900E-1 -0.545908004
3.000E-1 -0.54568839
3.100E-1 -0.545370469
3.200E-1 -0.544908075
3.300E-1 -0.544233338
3.400E-1 -0.54324642
3.500E-1 -0.541800508
3.600E-1 -0.539679657
3.700E-1 -0.536566247
3.800E-1 -0.531993109
3.900E-1 -0.525273077
4.000E-1 -0.515395423
4.100E-1 -0.500873505
4.200E-1 -0.479520772
4.300E-1 -0.448121451
4.400E-1 -0.40194659
4.500E-1 -0.334043143
4.600E-1 -0.234190426
4.700E-1 -0.0873698666
4.800E-1 0.128475474
