0.000E+0 -0.481199564
1.000E-2 -0.481189127
2.000E-2 -0.481178637
3.000E-2 -0.481168081
4.000E-2 -0.481157454
5.000E-2 -0.481146749
6.000E-2 -0.481135966
7.000E-2 -0.481125092
8.000E-2 -0.481114126
9.000E-2 -0.481103036
1.000E-1 -0.481091833
1.100E-1 -0.481080475
1.200E-1 -0.481068935
1.300E-1 -0.481057172
1.400E-1 -0.481045113
1.500E-1 -0.481032661
1.600E-1 -0.481019685
1.700E-1 -0.481005991
1.800E-1 -0.480991286
1.900E-1 -0.480975154
2.000E-1 -0.480956993
2.100E-1 -0.480935916
2.200E-1 -0.480910626
2.300E-1 -0.480879221
2.400E-1 -0.480838919
2.500E-1 -0.48078563
2.600E-1 -0.480713369
2.700E-1 -0.480613322
2.800E-1 -0.480472575
2.900E-1 -0.48027212
3.000E-1 -0.479984055
3.100E-1 -0.479567362
3.200E-1 -0.47896173
3.300E-1 -0.47807851
3.400E-1 -0.476787354
3.500E-1 -0.474896587
3.600E-1 -0.472124336
3.700E-1 -0.468056096
3.800E-1 -0.462082243
3.900E-1 -0.453306212
4.000E-1 -0.440409419
4.100E-1 -0.421452657
4.200E-1 -0.393584117
4.300E-1 -0.352610286
4.400E-1 -0.292365588
4.500E-1 -0.20378697
4.600E-1 -0.0735567008
4.700E-1 0.117885298
