0.000E+0 0
1.000E-2 9.94366369E-13
2.000E-2 2.38921941E-12
3.000E-2 4.34822145E-12
4.000E-2 7.10172613E-12
5.000E-2 1.0973894E-11
6.000E-2 1.64208637E-11
7.000E-2 2.40845395E-11
8.000E-2 3.48684761E-11
9.000E-2 5.00450918E-11
1.000E-1 7.14073823E-11
1.100E-1 1.01483946E-10
1.200E-1 1.43844214E-10
1.300E-1 2.0353231E-10
1.400E-1 2.87684471E-10
1.500E-1 4.06408434E-10
1.600E-1 5.74036759E-10
1.700E-1 8.10913816E-10
1.800E-1 1.14594437E-9
1.900E-1 1.62022895E-9
2.000E-1 2.2922501E-9
2.100E-1 3.24527179E-9
2.200E-1 4.59789767E-9
2.300E-1 6.51913768E-9
2.400E-1 9.24991081E-9
2.500E-1 1.31337351E-8
2.600E-1 1.86605343E-8
2.700E-1 2.65291723E-8
2.800E-1 3.7736724E-8
2.900E-1 5.37059237E-8
3.000E-1 7.64671236E-8
3.100E-1 1.08918084E-7
3.200E-1 1.551949E-7
3.300E-1 2.21201612E-7
3.400E-1 3.15366397E-7
3.500E-1 4.49721274E-7
3.600E-1 6.41443716E-7
3.700E-1 9.15057696E-7
3.800E-1 1.30557613E-6
3.900E-1 1.86298695E-6
4.000E-1 2.65865675E-6
4.100E-1 3.79446984E-6
4.200E-1 5.41586839E-6
4.300E-1 7.73045218E-6
4.400E-1 1.10344949E-5
4.500E-1 1.57507199E-5
