0.000E+0 -0.601206473
1.000E-2 -0.601196762
2.000E-2 -0.601186971
3.000E-2 -0.601177083
4.000E-2 -0.601167085
5.000E-2 -0.601156958
6.000E-2 -0.601146679
7.000E-2 -0.601136211
8.000E-2 -0.601125504
9.000E-2 -0.601114488
1.000E-1 -0.601103062
1.100E-1 -0.601091085
1.200E-1 -0.601078355
1.300E-1 -0.601064582
1.400E-1 -0.601049353
1.500E-1 -0.601032072
1.600E-1 -0.60101189
1.700E-1 -0.600987583
1.800E-1 -0.600957392
1.900E-1 -0.600918786
2.000E-1 -0.600868119
2.100E-1 -0.600800139
2.200E-1 -0.600707276
2.300E-1 -0.600578612
2.400E-1 -0.600398404
2.500E-1 -0.600143934
2.600E-1 -0.599782427
2.700E-1 -0.599266579
2.800E-1 -0.598528117
2.900E-1 -0.597468485
3.000E-1 -0.595945408
3.100E-1 -0.593753481
3.200E-1 -0.590596135
3.300E-1 -0.58604517
3.400E-1 -0.579482297
3.500E-1 -0.570014746
3.600E-1 -0.55635341
3.700E-1 -0.536636918
3.800E-1 -0.508177693
3.900E-1 -0.46709549
4.000E-1 -0.407788721
4.100E-1 -0.322172172
4.200E-1 -0.198578655
4.300E-1 -0.0201780898
4.400E-1 0.237294718
