0.000E+0 0
1.000E-2 3.72655098E-14
2.000E-2 8.99382464E-14
3.000E-2 1.64415615E-13
4.000E-2 2.69750405E-13
5.000E-2 4.18752757E-13
6.000E-2 6.29549898E-13
7.000E-2 9.27794365E-13
8.000E-2 1.34979128E-12
9.000E-2 1.94692869E-12
1.000E-1 2.79195624E-12
1.100E-1 3.98788674E-12
1.200E-1 5.68062064E-12
1.300E-1 8.0768567E-12
1.400E-1 1.14695091E-11
1.500E-1 1.62737851E-11
1.600E-1 2.30784034E-11
1.700E-1 3.27183149E-11
1.800E-1 4.63779615E-11
1.900E-1 6.57379054E-11
2.000E-1 9.3183049E-11
2.100E-1 1.3209833E-10
2.200E-1 1.87288645E-10
2.300E-1 2.65575204E-10
2.400E-1 3.76642478E-10
2.500E-1 5.34241021E-10
2.600E-1 7.57895769E-10
2.700E-1 1.07533221E-9
2.800E-1 1.52592209E-9
2.900E-1 2.16557709E-9
3.000E-1 3.07369864E-9
3.100E-1 4.36304745E-9
3.200E-1 6.19375849E-9
3.300E-1 8.79324041E-9
3.400E-1 1.24844264E-8
3.500E-1 1.77258728E-8
3.600E-1 2.51686593E-8
3.700E-1 3.5737097E-8
3.800E-1 5.07431513E-8
3.900E-1 7.20485487E-8
4.000E-1 1.02294253E-7
4.100E-1 1.45224989E-7
4.200E-1 2.06147726E-7
4.300E-1 2.92578896E-7
4.400E-1 4.15157829E-7
4.500E-1 5.88936861E-7
