0.000E+0 0
1.000E-2 2.06193321E-15
2.000E-2 5.06236123E-15
3.000E-2 9.4343526E-15
4.000E-2 1.58093331E-14
5.000E-2 2.51070637E-14
6.000E-2 3.86661338E-14
7.000E-2 5.84332153E-14
8.000E-2 8.72376685E-14
9.000E-2 1.29190398E-13
1.000E-1 1.90257789E-13
1.100E-1 2.79131095E-13
1.200E-1 4.08423916E-13
1.300E-1 5.96525677E-13
1.400E-1 8.70249221E-13
1.500E-1 1.26876165E-12
1.600E-1 1.84941907E-12
1.700E-1 2.69639476E-12
1.800E-1 3.93349548E-12
1.900E-1 5.74320991E-12
2.000E-1 8.39503671E-12
2.100E-1 1.22876297E-11
2.200E-1 1.80115141E-11
2.300E-1 2.64424356E-11
2.400E-1 3.88803273E-11
2.500E-1 5.7256231E-11
2.600E-1 8.44404525E-11
2.700E-1 1.24701561E-10
2.800E-1 1.84390164E-10
2.900E-1 2.72957675E-10
3.000E-1 4.04474333E-10
3.100E-1 5.99891364E-10
3.200E-1 8.9041229E-10
3.300E-1 1.32251755E-9
3.400E-1 1.96545354E-9
3.500E-1 2.92239548E-9
3.600E-1 4.34708645E-9
3.700E-1 6.46864041E-9
3.800E-1 9.62851502E-9
3.900E-1 1.43356266E-8
4.000E-1 2.13485099E-8
4.100E-1 3.17977933E-8
4.200E-1 4.73687694E-8
4.300E-1 7.05735425E-8
4.400E-1 1.05156682E-7
4.500E-1 1.5669983E-7
