0.000E+0 -0.66587436
1.000E-2 -0.665856894
2.000E-2 -0.665838928
3.000E-2 -0.665820311
4.000E-2 -0.665800832
5.000E-2 -0.665780195
6.000E-2 -0.665757986
7.000E-2 -0.665733617
8.000E-2 -0.66570626
9.000E-2 -0.665674743
1.000E-1 -0.66563741
1.100E-1 -0.665591918
1.200E-1 -0.665534948
1.300E-1 -0.6654618
1.400E-1 -0.665365814
1.500E-1 -0.665237552
1.600E-1 -0.665063631
1.700E-1 -0.664825074
1.800E-1 -0.664494964
1.900E-1 -0.66403512
2.000E-1 -0.663391371
2.100E-1 -0.662486859
2.200E-1 -0.661212544
2.300E-1 -0.659413742
2.400E-1 -0.656871055
2.500E-1 -0.653273409
2.600E-1 -0.648179957
2.700E-1 -0.6409664
2.800E-1 -0.63074956
2.900E-1 -0.616281866
3.000E-1 -0.595804588
3.100E-1 -0.566845275
3.200E-1 -0.525940989
3.300E-1 -0.468264827
3.400E-1 -0.387129014
3.500E-1 -0.273332682
3.600E-1 -0.114313781
3.700E-1 0.106956426
