0.000E+0 0
1.000E-2 9.27962104E-17
2.000E-2 2.25441027E-16
3.000E-2 4.15690148E-16
4.000E-2 6.89119629E-16
5.000E-2 1.08252276E-15
6.000E-2 1.64876497E-15
7.000E-2 2.46372135E-15
8.000E-2 3.6361955E-15
9.000E-2 5.32212018E-15
1.000E-1 7.74493575E-15
1.100E-1 1.12249304E-14
1.200E-1 1.62216597E-14
1.300E-1 2.33955687E-14
1.400E-1 3.36979544E-14
1.500E-1 4.85029273E-14
1.600E-1 6.98017809E-14
1.700E-1 1.00490218E-13
1.800E-1 1.44793792E-13
1.900E-1 2.08899047E-13
2.000E-1 3.01890674E-13
2.100E-1 4.37143888E-13
2.200E-1 6.34393934E-13
2.300E-1 9.22813057E-13
2.400E-1 1.34558685E-12
2.500E-1 1.96672273E-12
2.600E-1 2.88118232E-12
2.700E-1 4.22996464E-12
2.800E-1 6.22256424E-12
2.900E-1 9.17041737E-12
3.000E-1 1.35367203E-11
3.100E-1 2.00106438E-11
3.200E-1 2.96179038E-11
3.300E-1 4.38855072E-11
3.400E-1 6.50872339E-11
3.500E-1 9.66094215E-11
3.600E-1 1.43495999E-10
3.700E-1 2.13260548E-10
3.800E-1 3.17096046E-10
3.900E-1 4.7167661E-10
4.000E-1 7.01839917E-10
4.100E-1 1.04457842E-9
4.200E-1 1.55497263E-9
4.300E-1 2.3149995E-9
4.400E-1 3.4465825E-9
4.500E-1 5.1308667E-9
