0.000E+0 0
1.000E-2 1.16440266E-14
2.000E-2 2.81664326E-14
3.000E-2 5.16968246E-14
4.000E-2 8.52786757E-14
5.000E-2 1.33253021E-13
6.000E-2 2.0179974E-13
7.000E-2 2.99700414E-13
8.000E-2 4.39413342E-13
9.000E-2 6.38590051E-13
1.000E-1 9.22219719E-13
1.100E-1 1.32567329E-12
1.200E-1 1.89904747E-12
1.300E-1 2.71340299E-12
1.400E-1 3.86978461E-12
1.500E-1 5.51235108E-12
1.600E-1 7.84760154E-12
1.700E-1 1.11726637E-11
1.800E-1 1.59170586E-11
1.900E-1 2.27045022E-11
2.000E-1 3.24444846E-11
2.100E-1 4.64680888E-11
2.200E-1 6.67295407E-11
2.300E-1 9.61054458E-11
2.400E-1 1.38839275E-10
2.500E-1 2.01201914E-10
2.600E-1 2.9247374E-10
2.700E-1 4.26405351E-10
2.800E-1 6.23390999E-10
2.900E-1 9.13703489E-10
3.000E-1 1.34231016E-9
3.100E-1 1.9760443E-9
3.200E-1 2.91428582E-9
3.300E-1 4.30487066E-9
3.400E-1 6.36779145E-9
3.500E-1 9.43050736E-9
3.600E-1 1.39805527E-8
3.700E-1 2.074392E-8
3.800E-1 3.08018417E-8
3.900E-1 4.57647665E-8
4.000E-1 6.80315006E-8
4.100E-1 1.01175099E-7
4.200E-1 1.50517251E-7
4.300E-1 2.23982684E-7
4.400E-1 3.33368789E-7
4.500E-1 4.96229436E-7
