0.000E+0 0
1.000E-2 1.56413484E-11
2.000E-2 3.76259375E-11
3.000E-2 6.85424438E-11
4.000E-2 1.12035875E-10
5.000E-2 1.73238686E-10
6.000E-2 2.59378029E-10
7.000E-2 3.80631298E-10
8.000E-2 5.51331761E-10
9.000E-2 7.91668062E-10
1.000E-1 1.1300805E-9
1.100E-1 1.60664085E-9
1.200E-1 2.27782065E-9
1.300E-1 3.22321996E-9
1.400E-1 4.55506433E-9
1.500E-1 6.43161041E-9
1.600E-1 9.0760698E-9
1.700E-1 1.28033214E-8
1.800E-1 1.80576134E-8
1.900E-1 2.54657637E-8
2.000E-1 3.59122032E-8
2.100E-1 5.06447746E-8
2.200E-1 7.14237778E-8
2.300E-1 1.00731713E-7
2.400E-1 1.42067978E-7
2.500E-1 2.00362027E-7
2.600E-1 2.82550757E-7
2.700E-1 3.98381792E-7
2.800E-1 5.61523768E-7
2.900E-1 7.9108659E-7
3.000E-1 1.11367455E-6
3.100E-1 1.56610282E-6
3.200E-1 2.19888075E-6
3.300E-1 3.0804601E-6
3.400E-1 4.30198507E-6
3.500E-1 5.98173859E-6
3.600E-1 8.26748854E-6
3.700E-1 1.13333749E-5
3.800E-1 1.53656608E-5
3.900E-1 2.05302867E-5
4.000E-1 2.69154718E-5
4.100E-1 3.44532383E-5
4.200E-1 4.28502548E-5
4.300E-1 5.1594696E-5
4.400E-1 6.00965323E-5
4.500E-1 6.79092698E-5
