0.000E+0 0
1.000E-2 5.98822336E-12
2.000E-2 1.43710717E-11
3.000E-2 2.61111315E-11
4.000E-2 4.25579432E-11
5.000E-2 6.56036025E-11
6.000E-2 9.79009982E-11
7.000E-2 1.43169962E-10
8.000E-2 2.06626829E-10
9.000E-2 2.955873E-10
1.000E-1 4.20312697E-10
1.100E-1 5.95198186E-10
1.200E-1 8.40441427E-10
1.300E-1 1.18438637E-9
1.400E-1 1.66681571E-9
1.500E-1 2.34357634E-9
1.600E-1 3.29307769E-9
1.700E-1 4.62542062E-9
1.800E-1 6.49522083E-9
1.900E-1 9.11961811E-9
2.000E-1 1.28035618E-8
2.100E-1 1.79752974E-8
2.200E-1 2.52361405E-8
2.300E-1 3.54302318E-8
2.400E-1 4.97421764E-8
2.500E-1 6.98334843E-8
2.600E-1 9.80327709E-8
2.700E-1 1.37599994E-7
2.800E-1 1.9309176E-7
2.900E-1 2.70862819E-7
3.000E-1 3.79747602E-7
3.100E-1 5.31972761E-7
3.200E-1 7.44352275E-7
3.300E-1 1.03980017E-6
3.400E-1 1.44914253E-6
3.500E-1 2.01308609E-6
3.600E-1 2.78395264E-6
3.700E-1 3.82635685E-6
3.800E-1 5.21536136E-6
3.900E-1 7.02992305E-6
4.000E-1 9.33917505E-6
4.100E-1 1.21804467E-5
4.200E-1 1.5532428E-5
4.300E-1 1.92945017E-5
4.400E-1 2.32889674E-5
4.500E-1 2.72968737E-5
