0.000E+0 0
1.000E-2 8.32609607E-12
2.000E-2 1.99788612E-11
3.000E-2 3.62947901E-11
4.000E-2 5.9147337E-11
5.000E-2 9.11627153E-11
6.000E-2 1.36022528E-10
7.000E-2 1.98888244E-10
8.000E-2 2.86996726E-10
9.000E-2 4.10495906E-10
1.000E-1 5.83617783E-10
1.100E-1 8.2632525E-10
1.200E-1 1.1666247E-9
1.300E-1 1.64381411E-9
1.400E-1 2.31304573E-9
1.500E-1 3.25173588E-9
1.600E-1 4.56856997E-9
1.700E-1 6.41615324E-9
1.800E-1 9.0087813E-9
1.900E-1 1.26473987E-8
2.000E-1 1.77546438E-8
2.100E-1 2.49240383E-8
2.200E-1 3.49889924E-8
2.300E-1 4.91195361E-8
2.400E-1 6.89577686E-8
2.500E-1 9.6807232E-8
2.600E-1 1.35897102E-7
2.700E-1 1.90749612E-7
2.800E-1 2.67688786E-7
2.900E-1 3.75540405E-7
3.000E-1 5.265863E-7
3.100E-1 7.37848178E-7
3.200E-1 1.03278094E-6
3.300E-1 1.4434397E-6
3.400E-1 2.01312297E-6
3.500E-1 2.79934024E-6
3.600E-1 3.87663314E-6
3.700E-1 5.33819729E-6
3.800E-1 7.29433207E-6
3.900E-1 9.86457906E-6
4.000E-1 1.31595849E-5
4.100E-1 1.724981E-5
4.200E-1 2.21238144E-5
4.300E-1 2.76505731E-5
4.400E-1 3.35727398E-5
4.500E-1 3.95544386E-5
