0.000E+0 0
1.000E-2 3.58795616E-15
2.000E-2 8.68491719E-15
3.000E-2 1.59374047E-14
4.000E-2 2.62686569E-14
5.000E-2 4.09970408E-14
6.000E-2 6.20052629E-14
7.000E-2 9.19823339E-14
8.000E-2 1.3476985E-13
9.000E-2 1.95858045E-13
1.000E-1 2.83097164E-13
1.100E-1 4.07718767E-13
1.200E-1 5.85803666E-13
1.300E-1 8.40394019E-13
1.400E-1 1.20453502E-12
1.500E-1 1.72565857E-12
1.600E-1 2.47190459E-12
1.700E-1 3.54123974E-12
1.800E-1 5.07461525E-12
1.900E-1 7.27495549E-12
2.000E-1 1.04345644E-11
2.100E-1 1.49746843E-11
2.200E-1 2.15025998E-11
2.300E-1 3.08940735E-11
2.400E-1 4.44123575E-11
2.500E-1 6.38800209E-11
2.600E-1 9.19270413E-11
2.700E-1 1.32349026E-10
2.800E-1 1.9062446E-10
2.900E-1 2.74661592E-10
3.000E-1 3.95876893E-10
3.100E-1 5.70752247E-10
3.200E-1 8.23083241E-10
3.300E-1 1.18722495E-9
3.400E-1 1.71277706E-9
3.500E-1 2.4713449E-9
3.600E-1 3.56629295E-9
3.700E-1 5.14680773E-9
3.800E-1 7.42815916E-9
3.900E-1 1.07208602E-8
4.000E-1 1.54725658E-8
4.100E-1 2.23281375E-8
4.200E-1 3.22154579E-8
4.300E-1 4.64674309E-8
4.400E-1 6.69941689E-8
4.500E-1 9.65234101E-8
