0.000E+0 0
1.000E-2 1.54489384E-13
2.000E-2 3.7180448E-13
3.000E-2 6.78222502E-13
4.000E-2 1.1109754E-12
5.000E-2 1.72280696E-12
6.000E-2 2.58843083E-12
7.000E-2 3.81369156E-12
8.000E-2 5.54857778E-12
9.000E-2 8.00573731E-12
1.000E-1 1.14868704E-11
1.100E-1 1.64204288E-11
1.200E-1 2.34155732E-11
1.300E-1 3.33395491E-11
1.400E-1 4.74288307E-11
1.500E-1 6.74489892E-11
1.600E-1 9.59248827E-11
1.700E-1 1.3647234E-10
1.800E-1 1.94276313E-10
1.900E-1 2.76780383E-10
2.000E-1 3.94681243E-10
2.100E-1 5.63363253E-10
2.200E-1 8.04968084E-10
2.300E-1 1.15138098E-9
2.400E-1 1.6485401E-9
2.500E-1 2.3626559E-9
2.600E-1 3.38918798E-9
2.700E-1 4.86580335E-9
2.800E-1 6.99108287E-9
2.900E-1 1.00515282E-8
3.000E-1 1.44605531E-8
3.100E-1 2.08147789E-8
3.200E-1 2.99753154E-8
3.300E-1 4.31851123E-8
3.400E-1 6.22383827E-8
3.500E-1 8.97251824E-8
3.600E-1 1.29384436E-7
3.700E-1 1.86613388E-7
3.800E-1 2.69202549E-7
3.900E-1 3.88395454E-7
4.000E-1 5.6041573E-7
4.100E-1 8.0866531E-7
4.200E-1 1.16688415E-6
4.300E-1 1.6836824E-6
4.400E-1 2.42902099E-6
4.500E-1 3.50343697E-6
