0.000E+0 0
1.000E-2 3.05044696E-15
2.000E-2 7.36634717E-15
3.000E-2 1.34944026E-14
4.000E-2 2.22144493E-14
5.000E-2 3.46374277E-14
6.000E-2 5.23440999E-14
7.000E-2 7.75815415E-14
8.000E-2 1.13541827E-13
9.000E-2 1.6475818E-13
1.000E-1 2.37669944E-13
1.100E-1 3.4143171E-13
1.200E-1 4.89077803E-13
1.300E-1 6.99206959E-13
1.400E-1 9.98431987E-13
1.500E-1 1.42495793E-12
1.600E-1 2.03382785E-12
1.700E-1 2.90463416E-12
1.800E-1 4.15287516E-12
1.900E-1 5.94669831E-12
2.000E-1 8.53160236E-12
2.100E-1 1.22668975E-11
2.200E-1 1.76795386E-11
2.300E-1 2.55436365E-11
2.400E-1 3.69979327E-11
2.500E-1 5.3719418E-11
2.600E-1 7.81800046E-11
2.700E-1 1.1402608E-10
2.800E-1 1.66639897E-10
2.900E-1 2.43970081E-10
3.000E-1 3.57760452E-10
3.100E-1 5.25368433E-10
3.200E-1 7.72456248E-10
3.300E-1 1.13697416E-9
3.400E-1 1.67505649E-9
3.500E-1 2.46974957E-9
3.600E-1 3.64393216E-9
3.700E-1 5.37944329E-9
3.800E-1 7.94539957E-9
3.900E-1 1.1740118E-8
4.000E-1 1.73531785E-8
4.100E-1 2.56572987E-8
4.200E-1 3.79443296E-8
4.300E-1 5.61265323E-8
4.400E-1 8.30344114E-8
4.500E-1 1.22857281E-7
