0.000E+0 0
1.000E-2 9.52522304E-13
2.000E-2 2.29028367E-12
3.000E-2 4.17178072E-12
4.000E-2 6.82042491E-12
5.000E-2 1.05510075E-11
6.000E-2 1.5806965E-11
7.000E-2 2.3212905E-11
8.000E-2 3.36487451E-11
9.000E-2 4.83545356E-11
1.000E-1 6.90789582E-11
1.100E-1 9.82901443E-11
1.200E-1 1.39475602E-10
1.300E-1 1.97569764E-10
1.400E-1 2.79564511E-10
1.500E-1 3.95382193E-10
1.600E-1 5.59125315E-10
1.700E-1 7.90866672E-10
1.800E-1 1.11921486E-9
1.900E-1 1.58499212E-9
2.000E-1 2.24650777E-9
2.100E-1 3.1871207E-9
2.200E-1 4.52608601E-9
2.300E-1 6.43411386E-9
2.400E-1 9.1556911E-9
2.500E-1 1.30411086E-8
2.600E-1 1.85924205E-8
2.700E-1 2.65294007E-8
2.800E-1 3.78842096E-8
2.900E-1 5.41372723E-8
3.000E-1 7.74123283E-8
3.100E-1 1.10756427E-7
3.200E-1 1.58541881E-7
3.300E-1 2.27043314E-7
3.400E-1 3.25266074E-7
3.500E-1 4.66135524E-7
3.600E-1 6.68204334E-7
3.700E-1 9.58103311E-7
3.800E-1 1.37405924E-6
3.900E-1 1.97094366E-6
4.000E-1 2.82751721E-6
4.100E-1 4.05682157E-6
4.200E-1 5.8210798E-6
4.300E-1 8.3530479E-6
4.400E-1 1.1986583E-5
4.500E-1 1.72003502E-5
