0.000E+0 0
1.000E-2 1.23678664E-13
2.000E-2 2.99385698E-13
3.000E-2 5.4918828E-13
4.000E-2 9.04535777E-13
5.000E-2 1.41017828E-12
6.000E-2 2.12983858E-12
7.000E-2 3.15425457E-12
8.000E-2 4.61265939E-12
9.000E-2 6.68917159E-12
1.000E-1 9.64621638E-12
1.100E-1 1.38580248E-11
1.200E-1 1.98585887E-11
1.300E-1 2.84103615E-11
1.400E-1 4.06027403E-11
1.500E-1 5.79933064E-11
1.600E-1 8.28104567E-11
1.700E-1 1.1824417E-10
1.800E-1 1.68863303E-10
1.900E-1 2.41214524E-10
2.000E-1 3.44682004E-10
2.100E-1 4.92721453E-10
2.200E-1 7.04631594E-10
2.300E-1 1.00809726E-9
2.400E-1 1.44284042E-9
2.500E-1 2.06586201E-9
2.600E-1 2.95896806E-9
2.700E-1 4.23957591E-9
2.800E-1 6.07623061E-9
2.900E-1 8.71088505E-9
3.000E-1 1.2490893E-8
3.100E-1 1.79149498E-8
3.200E-1 2.56990644E-8
3.300E-1 3.68712928E-8
3.400E-1 5.29077808E-8
3.500E-1 7.59281256E-8
3.600E-1 1.08975922E-7
3.700E-1 1.56421645E-7
3.800E-1 2.24541209E-7
3.900E-1 3.22346811E-7
4.000E-1 4.62780053E-7
4.100E-1 6.6442532E-7
4.200E-1 9.53970195E-7
4.300E-1 1.36973857E-6
4.400E-1 1.96676394E-6
4.500E-1 2.82407387E-6
