0.000E+0 0
1.000E-2 1.36052208E-13
2.000E-2 3.26669548E-13
3.000E-2 5.94103324E-13
4.000E-2 9.69678743E-13
5.000E-2 1.49749919E-12
6.000E-2 2.23966874E-12
7.000E-2 3.28365993E-12
8.000E-2 4.75271629E-12
9.000E-2 6.82055121E-12
1.000E-1 9.73213569E-12
1.100E-1 1.3833121E-11
1.200E-1 1.96115146E-11
1.300E-1 2.77567499E-11
1.400E-1 3.92434551E-11
1.500E-1 5.54502933E-11
1.600E-1 7.83286045E-11
1.700E-1 1.10641766E-10
1.800E-1 1.56304963E-10
1.900E-1 2.20867537E-10
2.000E-1 3.12197767E-10
2.100E-1 4.41455115E-10
2.200E-1 6.2447065E-10
2.300E-1 8.83707125E-10
2.400E-1 1.25104222E-9
2.500E-1 1.7717208E-9
2.600E-1 2.50996732E-9
2.700E-1 3.55695604E-9
2.800E-1 5.04212937E-9
2.900E-1 7.14927118E-9
3.000E-1 1.01393319E-8
3.100E-1 1.43828403E-8
3.200E-1 2.04059252E-8
3.300E-1 2.8955655E-8
3.400E-1 4.10927885E-8
3.500E-1 5.83234048E-8
3.600E-1 8.27856452E-8
3.700E-1 1.17514511E-7
3.800E-1 1.66817076E-7
3.900E-1 2.36803612E-7
4.000E-1 3.3613833E-7
4.100E-1 4.77098339E-7
4.200E-1 6.77062956E-7
4.300E-1 9.60599342E-7
4.400E-1 1.36236543E-6
4.500E-1 1.93111474E-6
