0.000E+0 0
1.000E-2 5.17435105E-14
2.000E-2 1.26294007E-13
3.000E-2 2.33795356E-13
4.000E-2 3.88900332E-13
5.000E-2 6.12773814E-13
6.000E-2 9.35986373E-13
7.000E-2 1.40269503E-12
8.000E-2 2.07668558E-12
9.000E-2 3.05010899E-12
1.000E-1 4.45611886E-12
1.100E-1 6.48716196E-12
1.200E-1 9.4214652E-12
1.300E-1 1.36614141E-11
1.400E-1 1.97891902E-11
1.500E-1 2.86474665E-11
1.600E-1 4.14564864E-11
1.700E-1 5.99839758E-11
1.800E-1 8.67917636E-11
1.900E-1 1.25593758E-10
2.000E-1 1.81775534E-10
2.100E-1 2.63148386E-10
2.200E-1 3.8104337E-10
2.300E-1 5.51898002E-10
2.400E-1 7.99556092E-10
2.500E-1 1.15859823E-9
2.600E-1 1.67915842E-9
2.700E-1 2.43387648E-9
2.800E-1 3.52790436E-9
2.900E-1 5.11324697E-9
3.000E-1 7.40918693E-9
3.100E-1 1.07311049E-8
3.200E-1 1.55305822E-8
3.300E-1 2.24500252E-8
3.400E-1 3.23946252E-8
3.500E-1 4.66220959E-8
3.600E-1 6.68441465E-8
3.700E-1 9.5319547E-8
3.800E-1 1.34892718E-7
3.900E-1 1.88892692E-7
4.000E-1 2.60766679E-7
4.100E-1 3.53322426E-7
4.200E-1 4.67574719E-7
4.300E-1 6.0150066E-7
4.400E-1 7.49398554E-7
4.500E-1 9.0261065E-7
