0.000E+0 0
1.000E-2 4.09760375E-12
2.000E-2 9.91366079E-12
3.000E-2 1.8185735E-11
4.000E-2 2.99667061E-11
5.000E-2 4.6759028E-11
6.000E-2 7.07060859E-11
7.000E-2 1.04865073E-10
8.000E-2 1.53596425E-10
9.000E-2 2.23120222E-10
1.000E-1 3.22312296E-10
1.100E-1 4.63845217E-10
1.200E-1 6.6582663E-10
1.300E-1 9.54156239E-10
1.400E-1 1.36592289E-9
1.500E-1 1.95430874E-9
1.600E-1 2.79567872E-9
1.700E-1 3.99983944E-9
1.800E-1 5.72489544E-9
1.900E-1 8.19877265E-9
2.000E-1 1.17504098E-8
2.100E-1 1.68549664E-8
2.200E-1 2.41993495E-8
2.300E-1 3.47771856E-8
2.400E-1 5.00264524E-8
2.500E-1 7.20288754E-8
2.600E-1 1.03798672E-7
2.700E-1 1.49700364E-7
2.800E-1 2.16052655E-7
2.900E-1 3.11999714E-7
3.000E-1 4.50765053E-7
3.100E-1 6.51449197E-7
3.200E-1 9.41592759E-7
3.300E-1 1.36080138E-6
3.400E-1 1.96581207E-6
3.500E-1 2.83745211E-6
3.600E-1 4.08997267E-6
3.700E-1 5.88301145E-6
3.800E-1 8.43623678E-6
3.900E-1 1.20454819E-5
4.000E-1 1.70979806E-5
4.100E-1 2.40823984E-5
4.200E-1 3.3588446E-5
4.300E-1 4.62924741E-5
4.400E-1 6.29305288E-5
4.500E-1 8.42655941E-5
