0.000E+0 0
1.000E-2 1.51385119E-13
2.000E-2 3.66086737E-13
3.000E-2 6.7075245E-13
4.000E-2 1.10323993E-12
5.000E-2 1.71733164E-12
6.000E-2 2.5894352E-12
7.000E-2 3.82810911E-12
8.000E-2 5.58761077E-12
9.000E-2 8.08717472E-12
1.000E-1 1.16384589E-11
1.100E-1 1.66846407E-11
1.200E-1 2.3856135E-11
1.300E-1 3.40500399E-11
1.400E-1 4.85434559E-11
1.500E-1 6.91551727E-11
1.600E-1 9.84764182E-11
1.700E-1 1.40200221E-10
1.800E-1 1.99591572E-10
1.900E-1 2.84158629E-10
2.000E-1 4.04610954E-10
2.100E-1 5.76227599E-10
2.200E-1 8.2081039E-10
2.300E-1 1.16947281E-9
2.400E-1 1.66662209E-9
2.500E-1 2.37564511E-9
2.600E-1 3.38702748E-9
2.700E-1 4.82994707E-9
2.800E-1 6.8888296E-9
2.900E-1 9.82698959E-9
3.000E-1 1.4020391E-8
3.100E-1 2.00058578E-8
3.200E-1 2.85499223E-8
3.300E-1 4.07471435E-8
3.400E-1 5.8160513E-8
3.500E-1 8.3021963E-8
3.600E-1 1.18518702E-7
3.700E-1 1.69202111E-7
3.800E-1 2.41571657E-7
3.900E-1 3.44908694E-7
4.000E-1 4.92467052E-7
4.100E-1 7.03172973E-7
4.200E-1 1.00405205E-6
4.300E-1 1.43369364E-6
4.400E-1 2.04719526E-6
4.500E-1 2.92321731E-6
