0.000E+0 0
1.000E-2 1.0591922E-12
2.000E-2 2.54980725E-12
3.000E-2 4.64976357E-12
4.000E-2 7.61022303E-12
5.000E-2 1.17856998E-11
6.000E-2 1.76765752E-11
7.000E-2 2.59891744E-11
8.000E-2 3.77207386E-11
9.000E-2 5.42797383E-11
1.000E-1 7.76564302E-11
1.100E-1 1.10664935E-10
1.200E-1 1.5728724E-10
1.300E-1 2.23162566E-10
1.400E-1 3.1628416E-10
1.500E-1 4.47992174E-10
1.600E-1 6.3438916E-10
1.700E-1 8.9835884E-10
1.800E-1 1.27244591E-9
1.900E-1 1.80296477E-9
2.000E-1 2.5558622E-9
2.100E-1 3.62508344E-9
2.200E-1 5.1445115E-9
2.300E-1 7.3050075E-9
2.400E-1 1.03787322E-8
2.500E-1 1.47538639E-8
2.600E-1 2.09841581E-8
2.700E-1 2.98596993E-8
2.800E-1 4.25079099E-8
2.900E-1 6.05377632E-8
3.000E-1 8.62456849E-8
3.100E-1 1.22909539E-7
3.200E-1 1.75208385E-7
3.300E-1 2.49821826E-7
3.400E-1 3.56285767E-7
3.500E-1 5.08214285E-7
3.600E-1 7.25044166E-7
3.700E-1 1.0345256E-6
3.800E-1 1.47627785E-6
3.900E-1 2.10686478E-6
4.000E-1 3.00703854E-6
4.100E-1 4.29207529E-6
4.200E-1 6.12651752E-6
4.300E-1 8.74519134E-6
4.400E-1 1.24831481E-5
4.500E-1 1.78182762E-5
