0.000E+0 0
1.000E-2 2.88691525E-12
2.000E-2 6.90735903E-12
3.000E-2 1.25150843E-11
4.000E-2 2.03444964E-11
5.000E-2 3.12821906E-11
6.000E-2 4.65668651E-11
7.000E-2 6.79290348E-11
8.000E-2 9.77867203E-11
9.000E-2 1.39520093E-10
1.000E-1 1.97857811E-10
1.100E-1 2.79421772E-10
1.200E-1 3.93497103E-10
1.300E-1 5.5312287E-10
1.400E-1 7.76640037E-10
1.500E-1 1.08989164E-9
1.600E-1 1.52935346E-9
1.700E-1 2.146592E-9
1.800E-1 3.01461577E-9
1.900E-1 4.23692676E-9
2.000E-1 5.96042282E-9
2.100E-1 8.39379266E-9
2.200E-1 1.18337458E-8
2.300E-1 1.67024204E-8
2.400E-1 2.36007415E-8
2.500E-1 3.33845396E-8
2.600E-1 4.72731552E-8
2.700E-1 6.70044109E-8
2.800E-1 9.50557662E-8
2.900E-1 1.34959951E-7
3.000E-1 1.9175546E-7
3.100E-1 2.72629573E-7
3.200E-1 3.87836192E-7
3.300E-1 5.52005975E-7
3.400E-1 7.86016405E-7
3.500E-1 1.11966102E-6
3.600E-1 1.59545896E-6
3.700E-1 2.27409143E-6
3.800E-1 3.24215814E-6
3.900E-1 4.62324076E-6
4.000E-1 6.59367649E-6
4.100E-1 9.40503318E-6
4.200E-1 1.34161048E-5
4.300E-1 1.9138402E-5
4.400E-1 2.73007113E-5
4.500E-1 3.89404765E-5
