0.000E+0 0
1.000E-2 1.08972461E-12
2.000E-2 2.62070452E-12
3.000E-2 4.77259655E-12
4.000E-2 7.79819246E-12
5.000E-2 1.20531968E-11
6.000E-2 1.80381505E-11
7.000E-2 2.64574737E-11
8.000E-2 3.83026505E-11
9.000E-2 5.49694735E-11
1.000E-1 7.84233647E-11
1.100E-1 1.11432579E-10
1.200E-1 1.57897284E-10
1.300E-1 2.23314082E-10
1.400E-1 3.15431875E-10
1.500E-1 4.45178072E-10
1.600E-1 6.27966739E-10
1.700E-1 8.85546343E-10
1.800E-1 1.24860982E-9
1.900E-1 1.76048162E-9
2.000E-1 2.48232627E-9
2.100E-1 3.50050648E-9
2.200E-1 4.93697824E-9
2.300E-1 6.96397664E-9
2.400E-1 9.82476413E-9
2.500E-1 1.38629441E-8
2.600E-1 1.95638768E-8
2.700E-1 2.76131957E-8
2.800E-1 3.89794841E-8
2.900E-1 5.50310906E-8
3.000E-1 7.77011814E-8
3.100E-1 1.09720946E-7
3.200E-1 1.54949103E-7
3.300E-1 2.18837468E-7
3.400E-1 3.09088762E-7
3.500E-1 4.36586029E-7
3.600E-1 6.16705779E-7
3.700E-1 8.71173221E-7
3.800E-1 1.23068323E-6
3.900E-1 1.73860286E-6
4.000E-1 2.45620107E-6
4.100E-1 3.47003466E-6
4.200E-1 4.90237707E-6
4.300E-1 6.92593919E-6
4.400E-1 9.78464006E-6
4.500E-1 1.38228958E-5
