0.000E+0 0
1.000E-2 4.15065037E-12
2.000E-2 9.92703837E-12
3.000E-2 1.79745872E-11
4.000E-2 2.91945681E-11
5.000E-2 4.48454642E-11
6.000E-2 6.66846585E-11
7.000E-2 9.71666701E-11
8.000E-2 1.39720803E-10
9.000E-2 1.99140478E-10
1.000E-1 2.82129841E-10
1.100E-1 3.98072095E-10
1.200E-1 5.60110694E-10
1.300E-1 7.86672204E-10
1.400E-1 1.1036129E-9
1.500E-1 1.54724626E-9
1.600E-1 2.16861456E-9
1.700E-1 3.03951738E-9
1.800E-1 4.26102103E-9
1.900E-1 5.97547135E-9
2.000E-1 8.3834537E-9
2.100E-1 1.17677393E-8
2.200E-1 1.65270985E-8
2.300E-1 2.322405E-8
2.400E-1 3.26522942E-8
2.500E-1 4.59319523E-8
2.600E-1 6.46440818E-8
2.700E-1 9.10206786E-8
2.800E-1 1.28213062E-7
2.900E-1 1.80670989E-7
3.000E-1 2.54678195E-7
3.100E-1 3.5910891E-7
3.200E-1 5.06496534E-7
3.300E-1 7.14543231E-7
3.400E-1 1.00825231E-6
3.500E-1 1.42294014E-6
3.600E-1 2.00848993E-6
3.700E-1 2.83535867E-6
3.800E-1 4.00305797E-6
3.900E-1 5.6521242E-6
4.000E-1 7.98100652E-6
4.100E-1 1.12698791E-5
4.200E-1 1.59141883E-5
4.300E-1 2.24718581E-5
4.400E-1 3.17296027E-5
4.500E-1 4.47958564E-5
