0.000E+0 0
1.000E-2 2.95949971E-13
2.000E-2 7.20582492E-13
3.000E-2 1.33079094E-12
4.000E-2 2.20829782E-12
5.000E-2 3.47029788E-12
6.000E-2 5.28458468E-12
7.000E-2 7.89103308E-12
8.000E-2 1.16321051E-11
9.000E-2 1.69962001E-11
1.000E-1 2.46793623E-11
1.100E-1 3.56733549E-11
1.200E-1 5.13918336E-11
1.300E-1 7.38519009E-11
1.400E-1 1.05936622E-10
1.500E-1 1.51776437E-10
1.600E-1 2.17305745E-10
1.700E-1 3.11078049E-10
1.800E-1 4.45462998E-10
1.900E-1 6.38407527E-10
2.000E-1 9.16029975E-10
2.100E-1 1.31644401E-9
2.200E-1 1.8953982E-9
2.300E-1 2.73459657E-9
2.400E-1 3.95397918E-9
2.500E-1 5.72985361E-9
2.600E-1 8.32167407E-9
2.700E-1 1.21116041E-8
2.800E-1 1.76629813E-8
2.900E-1 2.58067322E-8
3.000E-1 3.77691218E-8
3.100E-1 5.53606279E-8
3.200E-1 8.1255202E-8
3.300E-1 1.19403162E-7
3.400E-1 1.75641599E-7
3.500E-1 2.58596584E-7
3.600E-1 3.81016178E-7
3.700E-1 5.61738828E-7
3.800E-1 8.28597476E-7
3.900E-1 1.22269876E-6
4.000E-1 1.80471688E-6
4.100E-1 2.66412677E-6
4.200E-1 3.93270098E-6
4.300E-1 5.80414413E-6
4.400E-1 8.5624983E-6
4.500E-1 1.26227838E-5
