0.000E+0 0
1.000E-2 1.24623305E-13
2.000E-2 2.98207684E-13
3.000E-2 5.40544584E-13
4.000E-2 8.79413091E-13
5.000E-2 1.35380524E-12
6.000E-2 2.01846209E-12
7.000E-2 2.95026141E-12
8.000E-2 4.2572265E-12
9.000E-2 6.09125296E-12
1.000E-1 8.66611903E-12
1.100E-1 1.22830171E-11
1.200E-1 1.73668044E-11
1.300E-1 2.4517544E-11
1.400E-1 3.4583866E-11
1.500E-1 4.87674739E-11
1.600E-1 6.8772103E-11
1.700E-1 9.70159179E-11
1.800E-1 1.36934443E-10
1.900E-1 1.93412677E-10
2.000E-1 2.73401566E-10
2.100E-1 3.86797564E-10
2.200E-1 5.47697707E-10
2.300E-1 7.76190691E-10
2.400E-1 1.1009131E-9
2.500E-1 1.56269799E-9
2.600E-1 2.21978303E-9
2.700E-1 3.15524537E-9
2.800E-1 4.48761581E-9
2.900E-1 6.38603249E-9
3.000E-1 9.09187666E-9
3.100E-1 1.29496635E-8
3.200E-1 1.84511491E-8
3.300E-1 2.62983061E-8
3.400E-1 3.74932417E-8
3.500E-1 5.34665807E-8
3.600E-1 7.62607595E-8
3.700E-1 1.08791699E-7
3.800E-1 1.55222331E-7
3.900E-1 2.21495705E-7
4.000E-1 3.16095655E-7
4.100E-1 4.51131801E-7
4.200E-1 6.43886367E-7
4.300E-1 9.19017777E-7
4.400E-1 1.31169661E-6
4.500E-1 1.87206165E-6
