0.000E+0 -0.724689011
1.000E-2 -0.724687693
2.000E-2 -0.724686334
3.000E-2 -0.724684918
4.000E-2 -0.724683425
5.000E-2 -0.724681823
6.000E-2 -0.724680072
7.000E-2 -0.724678111
8.000E-2 -0.724675857
9.000E-2 -0.72467319
1.000E-1 -0.724669939
1.100E-1 -0.724665863
1.200E-1 -0.724660619
1.300E-1 -0.724653721
1.400E-1 -0.724644477
1.500E-1 -0.724631906
1.600E-1 -0.724614614
1.700E-1 -0.724590621
1.800E-1 -0.724557115
1.900E-1 -0.724510102
2.000E-1 -0.724443909
2.100E-1 -0.724350478
2.200E-1 -0.724218364
2.300E-1 -0.72403131
2.400E-1 -0.723766225
2.500E-1 -0.723390308
2.600E-1 -0.722856971
2.700E-1 -0.722100038
2.800E-1 -0.721025509
2.900E-1 -0.719499868
3.000E-1 -0.717333464
3.100E-1 -0.714256916
3.200E-1 -0.709887592
3.300E-1 -0.703682008
3.400E-1 -0.694868212
3.500E-1 -0.682349769
3.600E-1 -0.66456941
3.700E-1 -0.639315422
3.800E-1 -0.603446801
3.900E-1 -0.552503146
4.000E-1 -0.480151149
4.100E-1 -0.377399601
4.200E-1 -0.231486843
4.300E-1 -0.0243054326
4.400E-1 0.269825481
