0.000E+0 0
1.000E-2 1.09166786E-15
2.000E-2 2.68083154E-15
3.000E-2 4.99667866E-15
4.000E-2 8.37355083E-15
5.000E-2 1.32989482E-14
6.000E-2 2.048339E-14
7.000E-2 3.09621089E-14
8.000E-2 4.62431742E-14
9.000E-2 6.85234307E-14
1.000E-1 1.01003697E-13
1.100E-1 1.48349546E-13
1.200E-1 2.17366113E-13
1.300E-1 3.17988185E-13
1.400E-1 4.64741847E-13
1.500E-1 6.78866809E-13
1.600E-1 9.91504013E-13
1.700E-1 1.44834532E-12
1.800E-1 2.1165308E-12
1.900E-1 3.09483947E-12
2.000E-1 4.5287589E-12
2.100E-1 6.63277392E-12
2.200E-1 9.7233373E-12
2.300E-1 1.42676475E-11
2.400E-1 2.095582E-11
2.500E-1 3.08076832E-11
2.600E-1 4.53308265E-11
2.700E-1 6.67545205E-11
2.800E-1 9.83759588E-11
2.900E-1 1.45072795E-10
3.000E-1 2.14061886E-10
3.100E-1 3.16022582E-10
3.200E-1 4.66759755E-10
3.300E-1 6.8966604E-10
3.400E-1 1.01936744E-9
3.500E-1 1.50712113E-9
3.600E-1 2.22880794E-9
3.700E-1 3.29676658E-9
3.800E-1 4.8773167E-9
3.900E-1 7.21670539E-9
4.000E-1 1.0679526E-8
4.100E-1 1.58056041E-8
4.200E-1 2.33942247E-8
4.300E-1 3.46288366E-8
4.400E-1 5.12616726E-8
4.500E-1 7.58870452E-8
