0.000E+0 -0.156564409
1.000E-2 -0.156555052
2.000E-2 -0.156545559
3.000E-2 -0.15653589
4.000E-2 -0.156525993
5.000E-2 -0.156515794
6.000E-2 -0.156505188
7.000E-2 -0.156494029
8.000E-2 -0.156482107
9.000E-2 -0.156469128
1.000E-1 -0.156454673
1.100E-1 -0.156438148
1.200E-1 -0.156418713
1.300E-1 -0.15639517
1.400E-1 -0.156365819
1.500E-1 -0.156328241
1.600E-1 -0.156278992
1.700E-1 -0.156213169
1.800E-1 -0.156123791
1.900E-1 -0.156000908
2.000E-1 -0.155830341
2.100E-1 -0.155591873
2.200E-1 -0.155256681
2.300E-1 -0.15478366
2.400E-1 -0.154114175
2.500E-1 -0.15316458
2.600E-1 -0.151815537
2.700E-1 -0.149896757
2.800E-1 -0.147165236
2.900E-1 -0.143274168
3.000E-1 -0.137728574
3.100E-1 -0.129821951
3.200E-1 -0.118545823
3.300E-1 -0.102460609
3.400E-1 -0.0795112632
3.500E-1 -0.0467640564
3.600E-1 -3.07963326E-5
3.700E-1 0.066667632
