0.000E+0 -0.257878789
1.000E-2 -0.257827788
2.000E-2 -0.257776294
3.000E-2 -0.257724236
4.000E-2 -0.257671523
5.000E-2 -0.257618033
6.000E-2 -0.257563598
7.000E-2 -0.257507988
8.000E-2 -0.257450886
9.000E-2 -0.257391853
1.000E-1 -0.257330278
1.100E-1 -0.257265311
1.200E-1 -0.257195765
1.300E-1 -0.257119975
1.400E-1 -0.257035603
1.500E-1 -0.256939349
1.600E-1 -0.256826545
1.700E-1 -0.256690551
1.800E-1 -0.256521902
1.900E-1 -0.256307046
2.000E-1 -0.256026527
2.100E-1 -0.255652334
2.200E-1 -0.255144048
2.300E-1 -0.254443229
2.400E-1 -0.25346525
2.500E-1 -0.252087401
2.600E-1 -0.250131558
2.700E-1 -0.247338939
2.800E-1 -0.243333318
2.900E-1 -0.237567449
3.000E-1 -0.229245035
3.100E-1 -0.217207202
3.200E-1 -0.199767459
3.300E-1 -0.174472231
3.400E-1 -0.137754252
3.500E-1 -0.0844328107
3.600E-1 -0.00699721945
3.700E-1 0.105412026
