0.000E+0 -0.722217508
1.000E-2 -0.722216357
2.000E-2 -0.722215207
3.000E-2 -0.722214048
4.000E-2 -0.722212878
5.000E-2 -0.722211698
6.000E-2 -0.722210506
7.000E-2 -0.722209301
8.000E-2 -0.722208081
9.000E-2 -0.722206845
1.000E-1 -0.722205589
1.100E-1 -0.722204308
1.200E-1 -0.722202996
1.300E-1 -0.722201643
1.400E-1 -0.722200237
1.500E-1 -0.722198757
1.600E-1 -0.722197174
1.700E-1 -0.722195446
1.800E-1 -0.722193509
1.900E-1 -0.722191271
2.000E-1 -0.722188597
2.100E-1 -0.722185283
2.200E-1 -0.722181034
2.300E-1 -0.722175409
2.400E-1 -0.722167758
2.500E-1 -0.722157121
2.600E-1 -0.722142076
2.700E-1 -0.722120518
2.800E-1 -0.722089333
2.900E-1 -0.722043915
3.000E-1 -0.721977442
3.100E-1 -0.721879818
3.200E-1 -0.721736097
3.300E-1 -0.721524155
3.400E-1 -0.721211235
3.500E-1 -0.720748848
3.600E-1 -0.720065208
3.700E-1 -0.719054048
3.800E-1 -0.717558073
3.900E-1 -0.715344474
4.000E-1 -0.712068746
4.100E-1 -0.707221216
4.200E-1 -0.70004811
4.300E-1 -0.689435095
4.400E-1 -0.673735624
4.500E-1 -0.650518044
4.600E-1 -0.616193203
4.700E-1 -0.565466603
4.800E-1 -0.4905345
4.900E-1 -0.379910625
5.000E-1 -0.216728726
5.100E-1 0.0236849535
