0.000E+0 0
1.000E-2 7.54998115E-16
2.000E-2 1.81412162E-15
3.000E-2 3.30589971E-15
4.000E-2 5.4117601E-15
5.000E-2 8.38705313E-15
6.000E-2 1.25901209E-14
7.000E-2 1.85224215E-14
8.000E-2 2.68838915E-14
9.000E-2 3.86494485E-14
1.000E-1 5.51750868E-14
1.100E-1 7.83458965E-14
1.200E-1 1.10784239E-13
1.300E-1 1.5614533E-13
1.400E-1 2.19541124E-13
1.500E-1 3.08153919E-13
1.600E-1 4.3213155E-13
1.700E-1 6.05901088E-13
1.800E-1 8.50104301E-13
1.900E-1 1.19445608E-12
2.000E-1 1.681972E-12
2.100E-1 2.37522649E-12
2.200E-1 3.36562395E-12
2.300E-1 4.78714281E-12
2.400E-1 6.83672525E-12
2.500E-1 9.80454679E-12
2.600E-1 1.41189827E-11
2.700E-1 2.04134449E-11
2.800E-1 2.96257775E-11
2.900E-1 4.31461309E-11
3.000E-1 6.30370395E-11
3.100E-1 9.23610501E-11
3.200E-1 1.35668582E-10
3.300E-1 1.99724525E-10
3.400E-1 2.94590582E-10
3.500E-1 4.35237762E-10
3.600E-1 6.43948967E-10
3.700E-1 9.53899138E-10
3.800E-1 1.41449054E-9
3.900E-1 2.09930406E-9
4.000E-1 3.11794981E-9
4.100E-1 4.63372966E-9
4.200E-1 6.8899624E-9
4.300E-1 1.02492198E-8
4.400E-1 1.52518033E-8
4.500E-1 2.27028897E-8
