0.000E+0 0
1.000E-2 4.19019067E-13
2.000E-2 1.01217348E-12
3.000E-2 1.85212476E-12
4.000E-2 3.0418521E-12
5.000E-2 4.72730344E-12
6.000E-2 7.11532893E-12
7.000E-2 1.04991059E-11
8.000E-2 1.52941902E-11
9.000E-2 2.20896442E-11
1.000E-1 3.172056E-11
1.100E-1 4.53709497E-11
1.200E-1 6.47197444E-11
1.300E-1 9.21479921E-11
1.400E-1 1.31032941E-10
1.500E-1 1.86165466E-10
1.600E-1 2.64342567E-10
1.700E-1 3.75208302E-10
1.800E-1 5.32447144E-10
1.900E-1 7.55476986E-10
2.000E-1 1.07185008E-9
2.100E-1 1.5206559E-9
2.200E-1 2.15734004E-9
2.300E-1 3.06052015E-9
2.400E-1 4.34160997E-9
2.500E-1 6.15837467E-9
2.600E-1 8.73395605E-9
2.700E-1 1.23834382E-8
2.800E-1 1.75506692E-8
2.900E-1 2.48587489E-8
3.000E-1 3.51781593E-8
3.100E-1 4.97165134E-8
3.200E-1 7.01324373E-8
3.300E-1 9.86714593E-8
3.400E-1 1.38311048E-7
3.500E-1 1.92880919E-7
3.600E-1 2.67089189E-7
3.700E-1 3.66335547E-7
3.800E-1 4.96146683E-7
3.900E-1 6.61078152E-7
4.000E-1 8.63081642E-7
4.100E-1 1.09970971E-6
4.200E-1 1.36301416E-6
4.300E-1 1.6401617E-6
4.400E-1 1.91614661E-6
4.500E-1 2.17769298E-6
