0.000E+0 0
1.000E-2 3.47257256E-12
2.000E-2 8.38464371E-12
3.000E-2 1.53358754E-11
4.000E-2 2.51757128E-11
5.000E-2 3.91074397E-11
6.000E-2 5.88356132E-11
7.000E-2 8.67749993E-11
8.000E-2 1.26346715E-10
9.000E-2 1.82398074E-10
1.000E-1 2.61797933E-10
1.100E-1 3.74281112E-10
1.200E-1 5.33646363E-10
1.300E-1 7.59456225E-10
1.400E-1 1.07944943E-9
1.500E-1 1.53296495E-9
1.600E-1 2.17580202E-9
1.700E-1 3.08711849E-9
1.800E-1 4.37922131E-9
1.900E-1 6.21145946E-9
2.000E-1 8.80993319E-9
2.100E-1 1.24954433E-8
2.200E-1 1.77231026E-8
2.300E-1 2.5138429E-8
2.400E-1 3.56566832E-8
2.500E-1 5.05748903E-8
2.600E-1 7.1729623E-8
2.700E-1 1.01718454E-7
2.800E-1 1.4420919E-7
2.900E-1 2.04368511E-7
3.000E-1 2.89449716E-7
3.100E-1 4.09585844E-7
3.200E-1 5.78834262E-7
3.300E-1 8.16501134E-7
3.400E-1 1.14871805E-6
3.500E-1 1.61011199E-6
3.600E-1 2.245148E-6
3.700E-1 3.10826867E-6
3.800E-1 4.26128912E-6
3.900E-1 5.76582182E-6
4.000E-1 7.66849806E-6
4.100E-1 9.97892041E-6
4.200E-1 1.26463304E-5
4.300E-1 1.55496419E-5
4.400E-1 1.85177283E-5
4.500E-1 2.13807057E-5
