0.000E+0 -0.186108815
1.000E-2 -0.186101702
2.000E-2 -0.186094262
3.000E-2 -0.186086373
4.000E-2 -0.186077864
5.000E-2 -0.186068497
6.000E-2 -0.186057936
7.000E-2 -0.186045709
8.000E-2 -0.186031153
9.000E-2 -0.186013339
1.000E-1 -0.185990959
1.100E-1 -0.185962175
1.200E-1 -0.185924405
1.300E-1 -0.18587402
1.400E-1 -0.185805919
1.500E-1 -0.185712933
1.600E-1 -0.185584985
1.700E-1 -0.185407911
1.800E-1 -0.185161798
1.900E-1 -0.184818659
2.000E-1 -0.184339152
2.100E-1 -0.183667972
2.200E-1 -0.182727377
2.300E-1 -0.181408082
2.400E-1 -0.179556459
2.500E-1 -0.17695655
2.600E-1 -0.173304769
2.700E-1 -0.168174348
2.800E-1 -0.160965352
2.900E-1 -0.150834418
3.000E-1 -0.136595977
3.100E-1 -0.116583403
3.200E-1 -0.0884538273
3.300E-1 -0.0489137702
3.400E-1 0.0066665271
