0.000E+0 -0.138534797
1.000E-2 -0.138526921
2.000E-2 -0.138518621
3.000E-2 -0.138509737
4.000E-2 -0.138500044
5.000E-2 -0.138489227
6.000E-2 -0.138476846
7.000E-2 -0.138462278
8.000E-2 -0.138444653
9.000E-2 -0.138422747
1.000E-1 -0.13839484
1.100E-1 -0.138358514
1.200E-1 -0.138310374
1.300E-1 -0.138245645
1.400E-1 -0.138157621
1.500E-1 -0.138036873
1.600E-1 -0.137870152
1.700E-1 -0.137638834
1.800E-1 -0.137316743
1.900E-1 -0.136867085
2.000E-1 -0.136238144
2.100E-1 -0.135357227
2.200E-1 -0.134122153
2.300E-1 -0.132389291
2.400E-1 -0.129956745
2.500E-1 -0.126540712
2.600E-1 -0.121742259
2.700E-1 -0.115000604
2.800E-1 -0.105527463
2.900E-1 -0.0922147409
3.000E-1 -0.0735047903
3.100E-1 -0.0472080257
3.200E-1 -0.0102465621
3.300E-1 0.0417061357
