0.000E+0 -0.0862418042
1.000E-2 -0.0862327556
2.000E-2 -0.0862230444
3.000E-2 -0.0862124156
4.000E-2 -0.0862005118
5.000E-2 -0.0861868314
6.000E-2 -0.0861706706
7.000E-2 -0.0861510407
8.000E-2 -0.086126554
9.000E-2 -0.0860952609
1.000E-1 -0.0860544229
1.100E-1 -0.086000194
1.200E-1 -0.0859271698
1.300E-1 -0.085827758
1.400E-1 -0.0856912913
1.500E-1 -0.0855027801
1.600E-1 -0.0852411615
1.700E-1 -0.0848768376
1.800E-1 -0.084368215
1.900E-1 -0.0836568407
2.000E-1 -0.0826605682
2.100E-1 -0.081263949
2.200E-1 -0.0793047304
2.300E-1 -0.076554875
2.400E-1 -0.0726938829
2.500E-1 -0.0672712976
2.600E-1 -0.0596540013
2.700E-1 -0.0489521371
2.800E-1 -0.0339149875
2.900E-1 -0.0127846276
3.000E-1 0.0169097725
