0.000E+0 0
1.000E-2 6.58319116E-15
2.000E-2 1.59767268E-14
3.000E-2 2.93897975E-14
4.000E-2 4.85519562E-14
5.000E-2 7.59371866E-14
6.000E-2 1.15084624E-13
7.000E-2 1.71057749E-13
8.000E-2 2.51102073E-13
9.000E-2 3.65587451E-13
1.000E-1 5.29358719E-13
1.100E-1 7.63672329E-13
1.200E-1 1.09897416E-12
1.300E-1 1.57888511E-12
1.400E-1 2.26592093E-12
1.500E-1 3.24970259E-12
1.600E-1 4.6587429E-12
1.700E-1 6.67736881E-12
1.800E-1 9.57001833E-12
1.900E-1 1.3716127E-11
2.000E-1 1.96602206E-11
2.100E-1 2.81838439E-11
2.200E-1 4.04088456E-11
2.300E-1 5.79456927E-11
2.400E-1 8.31064492E-11
2.500E-1 1.19210618E-10
2.600E-1 1.71024343E-10
2.700E-1 2.4539114E-10
2.800E-1 3.52137664E-10
2.900E-1 5.053745E-10
3.000E-1 7.25364226E-10
3.100E-1 1.04120419E-9
3.200E-1 1.49467932E-9
3.300E-1 2.14579526E-9
3.400E-1 3.08072468E-9
3.500E-1 4.42321932E-9
3.600E-1 6.35099899E-9
3.700E-1 9.11928814E-9
3.800E-1 1.30946167E-8
3.900E-1 1.880336E-8
4.000E-1 2.70014431E-8
4.100E-1 3.87744328E-8
4.200E-1 5.56812551E-8
4.300E-1 7.99605297E-8
4.400E-1 1.14826764E-7
4.500E-1 1.64895451E-7
