0.000E+0 0
1.000E-2 5.53476369E-13
2.000E-2 1.3066582E-12
3.000E-2 2.33532192E-12
4.000E-2 3.74348189E-12
5.000E-2 5.67372878E-12
6.000E-2 8.32133779E-12
7.000E-2 1.1953565E-11
8.000E-2 1.69361293E-11
9.000E-2 2.37697189E-11
1.000E-1 3.31405827E-11
1.100E-1 4.59910495E-11
1.200E-1 6.36183893E-11
1.300E-1 8.78141499E-11
1.400E-1 1.21061423E-10
1.500E-1 1.66815107E-10
1.600E-1 2.29901073E-10
1.700E-1 3.17085637E-10
1.800E-1 4.37888846E-10
1.900E-1 6.05746749E-10
2.000E-1 8.39673211E-10
2.100E-1 1.16663699E-9
2.200E-1 1.6249633E-9
2.300E-1 2.26920336E-9
2.400E-1 3.17710827E-9
2.500E-1 4.45962009E-9
2.600E-1 6.27519051E-9
2.700E-1 8.85030733E-9
2.800E-1 1.25089277E-8
2.900E-1 1.77146919E-8
3.000E-1 2.51314787E-8
3.100E-1 3.57102825E-8
3.200E-1 5.08138743E-8
3.300E-1 7.23956912E-8
3.400E-1 1.03256571E-7
3.500E-1 1.47413225E-7
3.600E-1 2.10627111E-7
3.700E-1 3.01163529E-7
3.800E-1 4.30881172E-7
3.900E-1 6.16795898E-7
4.000E-1 8.83324968E-7
4.100E-1 1.26550736E-6
4.200E-1 1.81362366E-6
4.300E-1 2.59982166E-6
4.400E-1 3.7276135E-6
4.500E-1 5.34547936E-6
