0.000E+0 -0.683417572
1.000E-2 -0.683415563
2.000E-2 -0.683413536
3.000E-2 -0.683411489
4.000E-2 -0.683409417
5.000E-2 -0.683407315
6.000E-2 -0.683405175
7.000E-2 -0.683402988
8.000E-2 -0.683400736
9.000E-2 -0.683398398
1.000E-1 -0.683395942
1.100E-1 -0.683393323
1.200E-1 -0.683390474
1.300E-1 -0.6833873
1.400E-1 -0.683383664
1.500E-1 -0.68337937
1.600E-1 -0.683374132
1.700E-1 -0.68336754
1.800E-1 -0.683359001
1.900E-1 -0.683347659
2.000E-1 -0.683332279
2.100E-1 -0.683311077
2.200E-1 -0.683281477
2.300E-1 -0.68323976
2.400E-1 -0.683180554
2.500E-1 -0.683096102
2.600E-1 -0.682975201
2.700E-1 -0.68280167
2.800E-1 -0.682552142
2.900E-1 -0.682192866
3.000E-1 -0.681675096
3.100E-1 -0.680928427
3.200E-1 -0.679851172
3.300E-1 -0.678296461
3.400E-1 -0.676052164
3.500E-1 -0.672811894
3.600E-1 -0.668133125
3.700E-1 -0.6613767
3.800E-1 -0.651619467
3.900E-1 -0.637528103
4.000E-1 -0.617176894
4.100E-1 -0.587784592
4.200E-1 -0.545334447
4.300E-1 -0.48402561
4.400E-1 -0.395481227
4.500E-1 -0.267605575
4.600E-1 -0.0829353647
4.700E-1 0.183737449
