0.000E+0 0
1.000E-2 2.23550319E-13
2.000E-2 5.44274653E-13
3.000E-2 1.00544693E-12
4.000E-2 1.66952906E-12
5.000E-2 2.62663993E-12
6.000E-2 4.00675423E-12
7.000E-2 5.99728093E-12
8.000E-2 8.8684116E-12
9.000E-2 1.30097126E-11
1.000E-1 1.89830258E-11
1.100E-1 2.75990834E-11
1.200E-1 4.00286967E-11
1.300E-1 5.79644752E-11
1.400E-1 8.38565528E-11
1.500E-1 1.2125688E-10
1.600E-1 1.7532294E-10
1.700E-1 2.53555693E-10
1.800E-1 3.66881723E-10
1.900E-1 5.31241133E-10
2.000E-1 7.69918567E-10
2.100E-1 1.11696593E-9
2.200E-1 1.62222917E-9
2.300E-1 2.35873176E-9
2.400E-1 3.43352132E-9
2.500E-1 5.00360533E-9
2.600E-1 7.29936551E-9
2.700E-1 1.06589619E-8
2.800E-1 1.5578884E-8
2.900E-1 2.27882189E-8
3.000E-1 3.33577422E-8
3.100E-1 4.88601018E-8
3.200E-1 7.16048873E-8
3.300E-1 1.04983294E-7
3.400E-1 1.53972803E-7
3.500E-1 2.25874705E-7
3.600E-1 3.3138872E-7
3.700E-1 4.86171925E-7
3.800E-1 7.13085558E-7
3.900E-1 1.04540172E-6
4.000E-1 1.5313132E-6
4.100E-1 2.24013498E-6
4.200E-1 3.27053708E-6
4.300E-1 4.76086475E-6
4.400E-1 6.90082496E-6
4.500E-1 9.94217316E-6
