0.000E+0 0
1.000E-2 1.63944637E-16
2.000E-2 4.00142477E-16
3.000E-2 7.4149057E-16
4.000E-2 1.23577549E-15
5.000E-2 1.95237541E-15
6.000E-2 2.99197632E-15
7.000E-2 4.50067101E-15
8.000E-2 6.69044769E-15
9.000E-2 9.86902385E-15
1.000E-1 1.44833979E-14
1.100E-1 2.11836136E-14
1.200E-1 3.09164139E-14
1.300E-1 4.50632286E-14
1.400E-1 6.5644072E-14
1.500E-1 9.56195653E-14
1.600E-1 1.39339139E-13
1.700E-1 2.03207036E-13
1.800E-1 2.96672756E-13
1.900E-1 4.33704725E-13
2.000E-1 6.34983576E-13
2.100E-1 9.31167085E-13
2.200E-1 1.36775121E-12
2.300E-1 2.01230883E-12
2.400E-1 2.96527076E-12
2.500E-1 4.37598547E-12
2.600E-1 6.46664505E-12
2.700E-1 9.56793563E-12
2.800E-1 1.41721624E-11
2.900E-1 2.1012423E-11
3.000E-1 3.11806089E-11
3.100E-1 4.63032888E-11
3.200E-1 6.88038784E-11
3.300E-1 1.02293446E-10
3.400E-1 1.5215329E-10
3.500E-1 2.26403416E-10
3.600E-1 3.36997256E-10
3.700E-1 5.01751862E-10
3.800E-1 7.47225522E-10
3.900E-1 1.11300792E-9
4.000E-1 1.65811623E-9
4.100E-1 2.47053108E-9
4.200E-1 3.68141381E-9
4.300E-1 5.48630311E-9
4.400E-1 8.17671753E-9
4.500E-1 1.21872721E-8
