0.000E+0 0
1.000E-2 5.45622916E-14
2.000E-2 1.31355616E-13
3.000E-2 2.39538955E-13
4.000E-2 3.92044506E-13
5.000E-2 6.07132948E-13
6.000E-2 9.10591226E-13
7.000E-2 1.3388395E-12
8.000E-2 1.94332548E-12
9.000E-2 2.79674281E-12
1.000E-1 4.00183546E-12
1.100E-1 5.70387053E-12
1.200E-1 8.10831687E-12
1.300E-1 1.15059142E-11
1.400E-1 1.63082359E-11
1.500E-1 2.30981528E-11
1.600E-1 3.27014588E-11
1.700E-1 4.62885454E-11
1.800E-1 6.55187473E-11
1.900E-1 9.27452772E-11
2.000E-1 1.31306194E-10
2.100E-1 1.85937529E-10
2.200E-1 2.63359855E-10
2.300E-1 3.73111114E-10
2.400E-1 5.28729053E-10
2.500E-1 7.49429928E-10
2.600E-1 1.06249152E-9
2.700E-1 1.50663548E-9
2.800E-1 2.13682682E-9
2.900E-1 3.03108217E-9
3.000E-1 4.3001224E-9
3.100E-1 6.10104819E-9
3.200E-1 8.65669479E-9
3.300E-1 1.22829835E-8
3.400E-1 1.7427491E-8
3.500E-1 2.47236702E-8
3.600E-1 3.50667377E-8
3.700E-1 4.97192102E-8
3.800E-1 7.04563169E-8
3.900E-1 9.9763641E-8
4.000E-1 1.41100335E-7
4.100E-1 1.99238901E-7
4.200E-1 2.80682462E-7
4.300E-1 3.94134947E-7
4.400E-1 5.50946598E-7
4.500E-1 7.65362162E-7
