0.000E+0 0
1.000E-2 5.10935104E-14
2.000E-2 1.23291836E-13
3.000E-2 2.25472642E-13
4.000E-2 3.70244233E-13
5.000E-2 5.75512922E-13
6.000E-2 8.66710621E-13
7.000E-2 1.27996285E-12
8.000E-2 1.86659773E-12
9.000E-2 2.69956984E-12
1.000E-1 3.88262126E-12
1.100E-1 5.56336104E-12
1.200E-1 7.95195847E-12
1.300E-1 1.1347887E-11
1.400E-1 1.61782189E-11
1.500E-1 2.30524984E-11
1.600E-1 3.28414114E-11
1.700E-1 4.67896157E-11
1.800E-1 6.66776018E-11
1.900E-1 9.50539302E-11
2.000E-1 1.35568479E-10
2.100E-1 1.93450667E-10
2.200E-1 2.76195775E-10
2.300E-1 3.94549962E-10
2.400E-1 5.63924039E-10
2.500E-1 8.06422708E-10
2.600E-1 1.15375722E-9
2.700E-1 1.65142601E-9
2.800E-1 2.36471506E-9
2.900E-1 3.38730921E-9
3.000E-1 4.85364863E-9
3.100E-1 6.95665501E-9
3.200E-1 9.97315161E-9
3.300E-1 1.43002967E-8
3.400E-1 2.05077612E-8
3.500E-1 2.94123668E-8
3.600E-1 4.21846771E-8
3.700E-1 6.05008508E-8
3.800E-1 8.67582194E-8
3.900E-1 1.24379772E-7
4.000E-1 1.78241006E-7
4.100E-1 2.55261758E-7
4.200E-1 3.65213356E-7
4.300E-1 5.21792074E-7
4.400E-1 7.43991256E-7
4.500E-1 1.05774278E-6
