0.000E+0 0
1.000E-2 6.00787191E-14
2.000E-2 1.45204298E-13
3.000E-2 2.65842917E-13
4.000E-2 4.36834068E-13
5.000E-2 6.79218189E-13
6.000E-2 1.02282873E-12
7.000E-2 1.50996885E-12
8.000E-2 2.20062773E-12
9.000E-2 3.17988201E-12
1.000E-1 4.56840057E-12
1.100E-1 6.53735528E-12
1.200E-1 9.32959033E-12
1.300E-1 1.328968E-11
1.400E-1 1.89066119E-11
1.500E-1 2.68744049E-11
1.600E-1 3.81781972E-11
1.700E-1 5.42165196E-11
1.800E-1 7.69749576E-11
1.900E-1 1.09272811E-10
2.000E-1 1.55113433E-10
2.100E-1 2.20181842E-10
2.200E-1 3.1255152E-10
2.300E-1 4.43688328E-10
2.400E-1 6.29876488E-10
2.500E-1 8.94244068E-10
2.600E-1 1.26964004E-9
2.700E-1 1.80272095E-9
2.800E-1 2.55975583E-9
2.900E-1 3.63487186E-9
3.000E-1 5.16176692E-9
3.100E-1 7.33034699E-9
3.200E-1 1.0410359E-8
3.300E-1 1.47849612E-8
3.400E-1 2.09984085E-8
3.500E-1 2.98237892E-8
3.600E-1 4.23592446E-8
3.700E-1 6.01646477E-8
3.800E-1 8.54557551E-8
3.900E-1 1.2138E-7
4.000E-1 1.72408255E-7
4.100E-1 2.44891341E-7
4.200E-1 3.47850556E-7
4.300E-1 4.94100636E-7
4.400E-1 7.01844987E-7
4.500E-1 9.96941796E-7
