0.000E+0 -0.65726649
1.000E-2 -0.65726231
2.000E-2 -0.657258107
3.000E-2 -0.657253875
4.000E-2 -0.657249611
5.000E-2 -0.657245313
6.000E-2 -0.657240977
7.000E-2 -0.657236598
8.000E-2 -0.657232169
9.000E-2 -0.657227682
1.000E-1 -0.657223123
1.100E-1 -0.657218472
1.200E-1 -0.657213702
1.300E-1 -0.657208775
1.400E-1 -0.657203633
1.500E-1 -0.657198194
1.600E-1 -0.65719234
1.700E-1 -0.657185896
1.800E-1 -0.65717861
1.900E-1 -0.657170115
2.000E-1 -0.657159874
2.100E-1 -0.657147105
2.200E-1 -0.657130667
2.300E-1 -0.657108893
2.400E-1 -0.657079348
2.500E-1 -0.657038478
2.600E-1 -0.656981088
2.700E-1 -0.656899588
2.800E-1 -0.656782889
2.900E-1 -0.656614784
3.000E-1 -0.656371589
3.100E-1 -0.656018688
3.200E-1 -0.655505488
3.300E-1 -0.654758044
3.400E-1 -0.653668277
3.500E-1 -0.652078216
3.600E-1 -0.649756971
3.700E-1 -0.646367089
3.800E-1 -0.641415396
3.900E-1 -0.634181207
4.000E-1 -0.623611524
4.100E-1 -0.608168136
4.200E-1 -0.585604766
4.300E-1 -0.552642679
4.400E-1 -0.504499462
4.500E-1 -0.434206449
4.600E-1 -0.33162421
4.700E-1 -0.182031208
4.800E-1 0.0358815539
