0.000E+0 -0.247050687
1.000E-2 -0.247032941
2.000E-2 -0.247015108
3.000E-2 -0.24699717
4.000E-2 -0.246979111
5.000E-2 -0.246960897
6.000E-2 -0.246942568
7.000E-2 -0.246924073
8.000E-2 -0.246905426
9.000E-2 -0.246886599
1.000E-1 -0.246867584
1.100E-1 -0.246848342
1.200E-1 -0.246828851
1.300E-1 -0.246809044
1.400E-1 -0.246788883
1.500E-1 -0.246768229
1.600E-1 -0.246746989
1.700E-1 -0.246724976
1.800E-1 -0.246701949
1.900E-1 -0.246677549
2.000E-1 -0.246651244
2.100E-1 -0.246622324
2.200E-1 -0.24658971
2.300E-1 -0.246551865
2.400E-1 -0.246506516
2.500E-1 -0.246450354
2.600E-1 -0.246378473
2.700E-1 -0.246283702
2.800E-1 -0.246155374
2.900E-1 -0.245977816
3.000E-1 -0.245727726
3.100E-1 -0.245370601
3.200E-1 -0.244855289
3.300E-1 -0.244105754
3.400E-1 -0.243009117
3.500E-1 -0.241397521
3.600E-1 -0.239021368
3.700E-1 -0.235509332
3.800E-1 -0.230308802
3.900E-1 -0.222597234
4.000E-1 -0.21115005
4.100E-1 -0.194143885
4.200E-1 -0.168863573
4.300E-1 -0.131265893
4.400E-1 -0.0753304061
4.500E-1 0.00790607862
