0.000E+0 0
1.000E-2 5.66044242E-12
2.000E-2 1.35886017E-11
3.000E-2 2.47171054E-11
4.000E-2 4.03607259E-11
5.000E-2 6.23724909E-11
6.000E-2 9.33636505E-11
7.000E-2 1.37013882E-10
8.000E-2 1.98509259E-10
9.000E-2 2.85161504E-10
1.000E-1 4.07285056E-10
1.100E-1 5.79441628E-10
1.200E-1 8.22209644E-10
1.300E-1 1.16470463E-9
1.400E-1 1.64817535E-9
1.500E-1 2.33114198E-9
1.600E-1 3.29674592E-9
1.700E-1 4.66327142E-9
1.800E-1 6.59921622E-9
1.900E-1 9.34488546E-9
2.000E-1 1.32433397E-8
2.100E-1 1.87847552E-8
2.200E-1 2.66700181E-8
2.300E-1 3.79018962E-8
2.400E-1 5.39157578E-8
2.500E-1 7.67669901E-8
2.600E-1 1.09399696E-7
2.700E-1 1.56031865E-7
2.800E-1 2.22707345E-7
2.900E-1 3.18086519E-7
3.000E-1 4.54578132E-7
3.100E-1 6.49957807E-7
3.200E-1 9.29679074E-7
3.300E-1 1.33016603E-6
3.400E-1 1.90348981E-6
3.500E-1 2.72398011E-6
3.600E-1 3.89751128E-6
3.700E-1 5.57442077E-6
3.800E-1 7.9672343E-6
3.900E-1 1.13745001E-5
4.000E-1 1.62119719E-5
4.100E-1 2.3051292E-5
4.200E-1 3.26655423E-5
4.300E-1 4.60764287E-5
4.400E-1 6.45943399E-5
4.500E-1 8.98369375E-5
