0.000E+0 0
1.000E-2 2.84326283E-14
2.000E-2 6.91629488E-14
3.000E-2 1.27543887E-13
4.000E-2 2.11255274E-13
5.000E-2 3.31313852E-13
6.000E-2 5.0352167E-13
7.000E-2 7.50543702E-13
8.000E-2 1.1048892E-12
9.000E-2 1.61319203E-12
1.000E-1 2.34235959E-12
1.100E-1 3.38841231E-12
1.200E-1 4.88919989E-12
1.300E-1 7.04270793E-12
1.400E-1 1.013343E-11
1.500E-1 1.45703809E-11
1.600E-1 2.09419141E-11
1.700E-1 3.00948006E-11
1.800E-1 4.32483312E-11
1.900E-1 6.21589786E-11
2.000E-1 8.93580387E-11
2.100E-1 1.28494605E-10
2.200E-1 1.84830553E-10
2.300E-1 2.65954879E-10
2.400E-1 3.8281447E-10
2.500E-1 5.51201242E-10
2.600E-1 7.93897091E-10
2.700E-1 1.14376635E-9
2.800E-1 1.6482115E-9
2.900E-1 2.3755874E-9
3.000E-1 3.4244228E-9
3.100E-1 4.93665346E-9
3.200E-1 7.11656343E-9
3.300E-1 1.02578015E-8
3.400E-1 1.47817367E-8
3.500E-1 2.12915916E-8
3.600E-1 3.06483222E-8
3.700E-1 4.40762545E-8
3.800E-1 6.33094896E-8
3.900E-1 9.07951626E-8
4.000E-1 1.29979032E-7
4.100E-1 1.85715664E-7
4.200E-1 2.64870879E-7
4.300E-1 3.77212461E-7
4.400E-1 5.36703127E-7
4.500E-1 7.63308334E-7
