0.000E+0 0
1.000E-2 7.40186341E-13
2.000E-2 1.79860033E-12
3.000E-2 3.31310609E-12
4.000E-2 5.48118812E-12
5.000E-2 8.58568342E-12
6.000E-2 1.30316175E-11
7.000E-2 1.93989524E-11
8.000E-2 2.85181555E-11
9.000E-2 4.15785273E-11
1.000E-1 6.02836073E-11
1.100E-1 8.70743031E-11
1.200E-1 1.25449545E-10
1.300E-1 1.80427509E-10
1.400E-1 2.59209574E-10
1.500E-1 3.7213684E-10
1.600E-1 5.34068891E-10
1.700E-1 7.66372106E-10
1.800E-1 1.09978779E-9
1.900E-1 1.57857025E-9
2.000E-1 2.26645777E-9
2.100E-1 3.25528865E-9
2.200E-1 4.67743438E-9
2.300E-1 6.72374029E-9
2.400E-1 9.66941193E-9
2.500E-1 1.39113611E-8
2.600E-1 2.00220732E-8
2.700E-1 2.88272795E-8
2.800E-1 4.15178952E-8
2.900E-1 5.98112222E-8
3.000E-1 8.61828442E-8
3.100E-1 1.24199698E-7
3.200E-1 1.78997419E-7
3.300E-1 2.57962389E-7
3.400E-1 3.71702281E-7
3.500E-1 5.35419758E-7
3.600E-1 7.70844019E-7
3.700E-1 1.10892681E-6
3.800E-1 1.59358036E-6
3.900E-1 2.28684326E-6
4.000E-1 3.27604979E-6
4.100E-1 4.6839178E-6
4.200E-1 6.68301292E-6
4.300E-1 9.51672849E-6
4.400E-1 1.35291079E-5
4.500E-1 1.92059149E-5
