0.000E+0 -0.716315053
1.000E-2 -0.716313517
2.000E-2 -0.716311855
3.000E-2 -0.716310021
4.000E-2 -0.716307947
5.000E-2 -0.716305538
6.000E-2 -0.716302664
7.000E-2 -0.716299137
8.000E-2 -0.716294698
9.000E-2 -0.71628898
1.000E-1 -0.716281467
1.100E-1 -0.716271435
1.200E-1 -0.716257866
1.300E-1 -0.71623933
1.400E-1 -0.716213814
1.500E-1 -0.716178493
1.600E-1 -0.71612939
1.700E-1 -0.716060919
1.800E-1 -0.715965226
1.900E-1 -0.715831268
2.000E-1 -0.715643523
2.100E-1 -0.715380169
2.200E-1 -0.715010528
2.300E-1 -0.714491473
2.400E-1 -0.713762372
2.500E-1 -0.712737991
2.600E-1 -0.711298499
2.700E-1 -0.709275438
2.800E-1 -0.706431982
2.900E-1 -0.702435193
3.000E-1 -0.696817017
3.100E-1 -0.688919455
3.200E-1 -0.677817484
3.300E-1 -0.662210712
3.400E-1 -0.640271083
3.500E-1 -0.609428826
3.600E-1 -0.566071614
3.700E-1 -0.505121838
3.800E-1 -0.41944266
3.900E-1 -0.299003777
4.000E-1 -0.129710024
4.100E-1 0.108242559
