0.000E+0 0
1.000E-2 3.39580746E-15
2.000E-2 8.12138591E-15
3.000E-2 1.47236823E-14
4.000E-2 2.39684508E-14
5.000E-2 3.69247352E-14
6.000E-2 5.50808708E-14
7.000E-2 8.0503674E-14
8.000E-2 1.16057135E-13
9.000E-2 1.65703787E-13
1.000E-1 2.34922203E-13
1.100E-1 3.31289641E-13
1.200E-1 4.65302446E-13
1.300E-1 6.51542421E-13
1.400E-1 9.10350572E-13
1.500E-1 1.27024842E-12
1.600E-1 1.7714629E-12
1.700E-1 2.4710803E-12
1.800E-1 3.45060335E-12
1.900E-1 4.82705015E-12
2.000E-1 6.76927162E-12
2.100E-1 9.52195924E-12
2.200E-1 1.34409909E-11
2.300E-1 1.90455054E-11
2.400E-1 2.70946745E-11
2.500E-1 3.87009603E-11
2.600E-1 5.54972938E-11
2.700E-1 7.98839767E-11
2.800E-1 1.15393481E-10
2.900E-1 1.67229648E-10
3.000E-1 2.43064897E-10
3.100E-1 3.54219228E-10
3.200E-1 5.17404198E-10
3.300E-1 7.57303111E-10
3.400E-1 1.11038891E-9
3.500E-1 1.63057421E-9
3.600E-1 2.39757352E-9
3.700E-1 3.52928076E-9
3.800E-1 5.20009135E-9
3.900E-1 7.66802534E-9
4.000E-1 1.13148816E-8
4.100E-1 1.67056855E-8
4.200E-1 2.46767031E-8
4.300E-1 3.64657514E-8
4.400E-1 5.39051318E-8
4.500E-1 7.97072806E-8
