0.000E+0 0
1.000E-2 2.28137575E-14
2.000E-2 5.52032831E-14
3.000E-2 1.01208503E-13
4.000E-2 1.66573116E-13
5.000E-2 2.59462957E-13
6.000E-2 3.91487604E-13
7.000E-2 5.79153622E-13
8.000E-2 8.45932576E-13
9.000E-2 1.22520505E-12
1.000E-1 1.76445359E-12
1.100E-1 2.53123713E-12
1.200E-1 3.62170745E-12
1.300E-1 5.17275422E-12
1.400E-1 7.37933056E-12
1.500E-1 1.05191755E-11
1.600E-1 1.49880988E-11
1.700E-1 2.13503475E-11
1.800E-1 3.04105076E-11
1.900E-1 4.3316155E-11
2.000E-1 6.17044114E-11
2.100E-1 8.79111902E-11
2.200E-1 1.25269959E-10
2.300E-1 1.78538325E-10
2.400E-1 2.54507144E-10
2.500E-1 3.62870283E-10
2.600E-1 5.17466588E-10
2.700E-1 7.38053397E-10
2.800E-1 1.05283911E-9
2.900E-1 1.50209978E-9
3.000E-1 2.14334373E-9
3.100E-1 3.05868689E-9
3.200E-1 4.36538528E-9
3.300E-1 6.23087595E-9
3.400E-1 8.89425636E-9
3.500E-1 1.26969578E-8
3.600E-1 1.81265481E-8
3.700E-1 2.587928E-8
3.800E-1 3.69494078E-8
3.900E-1 5.27567158E-8
4.000E-1 7.5328596E-8
4.100E-1 1.07559977E-7
4.200E-1 1.53584331E-7
4.300E-1 2.1930313E-7
4.400E-1 3.13141201E-7
4.500E-1 4.47124046E-7
