0.000E+0 0
1.000E-2 7.82424141E-14
2.000E-2 1.89091602E-13
3.000E-2 3.46229334E-13
4.000E-2 5.69074636E-13
5.000E-2 8.85188567E-13
6.000E-2 1.33368839E-12
7.000E-2 1.97009679E-12
8.000E-2 2.8732326E-12
9.000E-2 4.15500797E-12
1.000E-1 5.97436638E-12
1.100E-1 8.55712405E-12
1.200E-1 1.22242323E-11
1.300E-1 1.74320576E-11
1.400E-1 2.48298161E-11
1.500E-1 3.53415004E-11
1.600E-1 5.02827764E-11
1.700E-1 7.1527809E-11
1.800E-1 1.01747374E-10
1.900E-1 1.44748748E-10
2.000E-1 2.059609E-10
2.100E-1 2.93127154E-10
2.200E-1 4.1729404E-10
2.300E-1 5.94223081E-10
2.400E-1 8.46406469E-10
2.500E-1 1.20594502E-9
2.600E-1 1.71865745E-9
2.700E-1 2.44994796E-9
2.800E-1 3.4931846E-9
2.900E-1 4.98166317E-9
3.000E-1 7.1056912E-9
3.100E-1 1.01369836E-8
3.200E-1 1.44634993E-8
3.300E-1 2.06391869E-8
3.400E-1 2.94550215E-8
3.500E-1 4.20404386E-8
3.600E-1 6.00081742E-8
3.700E-1 8.56610683E-8
3.800E-1 1.22287324E-7
3.900E-1 1.74582008E-7
4.000E-1 2.49248676E-7
4.100E-1 3.55857913E-7
4.200E-1 5.08072131E-7
4.300E-1 7.25392149E-7
4.400E-1 1.03564649E-6
4.500E-1 1.4785367E-6
