0.000E+0 -0.567244493
1.000E-2 -0.567240749
2.000E-2 -0.567236984
3.000E-2 -0.567233199
4.000E-2 -0.567229392
5.000E-2 -0.567225562
6.000E-2 -0.567221707
7.000E-2 -0.567217825
8.000E-2 -0.567213913
9.000E-2 -0.567209966
1.000E-1 -0.567205978
1.100E-1 -0.567201941
1.200E-1 -0.567197842
1.300E-1 -0.567193664
1.400E-1 -0.567189381
1.500E-1 -0.567184958
1.600E-1 -0.56718034
1.700E-1 -0.56717545
1.800E-1 -0.567170176
1.900E-1 -0.567164353
2.000E-1 -0.56715774
2.100E-1 -0.567149984
2.200E-1 -0.567140566
2.300E-1 -0.567128727
2.400E-1 -0.567113351
2.500E-1 -0.5670928
2.600E-1 -0.567064668
2.700E-1 -0.567025417
2.800E-1 -0.56696985
2.900E-1 -0.566890325
3.000E-1 -0.566775609
3.100E-1 -0.566609185
3.200E-1 -0.566366761
3.300E-1 -0.56601262
3.400E-1 -0.565494226
3.500E-1 -0.564734318
3.600E-1 -0.563619253
3.700E-1 -0.56198188
3.800E-1 -0.559576333
3.900E-1 -0.556040959
4.000E-1 -0.550843784
4.100E-1 -0.543202294
4.200E-1 -0.531965446
4.300E-1 -0.515440137
4.400E-1 -0.491136002
4.500E-1 -0.455390187
4.600E-1 -0.402815763
4.700E-1 -0.325491195
4.800E-1 -0.211769926
4.900E-1 -0.0445334275
5.000E-1 0.20136958
