0.000E+0 -0.529928765
1.000E-2 -0.529922923
2.000E-2 -0.52991694
3.000E-2 -0.529910769
4.000E-2 -0.529904347
5.000E-2 -0.529897585
6.000E-2 -0.529890359
7.000E-2 -0.529882493
8.000E-2 -0.529873741
9.000E-2 -0.529863757
1.000E-1 -0.529852057
1.100E-1 -0.529837958
1.200E-1 -0.529820497
1.300E-1 -0.52979832
1.400E-1 -0.529769522
1.500E-1 -0.529731415
1.600E-1 -0.52968021
1.700E-1 -0.529610563
1.800E-1 -0.529514935
1.900E-1 -0.52938269
2.000E-1 -0.529198812
2.100E-1 -0.528942104
2.200E-1 -0.52858264
2.300E-1 -0.528078161
2.400E-1 -0.527368989
2.500E-1 -0.526370837
2.600E-1 -0.524964661
2.700E-1 -0.522982309
2.800E-1 -0.520186258
2.900E-1 -0.516240982
3.000E-1 -0.510672502
3.100E-1 -0.502811247
3.200E-1 -0.491711335
3.300E-1 -0.476036552
3.400E-1 -0.453899328
3.500E-1 -0.422633339
3.600E-1 -0.378472474
3.700E-1 -0.31609777
3.800E-1 -0.227998289
3.900E-1 -0.103570177
4.000E-1 0.0721521625
