0.000E+0 0
1.000E-2 4.81165831E-15
2.000E-2 1.16898273E-14
3.000E-2 2.15379146E-14
4.000E-2 3.56537641E-14
5.000E-2 5.59017413E-14
6.000E-2 8.49600177E-14
7.000E-2 1.26676115E-13
8.000E-2 1.86578478E-13
9.000E-2 2.72613198E-13
1.000E-1 3.96206103E-13
1.100E-1 5.737956E-13
1.200E-1 8.29047514E-13
1.300E-1 1.19605893E-12
1.400E-1 1.7239973E-12
1.500E-1 2.48382356E-12
1.600E-1 3.57804171E-12
1.700E-1 5.15484423E-12
1.800E-1 7.4286415E-12
1.900E-1 1.07098627E-11
2.000E-1 1.54482209E-11
2.100E-1 2.22955311E-11
2.200E-1 3.21969243E-11
2.300E-1 4.65233033E-11
2.400E-1 6.72636982E-11
2.500E-1 9.73046268E-11
2.600E-1 1.40835834E-10
2.700E-1 2.03939605E-10
2.800E-1 2.95446719E-10
2.900E-1 4.28179722E-10
3.000E-1 6.20758702E-10
3.100E-1 9.00223992E-10
3.200E-1 1.30584499E-9
3.300E-1 1.89465079E-9
3.400E-1 2.74945915E-9
3.500E-1 3.99052856E-9
3.600E-1 5.79246009E-9
3.700E-1 8.40869645E-9
3.800E-1 1.22069959E-8
3.900E-1 1.77207176E-8
4.000E-1 2.57228001E-8
4.100E-1 3.73321206E-8
4.200E-1 5.41656731E-8
4.300E-1 7.85547623E-8
4.400E-1 1.13848934E-7
4.500E-1 1.6483663E-7
