0.000E+0 -0.690411734
1.000E-2 -0.690406222
2.000E-2 -0.690400709
3.000E-2 -0.690395152
4.000E-2 -0.690389547
5.000E-2 -0.690383891
6.000E-2 -0.690378178
7.000E-2 -0.6903724
8.000E-2 -0.690366548
9.000E-2 -0.690360606
1.000E-1 -0.690354556
1.100E-1 -0.690348368
1.200E-1 -0.690342
1.300E-1 -0.690335395
1.400E-1 -0.690328465
1.500E-1 -0.690321088
1.600E-1 -0.690313082
1.700E-1 -0.690304186
1.800E-1 -0.690294019
1.900E-1 -0.690282024
2.000E-1 -0.690267392
2.100E-1 -0.690248939
2.200E-1 -0.69022494
2.300E-1 -0.690192875
2.400E-1 -0.690149062
2.500E-1 -0.690088127
2.600E-1 -0.690002213
2.700E-1 -0.689879846
2.800E-1 -0.689704255
2.900E-1 -0.689450939
3.000E-1 -0.689084092
3.100E-1 -0.688551396
3.200E-1 -0.687776406
3.300E-1 -0.686647445
3.400E-1 -0.68500139
3.500E-1 -0.682600056
3.600E-1 -0.679095809
3.700E-1 -0.673981638
3.800E-1 -0.666518839
3.900E-1 -0.655632755
4.000E-1 -0.639763425
4.100E-1 -0.616653666
4.200E-1 -0.583052592
4.300E-1 -0.534309505
4.400E-1 -0.463835077
4.500E-1 -0.362420815
4.600E-1 -0.217444435
4.700E-1 -0.012058039
4.800E-1 0.275451662
