0.000E+0 -0.612466999
1.000E-2 -0.612451203
2.000E-2 -0.61243532
3.000E-2 -0.612419304
4.000E-2 -0.612403144
5.000E-2 -0.612386827
6.000E-2 -0.61237033
7.000E-2 -0.612353628
8.000E-2 -0.612336686
9.000E-2 -0.612319456
1.000E-1 -0.612301866
1.100E-1 -0.612283822
1.200E-1 -0.612265186
1.300E-1 -0.612245761
1.400E-1 -0.61222527
1.500E-1 -0.612203307
1.600E-1 -0.612179295
1.700E-1 -0.612152397
1.800E-1 -0.612121403
1.900E-1 -0.61208456
2.000E-1 -0.612039319
2.100E-1 -0.611981978
2.200E-1 -0.611907149
2.300E-1 -0.611806984
2.400E-1 -0.611670047
2.500E-1 -0.61147966
2.600E-1 -0.611211502
2.700E-1 -0.610830077
2.800E-1 -0.610283574
2.900E-1 -0.609496362
3.000E-1 -0.608357996
3.100E-1 -0.606707188
3.200E-1 -0.604308365
3.300E-1 -0.600817441
3.400E-1 -0.595731801
3.500E-1 -0.588317273
3.600E-1 -0.577501509
3.700E-1 -0.561718385
3.800E-1 -0.538681103
3.900E-1 -0.505051604
4.000E-1 -0.455959589
4.100E-1 -0.384303967
4.200E-1 -0.279740845
4.300E-1 -0.127222043
4.400E-1 0.0951072297
