0.000E+0 0
1.000E-2 7.63587382E-14
2.000E-2 1.84654555E-13
3.000E-2 3.38354706E-13
4.000E-2 5.56604735E-13
5.000E-2 8.66623233E-13
6.000E-2 1.30710795E-12
7.000E-2 1.93308174E-12
8.000E-2 2.82278938E-12
9.000E-2 4.08751681E-12
1.000E-1 5.88557702E-12
1.100E-1 8.44223909E-12
1.200E-1 1.20781373E-11
1.300E-1 1.7249784E-11
1.400E-1 2.46073624E-11
1.500E-1 3.5077189E-11
1.600E-1 4.99794018E-11
1.700E-1 7.11959416E-11
1.800E-1 1.01410339E-10
1.900E-1 1.44450015E-10
2.000E-1 2.05774937E-10
2.100E-1 2.93175193E-10
2.200E-1 4.17766782E-10
2.300E-1 5.95413049E-10
2.400E-1 8.48753524E-10
2.500E-1 1.21009933E-9
2.600E-1 1.72556449E-9
2.700E-1 2.46095878E-9
2.800E-1 3.51018971E-9
2.900E-1 5.00723404E-9
3.000E-1 7.1431795E-9
3.100E-1 1.01904514E-8
3.200E-1 1.4537187E-8
3.300E-1 2.07358707E-8
3.400E-1 2.95718726E-8
3.500E-1 4.21594675E-8
3.600E-1 6.00752154E-8
3.700E-1 8.55409226E-8
3.800E-1 1.21669943E-7
3.900E-1 1.72789349E-7
4.000E-1 2.44842484E-7
4.100E-1 3.45854201E-7
4.200E-1 4.86392608E-7
4.300E-1 6.79870413E-7
4.400E-1 9.42384893E-7
4.500E-1 1.29161809E-6
