0.000E+0 0
1.000E-2 1.47850537E-12
2.000E-2 3.56604565E-12
3.000E-2 6.51681919E-12
4.000E-2 1.06910742E-11
5.000E-2 1.65993577E-11
6.000E-2 2.49652665E-11
7.000E-2 3.68144769E-11
8.000E-2 5.36011312E-11
9.000E-2 7.73873692E-11
1.000E-1 1.11098532E-10
1.100E-1 1.58886198E-10
1.200E-1 2.26644979E-10
1.300E-1 3.22748678E-10
1.400E-1 4.59099518E-10
1.500E-1 6.52624245E-10
1.600E-1 9.27408191E-10
1.700E-1 1.31774002E-9
1.800E-1 1.87245659E-9
1.900E-1 2.66114343E-9
2.000E-1 3.78298425E-9
2.100E-1 5.37939147E-9
2.200E-1 7.65203383E-9
2.300E-1 1.08885675E-8
2.400E-1 1.54993624E-8
2.500E-1 2.20699206E-8
2.600E-1 3.14356859E-8
2.700E-1 4.47887983E-8
2.800E-1 6.38304042E-8
2.900E-1 9.09879025E-8
3.000E-1 1.29724679E-7
3.100E-1 1.84981432E-7
3.200E-1 2.63804442E-7
3.300E-1 3.76238803E-7
3.400E-1 5.36596037E-7
3.500E-1 7.65248193E-7
3.600E-1 1.09115737E-6
3.700E-1 1.55542241E-6
3.800E-1 2.21621188E-6
3.900E-1 3.15554505E-6
4.000E-1 4.48845229E-6
4.100E-1 6.37502999E-6
4.200E-1 9.03567156E-6
4.300E-1 1.27690659E-5
4.400E-1 1.79710117E-5
4.500E-1 2.51492335E-5
