0.000E+0 -0.617923262
1.000E-2 -0.617918921
2.000E-2 -0.617914548
3.000E-2 -0.617910137
4.000E-2 -0.617905683
5.000E-2 -0.617901178
6.000E-2 -0.617896611
7.000E-2 -0.617891968
8.000E-2 -0.617887227
9.000E-2 -0.61788236
1.000E-1 -0.617877323
1.100E-1 -0.617872054
1.200E-1 -0.617866466
1.300E-1 -0.617860433
1.400E-1 -0.617853772
1.500E-1 -0.617846223
1.600E-1 -0.617837407
1.700E-1 -0.617826782
1.800E-1 -0.617813563
1.900E-1 -0.61779662
2.000E-1 -0.617774321
2.100E-1 -0.61774431
2.200E-1 -0.617703187
2.300E-1 -0.617646044
2.400E-1 -0.617565795
2.500E-1 -0.617452207
2.600E-1 -0.617290504
2.700E-1 -0.617059349
2.800E-1 -0.616727929
2.900E-1 -0.616251744
3.000E-1 -0.615566529
3.100E-1 -0.614579469
3.200E-1 -0.613156515
3.300E-1 -0.611104069
3.400E-1 -0.608142521
3.500E-1 -0.603868036
3.600E-1 -0.597697362
3.700E-1 -0.588788133
3.800E-1 -0.57592376
3.900E-1 -0.557347233
4.000E-1 -0.530521142
4.100E-1 -0.491781262
4.200E-1 -0.435836576
4.300E-1 -0.355047942
4.400E-1 -0.2383879
4.500E-1 -0.069941767
4.600E-1 0.173250044
