0.000E+0 -0.288683792
1.000E-2 -0.288669729
2.000E-2 -0.288655552
3.000E-2 -0.288641226
4.000E-2 -0.288626737
5.000E-2 -0.288612036
6.000E-2 -0.288597094
7.000E-2 -0.28858182
8.000E-2 -0.288566134
9.000E-2 -0.288549912
1.000E-1 -0.288532964
1.100E-1 -0.288515039
1.200E-1 -0.288495788
1.300E-1 -0.288474691
1.400E-1 -0.288451052
1.500E-1 -0.288423862
1.600E-1 -0.288391697
1.700E-1 -0.288352537
1.800E-1 -0.288303466
1.900E-1 -0.288240361
2.000E-1 -0.288157296
2.100E-1 -0.288045764
2.200E-1 -0.287893568
2.300E-1 -0.287683176
2.400E-1 -0.287389365
2.500E-1 -0.286975858
2.600E-1 -0.286390375
2.700E-1 -0.285557648
2.800E-1 -0.284369139
2.900E-1 -0.282668439
3.000E-1 -0.280229967
3.100E-1 -0.276728331
3.200E-1 -0.271694159
3.300E-1 -0.264450175
3.400E-1 -0.254019069
3.500E-1 -0.238990403
3.600E-1 -0.217328572
3.700E-1 -0.186095588
3.800E-1 -0.141051058
3.900E-1 -0.0760752303
4.000E-1 0.0176629935
