0.000E+0 0
1.000E-2 1.21944338E-15
2.000E-2 2.99031997E-15
3.000E-2 5.56499121E-15
4.000E-2 9.31065701E-15
5.000E-2 1.47612423E-14
6.000E-2 2.26926116E-14
7.000E-2 3.42316147E-14
8.000E-2 5.10142635E-14
9.000E-2 7.54153909E-14
1.000E-1 1.10882554E-13
1.100E-1 1.62422371E-13
1.200E-1 2.37310389E-13
1.300E-1 3.46129627E-13
1.400E-1 5.04293584E-13
1.500E-1 7.34284601E-13
1.600E-1 1.06894985E-12
1.700E-1 1.55636196E-12
1.800E-1 2.26699473E-12
1.900E-1 3.30432425E-12
2.000E-1 4.82049753E-12
2.100E-1 7.0394973E-12
2.200E-1 1.02913958E-11
2.300E-1 1.50630137E-11
2.400E-1 2.20728518E-11
2.500E-1 3.23819416E-11
2.600E-1 4.75578545E-11
2.700E-1 6.99173936E-11
2.800E-1 1.02885754E-10
2.900E-1 1.51528094E-10
3.000E-1 2.23336357E-10
3.100E-1 3.2939396E-10
3.200E-1 4.8609995E-10
3.300E-1 7.17721446E-10
3.400E-1 1.06017243E-9
3.500E-1 1.56660819E-9
3.600E-1 2.31570798E-9
3.700E-1 3.42393748E-9
3.800E-1 5.06370323E-9
3.900E-1 7.49022875E-9
4.000E-1 1.10813401E-8
4.100E-1 1.6396355E-8
4.200E-1 2.42632346E-8
4.300E-1 3.59075307E-8
4.400E-1 5.3143105E-8
4.500E-1 7.86540723E-8
