0.000E+0 -0.734472
1.000E-2 -0.734471053
2.000E-2 -0.734470091
3.000E-2 -0.734469106
4.000E-2 -0.734468089
5.000E-2 -0.73446703
6.000E-2 -0.734465914
7.000E-2 -0.734464721
8.000E-2 -0.734463419
9.000E-2 -0.734461966
1.000E-1 -0.7344603
1.100E-1 -0.734458332
1.200E-1 -0.734455934
1.300E-1 -0.734452925
1.400E-1 -0.734449042
1.500E-1 -0.734443912
1.600E-1 -0.734436994
1.700E-1 -0.734427518
1.800E-1 -0.734414374
1.900E-1 -0.734395971
2.000E-1 -0.734370025
2.100E-1 -0.734333257
2.200E-1 -0.73428096
2.300E-1 -0.734206373
2.400E-1 -0.734099791
2.500E-1 -0.733947281
2.600E-1 -0.733728831
2.700E-1 -0.733415711
2.800E-1 -0.732966665
2.900E-1 -0.732322455
3.000E-1 -0.731398022
3.100E-1 -0.730071239
3.200E-1 -0.728166763
3.300E-1 -0.725432865
3.400E-1 -0.721508207
3.500E-1 -0.715874191
3.600E-1 -0.707786693
3.700E-1 -0.696178321
3.800E-1 -0.679518588
3.900E-1 -0.655614081
4.000E-1 -0.621323121
4.100E-1 -0.572148535
4.200E-1 -0.501656571
4.300E-1 -0.400647721
4.400E-1 -0.255974508
4.500E-1 -0.0488611415
4.600E-1 0.247469218
