0.000E+0 0
1.000E-2 1.29980034E-13
2.000E-2 3.11612349E-13
3.000E-2 5.65580919E-13
4.000E-2 9.2085471E-13
5.000E-2 1.41800874E-12
6.000E-2 2.11387906E-12
7.000E-2 3.08808931E-12
8.000E-2 4.45220434E-12
9.000E-2 6.36257266E-12
1.000E-1 9.03835044E-12
1.100E-1 1.27868056E-11
1.200E-1 1.80388533E-11
1.300E-1 2.53989705E-11
1.400E-1 3.57153245E-11
1.500E-1 5.01783116E-11
1.600E-1 7.04590331E-11
1.700E-1 9.89039052E-11
1.800E-1 1.3880817E-10
1.900E-1 1.94800305E-10
2.000E-1 2.73382301E-10
2.100E-1 3.83689017E-10
2.200E-1 5.38555425E-10
2.300E-1 7.56016585E-10
2.400E-1 1.06141569E-9
2.500E-1 1.49036654E-9
2.600E-1 2.0929164E-9
2.700E-1 2.93939474E-9
2.800E-1 4.12862908E-9
2.900E-1 5.79948238E-9
3.000E-1 8.14704843E-9
3.100E-1 1.14453718E-8
3.200E-1 1.60792948E-8
3.300E-1 2.25890445E-8
3.400E-1 3.17325511E-8
3.500E-1 4.45723436E-8
3.600E-1 6.25963052E-8
3.700E-1 8.78846777E-8
3.800E-1 1.23339445E-7
3.900E-1 1.72996277E-7
4.000E-1 2.42442661E-7
4.100E-1 3.39366412E-7
4.200E-1 4.74251998E-7
4.300E-1 6.61219253E-7
4.400E-1 9.18945582E-7
4.500E-1 1.27150669E-6
