0.000E+0 0
1.000E-2 1.88973803E-13
2.000E-2 4.53027696E-13
3.000E-2 8.2222321E-13
4.000E-2 1.33866145E-12
5.000E-2 2.06130859E-12
6.000E-2 3.07275929E-12
7.000E-2 4.48871923E-12
8.000E-2 6.47130411E-12
9.000E-2 9.2476977E-12
1.000E-1 1.31363374E-11
1.100E-1 1.85836757E-11
1.200E-1 2.62158054E-11
1.300E-1 3.69109739E-11
1.400E-1 5.19014618E-11
1.500E-1 7.29167353E-11
1.600E-1 1.02384615E-10
1.700E-1 1.43713991E-10
1.800E-1 2.01692164E-10
1.900E-1 2.8304328E-10
2.000E-1 3.9721321E-10
2.100E-1 5.57472674E-10
2.200E-1 7.82467656E-10
2.300E-1 1.09839844E-9
2.400E-1 1.54208201E-9
2.500E-1 2.16525573E-9
2.600E-1 3.04062488E-9
2.700E-1 4.27035938E-9
2.800E-1 5.99802949E-9
2.900E-1 8.42536737E-9
3.000E-1 1.18357962E-8
3.100E-1 1.66274399E-8
3.200E-1 2.33593961E-8
3.300E-1 3.28165246E-8
3.400E-1 4.61000127E-8
3.500E-1 6.47536764E-8
3.600E-1 9.09395166E-8
3.700E-1 1.27680592E-7
3.800E-1 1.79194764E-7
3.900E-1 2.51348867E-7
4.000E-1 3.52268067E-7
4.100E-1 4.93136397E-7
4.200E-1 6.89215248E-7
4.300E-1 9.61074499E-7
4.400E-1 1.33595477E-6
4.500E-1 1.84902676E-6
