0.000E+0 0
1.000E-2 1.69381436E-14
2.000E-2 4.13114013E-14
3.000E-2 7.64320699E-14
4.000E-2 1.27080266E-13
5.000E-2 2.00150146E-13
6.000E-2 3.05579715E-13
7.000E-2 4.57689267E-13
8.000E-2 6.77104142E-13
9.000E-2 9.93557073E-13
1.000E-1 1.44987828E-12
1.100E-1 2.107834E-12
1.200E-1 3.05656931E-12
1.300E-1 4.4248982E-12
1.400E-1 6.39922711E-12
1.500E-1 9.2497495E-12
1.600E-1 1.33687944E-11
1.700E-1 1.93270416E-11
1.800E-1 2.79560016E-11
1.900E-1 4.04691008E-11
2.000E-1 5.86395031E-11
2.100E-1 8.50613103E-11
2.200E-1 1.235333E-10
2.300E-1 1.79622775E-10
2.400E-1 2.61494168E-10
2.500E-1 3.8112691E-10
2.600E-1 5.56105653E-10
2.700E-1 8.12252167E-10
2.800E-1 1.18749503E-9
2.900E-1 1.73755978E-9
3.000E-1 2.54433659E-9
3.100E-1 3.72818618E-9
3.200E-1 5.46603866E-9
3.300E-1 8.01801296E-9
3.400E-1 1.17665705E-8
3.500E-1 1.72741063E-8
3.600E-1 2.53676615E-8
3.700E-1 3.72635332E-8
3.800E-1 5.47505734E-8
3.900E-1 8.04598219E-8
4.000E-1 1.18261135E-7
4.100E-1 1.73846621E-7
4.200E-1 2.55588855E-7
4.300E-1 3.7580323E-7
4.400E-1 5.52604667E-7
4.500E-1 8.12638291E-7
