0.000E+0 0
1.000E-2 2.07478307E-15
2.000E-2 5.02406089E-15
3.000E-2 9.23169544E-15
4.000E-2 1.52475098E-14
5.000E-2 2.38577295E-14
6.000E-2 3.61848266E-14
7.000E-2 5.38289859E-14
8.000E-2 7.90686364E-14
9.000E-2 1.15145143E-13
1.000E-1 1.66668094E-13
1.100E-1 2.40194565E-13
1.200E-1 3.45061294E-13
1.300E-1 4.94587211E-13
1.400E-1 7.07821801E-13
1.500E-1 1.0121019E-12
1.600E-1 1.44680939E-12
1.700E-1 2.06891551E-12
1.800E-1 2.96118346E-12
1.900E-1 4.24432555E-12
2.000E-1 6.09504019E-12
2.100E-1 8.77279023E-12
2.200E-1 1.26595772E-11
2.300E-1 1.83190429E-11
2.400E-1 2.65843244E-11
2.500E-1 3.86887026E-11
2.600E-1 5.64599624E-11
2.700E-1 8.26096284E-11
2.800E-1 1.21163518E-10
2.900E-1 1.7810282E-10
3.000E-1 2.62318825E-10
3.100E-1 3.87035036E-10
3.200E-1 5.71925729E-10
3.300E-1 8.46272432E-10
3.400E-1 1.25366723E-9
3.500E-1 1.85902144E-9
3.600E-1 2.75901019E-9
3.700E-1 4.09763765E-9
3.800E-1 6.08943392E-9
3.900E-1 9.05402389E-9
4.000E-1 1.34676404E-8
4.100E-1 2.00398771E-8
4.200E-1 2.98280264E-8
4.300E-1 4.44073516E-8
4.400E-1 6.61245379E-8
4.500E-1 9.84746767E-8
