0.000E+0 0
1.000E-2 2.96975423E-15
2.000E-2 7.18596618E-15
3.000E-2 1.31938404E-14
4.000E-2 2.17732296E-14
5.000E-2 3.40376338E-14
6.000E-2 5.15742007E-14
7.000E-2 7.66416008E-14
8.000E-2 1.12449803E-13
9.000E-2 1.63556231E-13
1.000E-1 2.36428262E-13
1.100E-1 3.40245205E-13
1.200E-1 4.88047785E-13
1.300E-1 6.98395894E-13
1.400E-1 9.97774852E-13
1.500E-1 1.42410968E-12
1.600E-1 2.03192499E-12
1.700E-1 2.89995251E-12
1.800E-1 4.14238023E-12
1.900E-1 5.92551764E-12
2.000E-1 8.49251263E-12
2.100E-1 1.22000358E-11
2.200E-1 1.75727537E-11
2.300E-1 2.53842514E-11
2.400E-1 3.67772993E-11
2.500E-1 5.34426676E-11
2.600E-1 7.78850962E-11
2.700E-1 1.13819042E-10
2.800E-1 1.66757719E-10
2.900E-1 2.44890058E-10
3.000E-1 3.60386642E-10
3.100E-1 5.31344784E-10
3.200E-1 7.8468602E-10
3.300E-1 1.1604729E-9
3.400E-1 1.71834099E-9
3.500E-1 2.54708316E-9
3.600E-1 3.77893218E-9
3.700E-1 5.6108452E-9
3.800E-1 8.33622369E-9
3.900E-1 1.23921836E-8
4.000E-1 1.84299967E-8
4.100E-1 2.7420049E-8
4.200E-1 4.08082048E-8
4.300E-1 6.07486872E-8
4.400E-1 9.04507722E-8
4.500E-1 1.34694585E-7
