0.000E+0 0
1.000E-2 5.40599094E-13
2.000E-2 1.30137276E-12
3.000E-2 2.3724256E-12
4.000E-2 3.88073458E-12
5.000E-2 6.00523973E-12
6.000E-2 8.99811633E-12
7.000E-2 1.32147651E-11
8.000E-2 1.91561018E-11
9.000E-2 2.75282016E-11
1.000E-1 3.93264401E-11
1.100E-1 5.59542151E-11
1.200E-1 7.93904938E-11
1.300E-1 1.12426299E-10
1.400E-1 1.58998533E-10
1.500E-1 2.2466121E-10
1.600E-1 3.17250624E-10
1.700E-1 4.47824092E-10
1.800E-1 6.31984423E-10
1.900E-1 8.9174775E-10
2.000E-1 1.25817587E-9
2.100E-1 1.77508247E-9
2.200E-1 2.50424407E-9
2.300E-1 3.53271233E-9
2.400E-1 4.9830463E-9
2.500E-1 7.02757323E-9
2.600E-1 9.90815023E-9
2.700E-1 1.39633222E-8
2.800E-1 1.96651962E-8
2.900E-1 2.76686257E-8
3.000E-1 3.88750763E-8
3.100E-1 5.45121625E-8
3.200E-1 7.62260854E-8
3.300E-1 1.06176163E-7
3.400E-1 1.4710591E-7
3.500E-1 2.02342102E-7
3.600E-1 2.75645155E-7
3.700E-1 3.70816732E-7
3.800E-1 4.91000426E-7
3.900E-1 6.37740232E-7
4.000E-1 8.10106278E-7
4.100E-1 1.00444733E-6
4.200E-1 1.21531937E-6
4.300E-1 1.43766943E-6
4.400E-1 1.66965705E-6
4.500E-1 1.91518662E-6
