0.000E+0 0
1.000E-2 4.48685435E-14
2.000E-2 1.07551091E-13
3.000E-2 1.95303757E-13
4.000E-2 3.18335383E-13
5.000E-2 4.91010154E-13
6.000E-2 7.33542879E-13
7.000E-2 1.07439148E-12
8.000E-2 1.5536378E-12
9.000E-2 2.2277717E-12
1.000E-1 3.17647128E-12
1.100E-1 4.51222549E-12
1.200E-1 6.39400964E-12
1.300E-1 9.04674265E-12
1.400E-1 1.2788997E-11
1.500E-1 1.80724881E-11
1.600E-1 2.55383787E-11
1.700E-1 3.60975849E-11
1.800E-1 5.10453341E-11
1.900E-1 7.22246119E-11
2.000E-1 1.02259381E-10
2.100E-1 1.44887387E-10
2.200E-1 2.05435108E-10
2.300E-1 2.91495643E-10
2.400E-1 4.1389628E-10
2.500E-1 5.88079684E-10
2.600E-1 8.3607561E-10
2.700E-1 1.18931581E-9
2.800E-1 1.69265287E-9
2.900E-1 2.4100981E-9
3.000E-1 3.43301414E-9
3.100E-1 4.89181245E-9
3.200E-1 6.97265518E-9
3.300E-1 9.94130272E-9
3.400E-1 1.41771625E-8
3.500E-1 2.02219016E-8
3.600E-1 2.88488463E-8
3.700E-1 4.11620483E-8
3.800E-1 5.8737673E-8
3.900E-1 8.38257449E-8
4.000E-1 1.19637909E-7
4.100E-1 1.70757678E-7
4.200E-1 2.43724873E-7
4.300E-1 3.47867339E-7
4.400E-1 4.96482773E-7
4.500E-1 7.08514413E-7
