0.000E+0 0
1.000E-2 1.03409569E-14
2.000E-2 2.50609409E-14
3.000E-2 4.60342278E-14
4.000E-2 7.5937394E-14
5.000E-2 1.18592998E-13
6.000E-2 1.79460821E-13
7.000E-2 2.66340319E-13
8.000E-2 3.90375568E-13
9.000E-2 5.67493708E-13
1.000E-1 8.20464988E-13
1.100E-1 1.18185459E-12
1.200E-1 1.69825435E-12
1.300E-1 2.43635186E-12
1.400E-1 3.4916378E-12
1.500E-1 5.00090158E-12
1.600E-1 7.16016674E-12
1.700E-1 1.02504373E-11
1.800E-1 1.46746596E-11
1.900E-1 2.10107883E-11
2.000E-1 3.00879742E-11
2.100E-1 4.30959543E-11
2.200E-1 6.17421163E-11
2.300E-1 8.8477021E-11
2.400E-1 1.26818231E-10
2.500E-1 1.81815312E-10
2.600E-1 2.60717552E-10
2.700E-1 3.73932825E-10
2.800E-1 5.3640452E-10
2.900E-1 7.69588887E-10
3.000E-1 1.10429462E-9
3.100E-1 1.58476071E-9
3.200E-1 2.27451251E-9
3.300E-1 3.26477163E-9
3.400E-1 4.68653302E-9
3.500E-1 6.72790868E-9
3.600E-1 9.65903387E-9
3.700E-1 1.3867833E-8
3.800E-1 1.99113781E-8
3.900E-1 2.85896343E-8
4.000E-1 4.10513418E-8
4.100E-1 5.89460238E-8
4.200E-1 8.4642176E-8
4.300E-1 1.21540383E-7
4.400E-1 1.7452251E-7
4.500E-1 2.50595798E-7
