0.000E+0 -0.294701164
1.000E-2 -0.294617859
2.000E-2 -0.294525844
3.000E-2 -0.294421913
4.000E-2 -0.294301626
5.000E-2 -0.294158816
6.000E-2 -0.293984921
7.000E-2 -0.293768047
8.000E-2 -0.293491666
9.000E-2 -0.293132798
1.000E-1 -0.292659478
1.100E-1 -0.292027215
1.200E-1 -0.291174038
1.300E-1 -0.290013571
1.400E-1 -0.288425321
1.500E-1 -0.286241086
1.600E-1 -0.283225891
1.700E-1 -0.279051282
1.800E-1 -0.273257889
1.900E-1 -0.265202976
2.000E-1 -0.253987006
2.100E-1 -0.238350892
2.200E-1 -0.216532419
2.300E-1 -0.186065955
2.400E-1 -0.143503743
2.500E-1 -0.0840294301
2.600E-1 -0.000924822189
2.700E-1 0.115160691
