0.000E+0 0
1.000E-2 6.01556063E-14
2.000E-2 1.47358955E-13
3.000E-2 2.73958259E-13
4.000E-2 4.57872315E-13
5.000E-2 7.25068286E-13
6.000E-2 1.11324721E-12
7.000E-2 1.67681395E-12
8.000E-2 2.49440684E-12
9.000E-2 3.67953389E-12
1.000E-1 5.39594706E-12
1.100E-1 7.87985335E-12
1.200E-1 1.1472101E-11
1.300E-1 1.66649936E-11
1.400E-1 2.41706611E-11
1.500E-1 3.50213274E-11
1.600E-1 5.07169182E-11
1.700E-1 7.34430558E-11
1.800E-1 1.06393789E-10
1.900E-1 1.54250185E-10
2.000E-1 2.2389083E-10
2.100E-1 3.25447289E-10
2.200E-1 4.73872738E-10
2.300E-1 6.91273952E-10
2.400E-1 1.01037924E-9
2.500E-1 1.47969704E-9
2.600E-1 2.17119162E-9
2.700E-1 3.19170669E-9
2.800E-1 4.69997117E-9
2.900E-1 6.93191907E-9
3.000E-1 1.02383943E-8
3.100E-1 1.51413044E-8
3.200E-1 2.24172576E-8
3.300E-1 3.32221375E-8
3.400E-1 4.92766538E-8
3.500E-1 7.31426957E-8
3.600E-1 1.08634872E-7
3.700E-1 1.61433218E-7
3.800E-1 2.39995073E-7
3.900E-1 3.56911429E-7
4.000E-1 5.30922701E-7
4.100E-1 7.89910859E-7
4.200E-1 1.17533313E-6
4.300E-1 1.74877588E-6
4.400E-1 2.60161077E-6
4.500E-1 3.86916023E-6
