0.000E+0 0
1.000E-2 1.5320065E-12
2.000E-2 3.69721809E-12
3.000E-2 6.75892562E-12
4.000E-2 1.10898928E-11
5.000E-2 1.72178829E-11
6.000E-2 2.58901382E-11
7.000E-2 3.81647224E-11
8.000E-2 5.55399458E-11
9.000E-2 8.01378031E-11
1.000E-1 1.14964039E-10
1.100E-1 1.64276957E-10
1.200E-1 2.34110593E-10
1.300E-1 3.33017046E-10
1.400E-1 4.73119995E-10
1.500E-1 6.716101E-10
1.600E-1 9.52867875E-10
1.700E-1 1.35147747E-9
1.800E-1 1.91650538E-9
1.900E-1 2.71757476E-9
2.000E-1 3.85348832E-9
2.100E-1 5.46446747E-9
2.200E-1 7.74952126E-9
2.300E-1 1.0991088E-8
2.400E-1 1.55899804E-8
2.500E-1 2.21149146E-8
2.600E-1 3.13726471E-8
2.700E-1 4.4507177E-8
2.800E-1 6.31398104E-8
2.900E-1 8.95664269E-8
3.000E-1 1.27034309E-7
3.100E-1 1.80128618E-7
3.200E-1 2.55307901E-7
3.300E-1 3.61637985E-7
3.400E-1 5.11781477E-7
3.500E-1 7.2329932E-7
3.600E-1 1.02029776E-6
3.700E-1 1.43538235E-6
3.800E-1 2.01171489E-6
3.900E-1 2.80464225E-6
4.000E-1 3.88180514E-6
4.100E-1 5.31983978E-6
4.200E-1 7.19502588E-6
4.300E-1 9.5654061E-6
4.400E-1 1.24447557E-5
4.500E-1 1.5775954E-5
