0.000E+0 -0.740480119
1.000E-2 -0.7404782
2.000E-2 -0.74047626
3.000E-2 -0.740474271
4.000E-2 -0.740472213
5.000E-2 -0.740470067
6.000E-2 -0.740467801
7.000E-2 -0.74046537
8.000E-2 -0.740462709
9.000E-2 -0.740459729
1.000E-1 -0.740456301
1.100E-1 -0.74045224
1.200E-1 -0.740447285
1.300E-1 -0.740441059
1.400E-1 -0.740433032
1.500E-1 -0.74042244
1.600E-1 -0.740408196
1.700E-1 -0.740388749
1.800E-1 -0.740361885
1.900E-1 -0.740324441
2.000E-1 -0.740271905
2.100E-1 -0.740197831
2.200E-1 -0.740093017
2.300E-1 -0.739944326
2.400E-1 -0.739732994
2.500E-1 -0.739432231
2.600E-1 -0.73900378
2.700E-1 -0.738393014
2.800E-1 -0.737521921
2.900E-1 -0.736279107
3.000E-1 -0.734505505
3.100E-1 -0.731973982
3.200E-1 -0.728360233
3.300E-1 -0.723201233
3.400E-1 -0.715835976
3.500E-1 -0.705320957
3.600E-1 -0.690309723
3.700E-1 -0.668881355
3.800E-1 -0.638296484
3.900E-1 -0.594650757
4.000E-1 -0.532383558
4.100E-1 -0.443583181
4.200E-1 -0.317006843
4.300E-1 -0.136703084
4.400E-1 0.119917195
