0.000E+0 -0.589480039
1.000E-2 -0.58946713
2.000E-2 -0.589454225
3.000E-2 -0.589441208
4.000E-2 -0.589428071
5.000E-2 -0.589414821
6.000E-2 -0.589401438
7.000E-2 -0.589387906
8.000E-2 -0.589374192
9.000E-2 -0.589360277
1.000E-1 -0.589346102
1.100E-1 -0.589331618
1.200E-1 -0.589316719
1.300E-1 -0.589301288
1.400E-1 -0.58928512
1.500E-1 -0.589267955
1.600E-1 -0.589249405
1.700E-1 -0.589228891
1.800E-1 -0.589205599
1.900E-1 -0.589178339
2.000E-1 -0.589145368
2.100E-1 -0.589104163
2.200E-1 -0.589051042
2.300E-1 -0.588980643
2.400E-1 -0.588885142
2.500E-1 -0.588753107
2.600E-1 -0.588567883
2.700E-1 -0.588305133
2.800E-1 -0.587929317
2.900E-1 -0.587388542
3.000E-1 -0.586606985
3.100E-1 -0.585473908
3.200E-1 -0.583827484
3.300E-1 -0.581431296
3.400E-1 -0.57793988
3.500E-1 -0.572848458
3.600E-1 -0.565419444
3.700E-1 -0.554575131
3.800E-1 -0.538740984
3.900E-1 -0.515616927
4.000E-1 -0.481843775
4.100E-1 -0.432517239
4.200E-1 -0.360480906
4.300E-1 -0.255299901
4.400E-1 -0.101775719
4.500E-1 0.122193119
