0.000E+0 -0.390236853
1.000E-2 -0.390209445
2.000E-2 -0.390181932
3.000E-2 -0.3901542
4.000E-2 -0.390126212
5.000E-2 -0.390097914
6.000E-2 -0.39006927
7.000E-2 -0.390040224
8.000E-2 -0.39001069
9.000E-2 -0.389980575
1.000E-1 -0.389949688
1.100E-1 -0.389917831
1.200E-1 -0.389884684
1.300E-1 -0.389849834
1.400E-1 -0.38981267
1.500E-1 -0.38977232
1.600E-1 -0.389727571
1.700E-1 -0.389676651
1.800E-1 -0.389617067
1.900E-1 -0.389545185
2.000E-1 -0.389455839
2.100E-1 -0.3893415
2.200E-1 -0.389191287
2.300E-1 -0.388989427
2.400E-1 -0.388713054
2.500E-1 -0.388328879
2.600E-1 -0.387788491
2.700E-1 -0.387021454
2.800E-1 -0.385925153
2.900E-1 -0.384350049
3.000E-1 -0.382078044
3.100E-1 -0.378791209
3.200E-1 -0.374025615
3.300E-1 -0.367104378
3.400E-1 -0.357039702
3.500E-1 -0.342389986
3.600E-1 -0.321051412
3.700E-1 -0.289954163
3.800E-1 -0.244620126
3.900E-1 -0.178519974
4.000E-1 -0.0821408571
4.100E-1 0.0583608951
