0.000E+0 -0.647794409
1.000E-2 -0.647792156
2.000E-2 -0.647789773
3.000E-2 -0.647787213
4.000E-2 -0.647784407
5.000E-2 -0.64778126
6.000E-2 -0.647777638
7.000E-2 -0.647773354
8.000E-2 -0.647768144
9.000E-2 -0.647761638
1.000E-1 -0.647753313
1.100E-1 -0.64774244
1.200E-1 -0.647727988
1.300E-1 -0.647708512
1.400E-1 -0.647681981
1.500E-1 -0.647645537
1.600E-1 -0.647595167
1.700E-1 -0.647525226
1.800E-1 -0.64742778
1.900E-1 -0.647291678
2.000E-1 -0.647101243
2.100E-1 -0.646834438
2.200E-1 -0.646460281
2.300E-1 -0.645935222
2.400E-1 -0.645198039
2.500E-1 -0.644162663
2.600E-1 -0.642708103
2.700E-1 -0.640664269
2.800E-1 -0.637792049
2.900E-1 -0.6337553
3.000E-1 -0.628081474
3.100E-1 -0.620106271
3.200E-1 -0.608895834
3.300E-1 -0.593137381
3.400E-1 -0.570985484
3.500E-1 -0.539846013
3.600E-1 -0.4960725
3.700E-1 -0.434539494
3.800E-1 -0.348043154
3.900E-1 -0.226459406
4.000E-1 -0.0555620161
4.100E-1 0.184635907
