0.000E+0 0
1.000E-2 8.70890496E-15
2.000E-2 2.12893795E-14
3.000E-2 3.94942685E-14
4.000E-2 6.58579823E-14
5.000E-2 1.04052496E-13
6.000E-2 1.59368236E-13
7.000E-2 2.39470483E-13
8.000E-2 3.55364269E-13
9.000E-2 5.22925186E-13
1.000E-1 7.64999247E-13
1.100E-1 1.11449269E-12
1.200E-1 1.6188328E-12
1.300E-1 2.34647013E-12
1.400E-1 3.39639215E-12
1.500E-1 4.91210236E-12
1.600E-1 7.10223739E-12
1.700E-1 1.02710637E-11
1.800E-1 1.48636847E-11
1.900E-1 2.15331459E-11
2.000E-1 3.12401311E-11
2.100E-1 4.54011527E-11
2.200E-1 6.61088987E-11
2.300E-1 9.64599669E-11
2.400E-1 1.41042451E-10
2.500E-1 2.06661544E-10
2.600E-1 3.03419631E-10
2.700E-1 4.46324429E-10
2.800E-1 6.57683837E-10
2.900E-1 9.70673005E-10
3.000E-1 1.43464818E-9
3.100E-1 2.12306372E-9
3.200E-1 3.14526879E-9
3.300E-1 4.66408661E-9
3.400E-1 6.92201219E-9
3.500E-1 1.02802571E-8
3.600E-1 1.52769435E-8
3.700E-1 2.2713843E-8
3.800E-1 3.37856658E-8
3.900E-1 5.02727799E-8
4.000E-1 7.48284814E-8
4.100E-1 1.11407213E-7
4.200E-1 1.65902882E-7
4.300E-1 2.47100358E-7
4.400E-1 3.68093764E-7
4.500E-1 5.48400469E-7
