0.000E+0 0
1.000E-2 1.61848361E-14
2.000E-2 3.94422026E-14
3.000E-2 7.29266572E-14
4.000E-2 1.21180296E-13
5.000E-2 1.90732804E-13
6.000E-2 2.90913706E-13
7.000E-2 4.35164184E-13
8.000E-2 6.42632093E-13
9.000E-2 9.4067698E-13
1.000E-1 1.36834772E-12
1.100E-1 1.98136409E-12
1.200E-1 2.85928035E-12
1.300E-1 4.11583609E-12
1.400E-1 5.91399914E-12
1.500E-1 8.48795157E-12
1.600E-1 1.21753845E-11
1.700E-1 1.74651262E-11
1.800E-1 2.50675875E-11
1.900E-1 3.60191552E-11
2.000E-1 5.18370718E-11
2.100E-1 7.474938E-11
2.200E-1 1.08036471E-10
2.300E-1 1.56538604E-10
2.400E-1 2.27410334E-10
2.500E-1 3.31242382E-10
2.600E-1 4.83730512E-10
2.700E-1 7.08158955E-10
2.800E-1 1.03909699E-9
2.900E-1 1.52790275E-9
3.000E-1 2.25091938E-9
3.100E-1 3.32168294E-9
3.200E-1 4.90910825E-9
3.300E-1 7.26458299E-9
3.400E-1 1.07623385E-8
3.500E-1 1.59596073E-8
3.600E-1 2.36862729E-8
3.700E-1 3.51784765E-8
3.800E-1 5.22777441E-8
3.900E-1 7.7727774E-8
4.000E-1 1.15616794E-7
4.100E-1 1.72036893E-7
4.200E-1 2.56066755E-7
4.300E-1 3.81236392E-7
4.400E-1 5.67710196E-7
4.500E-1 8.45540345E-7
