0.000E+0 -0.657064052
1.000E-2 -0.65705807
2.000E-2 -0.657051829
3.000E-2 -0.657045237
4.000E-2 -0.657038168
5.000E-2 -0.657030444
6.000E-2 -0.657021816
7.000E-2 -0.657011935
8.000E-2 -0.657000314
9.000E-2 -0.656986266
1.000E-1 -0.656968831
1.100E-1 -0.65694666
1.200E-1 -0.656917861
1.300E-1 -0.656879777
1.400E-1 -0.656828678
1.500E-1 -0.656759327
1.600E-1 -0.656664367
1.700E-1 -0.656533465
1.800E-1 -0.656352105
1.900E-1 -0.656099889
2.000E-1 -0.655748155
2.100E-1 -0.655256626
2.200E-1 -0.6545687
2.300E-1 -0.653604821
2.400E-1 -0.652253179
2.500E-1 -0.650356616
2.600E-1 -0.647694238
2.700E-1 -0.64395555
2.800E-1 -0.638704111
2.900E-1 -0.631326445
3.000E-1 -0.620960218
3.100E-1 -0.606393304
3.200E-1 -0.585921928
3.300E-1 -0.557151313
3.400E-1 -0.516715599
3.500E-1 -0.4598844
3.600E-1 -0.380010326
3.700E-1 -0.26775349
3.800E-1 -0.109993712
3.900E-1 0.111694098
