0.000E+0 0
1.000E-2 3.63613807E-15
2.000E-2 8.85980612E-15
3.000E-2 1.63698083E-14
4.000E-2 2.71719599E-14
5.000E-2 4.27136902E-14
6.000E-2 6.50776653E-14
7.000E-2 9.72604248E-14
8.000E-2 1.4357359E-13
9.000E-2 2.10221991E-13
1.000E-1 3.06137477E-13
1.100E-1 4.4418268E-13
1.200E-1 6.4289072E-13
1.300E-1 9.28982039E-13
1.400E-1 1.34100904E-12
1.500E-1 1.93463814E-12
1.600E-1 2.79030991E-12
1.700E-1 4.02435327E-12
1.800E-1 5.80511627E-12
1.900E-1 8.37638294E-12
2.000E-1 1.20913714E-11
2.100E-1 1.74620988E-11
2.200E-1 2.52310651E-11
2.300E-1 3.64753506E-11
2.400E-1 5.27577961E-11
2.500E-1 7.63465737E-11
2.600E-1 1.10534104E-10
2.700E-1 1.60100293E-10
2.800E-1 2.31985434E-10
2.900E-1 3.36267693E-10
3.000E-1 4.87583118E-10
3.100E-1 7.07188525E-10
3.200E-1 1.02595841E-9
3.300E-1 1.48873881E-9
3.400E-1 2.16067264E-9
3.500E-1 3.13638911E-9
3.600E-1 4.55335409E-9
3.700E-1 6.61126507E-9
3.800E-1 9.60022672E-9
3.900E-1 1.394168E-8
4.000E-1 2.02478532E-8
4.100E-1 2.94081072E-8
4.200E-1 4.27143203E-8
4.300E-1 6.20429229E-8
4.400E-1 9.01190937E-8
4.500E-1 1.30900042E-7
