0.000E+0 0
1.000E-2 1.12754607E-13
2.000E-2 2.73814485E-13
3.000E-2 5.04116079E-13
4.000E-2 8.33636261E-13
5.000E-2 1.3052797E-12
6.000E-2 1.98043633E-12
7.000E-2 2.94693102E-12
8.000E-2 4.33040454E-12
9.000E-2 6.31062572E-12
1.000E-1 9.14490406E-12
1.100E-1 1.32017472E-11
1.200E-1 1.90093287E-11
1.300E-1 2.73254024E-11
1.400E-1 3.92383114E-11
1.500E-1 5.63131197E-11
1.600E-1 8.08032533E-11
1.700E-1 1.15957262E-10
1.800E-1 1.66463692E-10
1.900E-1 2.3909648E-10
2.000E-1 3.43651448E-10
2.100E-1 4.94305408E-10
2.200E-1 7.11588826E-10
2.300E-1 1.02524932E-9
2.400E-1 1.47840875E-9
2.500E-1 2.13359889E-9
2.600E-1 3.0815255E-9
2.700E-1 4.45379511E-9
2.800E-1 6.44139785E-9
2.900E-1 9.32155136E-9
3.000E-1 1.349669E-8
3.100E-1 1.9551097E-8
3.200E-1 2.83331659E-8
3.300E-1 4.10748926E-8
3.400E-1 5.95654506E-8
3.500E-1 8.64033284E-8
3.600E-1 1.25362582E-7
3.700E-1 1.81924833E-7
3.800E-1 2.64051979E-7
3.900E-1 3.83308422E-7
4.000E-1 5.564907E-7
4.100E-1 8.0799344E-7
4.200E-1 1.17324333E-6
4.300E-1 1.70368107E-6
4.400E-1 2.4739848E-6
4.500E-1 3.59253455E-6
