0.000E+0 0
1.000E-2 1.71860081E-16
2.000E-2 4.21718636E-16
3.000E-2 7.85761498E-16
4.000E-2 1.3169329E-15
5.000E-2 2.09268859E-15
6.000E-2 3.2263423E-15
7.000E-2 4.88368302E-15
8.000E-2 7.30733496E-15
9.000E-2 1.08525112E-14
1.000E-1 1.60395644E-14
1.100E-1 2.36313474E-14
1.200E-1 3.47472798E-14
1.300E-1 5.10317979E-14
1.400E-1 7.49034603E-14
1.500E-1 1.09923745E-13
1.600E-1 1.61343509E-13
1.700E-1 2.36913171E-13
1.800E-1 3.48084317E-13
1.900E-1 5.11792226E-13
2.000E-1 7.53100503E-13
2.100E-1 1.10912513E-12
2.200E-1 1.63485738E-12
2.300E-1 2.41180514E-12
2.400E-1 3.56081786E-12
2.500E-1 5.26112213E-12
2.600E-1 7.7785771E-12
2.700E-1 1.15076184E-11
2.800E-1 1.70335244E-11
2.900E-1 2.52248566E-11
3.000E-1 3.73706989E-11
3.100E-1 5.53844155E-11
3.200E-1 8.21061734E-11
3.300E-1 1.21752112E-10
3.400E-1 1.80581258E-10
3.500E-1 2.67885762E-10
3.600E-1 3.97461205E-10
3.700E-1 5.89789765E-10
3.800E-1 8.75281858E-10
3.900E-1 1.29908952E-9
4.000E-1 1.92825355E-9
4.100E-1 2.86231615E-9
4.200E-1 4.24907929E-9
4.300E-1 6.30800394E-9
4.400E-1 9.3649551E-9
4.500E-1 1.39037937E-8
