0.000E+0 0
1.000E-2 9.69730103E-11
2.000E-2 2.32643738E-10
3.000E-2 4.22543312E-10
4.000E-2 6.88435172E-10
5.000E-2 1.0608161E-9
6.000E-2 1.58242174E-9
7.000E-2 2.31314101E-9
8.000E-2 3.3369068E-9
9.000E-2 4.77135998E-9
1.000E-1 6.78140572E-9
1.100E-1 9.59823355E-9
1.200E-1 1.35460074E-8
1.300E-1 1.90793224E-8
1.400E-1 2.68357708E-8
1.500E-1 3.77097047E-8
1.600E-1 5.29557128E-8
1.700E-1 7.43337155E-8
1.800E-1 1.0431227E-7
1.900E-1 1.46353144E-7
2.000E-1 2.05309039E-7
2.100E-1 2.87978277E-7
2.200E-1 4.03876066E-7
2.300E-1 5.6630234E-7
2.400E-1 7.93811341E-7
2.500E-1 1.11221684E-6
2.600E-1 1.55729508E-6
2.700E-1 2.17836516E-6
2.800E-1 3.04291281E-6
2.900E-1 4.24236018E-6
3.000E-1 5.8987813E-6
3.100E-1 8.17220143E-6
3.200E-1 1.12670964E-5
3.300E-1 1.54360929E-5
3.400E-1 2.09776422E-5
3.500E-1 2.82234464E-5
3.600E-1 3.75099587E-5
3.700E-1 4.91242096E-5
3.800E-1 6.32031888E-5
3.900E-1 7.95506364E-5
4.000E-1 9.73706632E-5
4.100E-1 0.000115167087
4.200E-1 0.000131352833
4.300E-1 0.000145295933
4.400E-1 0.000157502149
4.500E-1 0.000168988088
