0.000E+0 0
1.000E-2 4.33591052E-14
2.000E-2 1.03943815E-13
3.000E-2 1.88918442E-13
4.000E-2 3.08351832E-13
5.000E-2 4.7635538E-13
6.000E-2 7.12650443E-13
7.000E-2 1.0447232E-12
8.000E-2 1.51078523E-12
9.000E-2 2.16384504E-12
1.000E-1 3.07732391E-12
1.100E-1 4.35284181E-12
1.200E-1 6.13108936E-12
1.300E-1 8.6071424E-12
1.400E-1 1.20522383E-11
1.500E-1 1.68450235E-11
1.600E-1 2.3516747E-11
1.700E-1 3.2817023E-11
1.800E-1 4.58099398E-11
1.900E-1 6.4014897E-11
2.000E-1 8.96133363E-11
2.100E-1 1.25752509E-10
2.200E-1 1.76992186E-10
2.300E-1 2.49962044E-10
2.400E-1 3.54329785E-10
2.500E-1 5.04227888E-10
2.600E-1 7.20357669E-10
2.700E-1 1.0330941E-9
2.800E-1 1.4870698E-9
2.900E-1 2.14794607E-9
3.000E-1 3.11241819E-9
3.100E-1 4.52300463E-9
3.200E-1 6.58991348E-9
3.300E-1 9.62338024E-9
3.400E-1 1.40814994E-8
3.500E-1 2.0640985E-8
3.600E-1 3.0301863E-8
3.700E-1 4.45423801E-8
3.800E-1 6.5548229E-8
3.900E-1 9.65517492E-8
4.000E-1 1.42333855E-7
4.100E-1 2.09966697E-7
4.200E-1 3.09912361E-7
4.300E-1 4.57647852E-7
4.400E-1 6.76067516E-7
4.500E-1 9.9903261E-7
