0.000E+0 -0.560287323
1.000E-2 -0.560276112
2.000E-2 -0.560264828
3.000E-2 -0.56025345
4.000E-2 -0.560241968
5.000E-2 -0.560230371
6.000E-2 -0.560218642
7.000E-2 -0.560206758
8.000E-2 -0.560194688
9.000E-2 -0.560182385
1.000E-1 -0.560169789
1.100E-1 -0.560156808
1.200E-1 -0.560143315
1.300E-1 -0.560129126
1.400E-1 -0.560113982
1.500E-1 -0.560097503
1.600E-1 -0.560079147
1.700E-1 -0.560058131
1.800E-1 -0.560033325
1.900E-1 -0.560003092
2.000E-1 -0.559965067
2.100E-1 -0.559915819
2.200E-1 -0.559850383
2.300E-1 -0.559761554
2.400E-1 -0.559638886
2.500E-1 -0.559467221
2.600E-1 -0.559224565
2.700E-1 -0.558878994
2.800E-1 -0.558384165
2.900E-1 -0.557672797
3.000E-1 -0.5566472
3.100E-1 -0.55516553
3.200E-1 -0.553021817
3.300E-1 -0.549916984
3.400E-1 -0.545416779
3.500E-1 -0.538890752
3.600E-1 -0.52942378
3.700E-1 -0.515687928
3.800E-1 -0.495757088
3.900E-1 -0.466839406
4.000E-1 -0.424892128
4.100E-1 -0.364069521
4.200E-1 -0.275936228
4.300E-1 -0.148356588
4.400E-1 0.0360540408
