0.000E+0 0
1.000E-2 3.69981011E-14
2.000E-2 8.87877054E-14
3.000E-2 1.61503176E-13
4.000E-2 2.63803793E-13
5.000E-2 4.07905973E-13
6.000E-2 6.11037543E-13
7.000E-2 8.97489348E-13
8.000E-2 1.30151502E-12
9.000E-2 1.8714397E-12
1.000E-1 2.67549899E-12
1.100E-1 3.81016413E-12
1.200E-1 5.41205239E-12
1.300E-1 7.67502228E-12
1.400E-1 1.08747816E-11
1.500E-1 1.54043939E-11
1.600E-1 2.18256022E-11
1.700E-1 3.09431064E-11
1.800E-1 4.39121482E-11
1.900E-1 6.23944157E-11
2.000E-1 8.87840411E-11
2.100E-1 1.26535287E-10
2.200E-1 1.80637775E-10
2.300E-1 2.58305836E-10
2.400E-1 3.69978664E-10
2.500E-1 5.30771681E-10
2.600E-1 7.62583062E-10
2.700E-1 1.09715165E-9
2.800E-1 1.58049651E-9
2.900E-1 2.27936321E-9
3.000E-1 3.29058467E-9
3.100E-1 4.75467543E-9
3.200E-1 6.87557521E-9
3.300E-1 9.94932426E-9
3.400E-1 1.44057132E-8
3.500E-1 2.08687772E-8
3.600E-1 3.02446604E-8
3.700E-1 4.38492302E-8
3.800E-1 6.35934087E-8
3.900E-1 9.22522942E-8
4.000E-1 1.3385588E-7
4.100E-1 1.94256149E-7
4.200E-1 2.81949803E-7
4.300E-1 4.09271118E-7
4.400E-1 5.94119803E-7
4.500E-1 8.62460429E-7
