0.000E+0 -0.159683601
1.000E-2 -0.159675241
2.000E-2 -0.159666817
3.000E-2 -0.15965832
4.000E-2 -0.159649738
5.000E-2 -0.159641054
6.000E-2 -0.159632244
7.000E-2 -0.159623278
8.000E-2 -0.159614112
9.000E-2 -0.159604689
1.000E-1 -0.159594926
1.100E-1 -0.159584714
1.200E-1 -0.159573896
1.300E-1 -0.159562256
1.400E-1 -0.159549489
1.500E-1 -0.159535168
1.600E-1 -0.159518688
1.700E-1 -0.159499189
1.800E-1 -0.159475452
1.900E-1 -0.159445738
2.000E-1 -0.15940756
2.100E-1 -0.159357359
2.200E-1 -0.159290029
2.300E-1 -0.159198238
2.400E-1 -0.159071436
2.500E-1 -0.158894429
2.600E-1 -0.158645312
2.700E-1 -0.158292475
2.800E-1 -0.157790264
2.900E-1 -0.1570727
3.000E-1 -0.156044365
3.100E-1 -0.154567195
3.200E-1 -0.152441324
3.300E-1 -0.149377298
3.400E-1 -0.14495576
3.500E-1 -0.138568969
3.600E-1 -0.12933592
3.700E-1 -0.115979174
3.800E-1 -0.0966460973
3.900E-1 -0.068649421
4.000E-1 -0.0280907109
4.100E-1 0.0306860376
