0.000E+0 0
1.000E-2 2.55229765E-14
2.000E-2 6.21304345E-14
3.000E-2 1.14663402E-13
4.000E-2 1.90075726E-13
5.000E-2 2.98355795E-13
6.000E-2 4.53850868E-13
7.000E-2 6.77170602E-13
8.000E-2 9.97924339E-13
9.000E-2 1.4586595E-12
1.000E-1 2.12053129E-12
1.100E-1 3.07146992E-12
1.200E-1 4.43795179E-12
1.300E-1 6.401974E-12
1.400E-1 9.22554234E-12
1.500E-1 1.32860102E-11
1.600E-1 1.9127088E-11
1.700E-1 2.75324841E-11
1.800E-1 3.96322266E-11
1.900E-1 5.70561807E-11
2.000E-1 8.21557182E-11
2.100E-1 1.18323806E-10
2.200E-1 1.70457226E-10
2.300E-1 2.45624054E-10
2.400E-1 3.54027592E-10
2.500E-1 5.1039843E-10
2.600E-1 7.36004877E-10
2.700E-1 1.0615565E-9
2.800E-1 1.53139761E-9
2.900E-1 2.20956378E-9
3.000E-1 3.18852952E-9
3.100E-1 4.60184249E-9
3.200E-1 6.64237178E-9
3.300E-1 9.58866473E-9
3.400E-1 1.3843016E-8
3.500E-1 1.99864527E-8
3.600E-1 2.88581539E-8
3.700E-1 4.16701631E-8
3.800E-1 6.0173076E-8
3.900E-1 8.68953567E-8
4.000E-1 1.25489004E-7
4.100E-1 1.81228822E-7
4.200E-1 2.61733554E-7
4.300E-1 3.78007447E-7
4.400E-1 5.45944636E-7
4.500E-1 7.88501925E-7
