0.000E+0 0
1.000E-2 2.34843689E-13
2.000E-2 5.63757896E-13
3.000E-2 1.02460129E-12
4.000E-2 1.67047021E-12
5.000E-2 2.57583384E-12
6.000E-2 3.84514215E-12
7.000E-2 5.62490556E-12
8.000E-2 8.12064958E-12
9.000E-2 1.16207168E-11
1.000E-1 1.65296888E-11
1.100E-1 2.3415325E-11
1.200E-1 3.30744987E-11
1.300E-1 4.66258312E-11
1.400E-1 6.56398545E-11
1.500E-1 9.23219177E-11
1.600E-1 1.29769228E-10
1.700E-1 1.82332077E-10
1.800E-1 2.56121479E-10
1.900E-1 3.5972252E-10
2.000E-1 5.05196721E-10
2.100E-1 7.09490286E-10
2.200E-1 9.96412283E-10
2.300E-1 1.39941259E-9
2.400E-1 1.96548154E-9
2.500E-1 2.76062103E-9
2.600E-1 3.87751454E-9
2.700E-1 5.44626788E-9
2.800E-1 7.64942636E-9
2.900E-1 1.07429249E-8
3.000E-1 1.50852234E-8
3.100E-1 2.11776451E-8
3.200E-1 2.97198738E-8
3.300E-1 4.16856177E-8
3.400E-1 5.84244297E-8
3.500E-1 8.17961437E-8
3.600E-1 1.14343432E-7
3.700E-1 1.5950394E-7
3.800E-1 2.2185363E-7
3.900E-1 3.07353805E-7
4.000E-1 4.23543225E-7
4.100E-1 5.79577181E-7
4.200E-1 7.85988246E-7
4.300E-1 1.05408055E-6
4.400E-1 1.39505301E-6
4.500E-1 1.81933251E-6
