0.000E+0 0
1.000E-2 3.87939535E-11
2.000E-2 9.24748648E-11
3.000E-2 1.66862713E-10
4.000E-2 2.70051194E-10
5.000E-2 4.13296416E-10
6.000E-2 6.12254365E-10
7.000E-2 8.88705299E-10
8.000E-2 1.27295876E-9
9.000E-2 1.80721111E-9
1.000E-1 2.55023732E-9
1.100E-1 3.58395399E-9
1.200E-1 5.02260805E-9
1.300E-1 7.0256521E-9
1.400E-1 9.81579749E-9
1.500E-1 1.37043404E-8
1.600E-1 1.9126704E-8
1.700E-1 2.66923303E-8
1.800E-1 3.72547254E-8
1.900E-1 5.20098078E-8
2.000E-1 7.26340018E-8
2.100E-1 1.01478137E-7
2.200E-1 1.41839696E-7
2.300E-1 1.98345033E-7
2.400E-1 2.77485906E-7
2.500E-1 3.88372421E-7
2.600E-1 5.43789289E-7
2.700E-1 7.6167673E-7
2.800E-1 1.06720502E-6
2.900E-1 1.4956772E-6
3.000E-1 2.09658379E-6
3.100E-1 2.93925295E-6
3.200E-1 4.1206975E-6
3.300E-1 5.77646074E-6
3.400E-1 8.09550608E-6
3.500E-1 1.13404627E-5
3.600E-1 1.5874781E-5
3.700E-1 2.21985595E-5
3.800E-1 3.09939684E-5
3.900E-1 4.31816899E-5
4.000E-1 5.99854834E-5
4.100E-1 8.29999757E-5
4.200E-1 0.000114250231
4.300E-1 0.00015622627
4.400E-1 0.000211873671
4.500E-1 0.000284528748
