0.000E+0 -0.284881409
1.000E-2 -0.284865663
2.000E-2 -0.284849636
3.000E-2 -0.284833253
4.000E-2 -0.284816411
5.000E-2 -0.284798969
6.000E-2 -0.284780731
7.000E-2 -0.284761432
8.000E-2 -0.284740705
9.000E-2 -0.284718044
1.000E-1 -0.284692754
1.100E-1 -0.284663871
1.200E-1 -0.284630064
1.300E-1 -0.284589482
1.400E-1 -0.284539553
1.500E-1 -0.284476682
1.600E-1 -0.284395839
1.700E-1 -0.284289962
1.800E-1 -0.284149116
1.900E-1 -0.283959286
2.000E-1 -0.283700673
2.100E-1 -0.283345252
2.200E-1 -0.282853305
2.300E-1 -0.28216848
2.400E-1 -0.281210743
2.500E-1 -0.279866338
2.600E-1 -0.277973472
2.700E-1 -0.275301899
2.800E-1 -0.271523801
2.900E-1 -0.266172259
3.000E-1 -0.258582001
3.100E-1 -0.247804882
3.200E-1 -0.232489304
3.300E-1 -0.21070821
3.400E-1 -0.179713749
3.500E-1 -0.135587431
3.600E-1 -0.0727414326
3.700E-1 0.0167918991
