0.000E+0 0
1.000E-2 6.68419081E-14
2.000E-2 1.60709856E-13
3.000E-2 2.92620464E-13
4.000E-2 4.78083351E-13
5.000E-2 7.3893561E-13
6.000E-2 1.10592701E-12
7.000E-2 1.6223644E-12
8.000E-2 2.34925093E-12
9.000E-2 3.37253573E-12
1.000E-1 4.81334407E-12
1.100E-1 6.84241758E-12
1.200E-1 9.7005024E-12
1.300E-1 1.37271411E-11
1.400E-1 1.94013384E-11
1.500E-1 2.73990042E-11
1.600E-1 3.86741007E-11
1.700E-1 5.45732821E-11
1.800E-1 7.6997854E-11
1.900E-1 1.08632589E-10
2.000E-1 1.53269007E-10
2.100E-1 2.16262125E-10
2.200E-1 3.05175786E-10
2.300E-1 4.30694463E-10
2.400E-1 6.07911562E-10
2.500E-1 8.58149751E-10
2.600E-1 1.21153304E-9
2.700E-1 1.71062106E-9
2.800E-1 2.41554444E-9
2.900E-1 3.41126096E-9
3.000E-1 4.8178089E-9
3.100E-1 6.80479517E-9
3.200E-1 9.61186751E-9
3.300E-1 1.35776423E-8
3.400E-1 1.91805807E-8
3.500E-1 2.70967469E-8
3.600E-1 3.82814203E-8
3.700E-1 5.40844123E-8
3.800E-1 7.64130002E-8
3.900E-1 1.07962134E-7
4.000E-1 1.52539666E-7
4.100E-1 2.15525802E-7
4.200E-1 3.0452207E-7
4.300E-1 4.30267822E-7
4.400E-1 6.07934276E-7
4.500E-1 8.58950951E-7
