0.000E+0 0
1.000E-2 1.18837397E-13
2.000E-2 2.89891328E-13
3.000E-2 5.36347066E-13
4.000E-2 8.9164694E-13
5.000E-2 1.40400764E-12
6.000E-2 2.14292239E-12
7.000E-2 3.20852282E-12
8.000E-2 4.74506566E-12
9.000E-2 6.96037778E-12
1.000E-1 1.01539233E-11
1.100E-1 1.47573714E-11
1.200E-1 2.1393322E-11
1.300E-1 3.09604571E-11
1.400E-1 4.47572033E-11
1.500E-1 6.46615853E-11
1.600E-1 9.33931204E-11
1.700E-1 1.3489454E-10
1.800E-1 1.94888538E-10
1.900E-1 2.8169017E-10
2.000E-1 4.07392624E-10
2.100E-1 5.89598293E-10
2.200E-1 8.53946205E-10
2.300E-1 1.23780259E-9
2.400E-1 1.79565023E-9
2.500E-1 2.60695926E-9
2.600E-1 3.7876822E-9
2.700E-1 5.50704255E-9
2.800E-1 8.01205358E-9
2.900E-1 1.1663323E-8
3.000E-1 1.69873286E-8
3.100E-1 2.47527179E-8
3.200E-1 3.608162E-8
3.300E-1 5.26119207E-8
3.400E-1 7.67335912E-8
3.500E-1 1.11932366E-7
3.600E-1 1.63288529E-7
3.700E-1 2.38198854E-7
3.800E-1 3.47417978E-7
3.900E-1 5.06554458E-7
4.000E-1 7.38211275E-7
4.100E-1 1.07503925E-6
4.200E-1 1.56409259E-6
4.300E-1 2.27306946E-6
4.400E-1 3.29932311E-6
4.500E-1 4.78294083E-6
