0.000E+0 0
1.000E-2 6.82514644E-12
2.000E-2 1.64388592E-11
3.000E-2 2.99967604E-11
4.000E-2 4.9131154E-11
5.000E-2 7.61466188E-11
6.000E-2 1.14295755E-10
7.000E-2 1.68168169E-10
8.000E-2 2.44239747E-10
9.000E-2 3.51649237E-10
1.000E-1 5.03298014E-10
1.100E-1 7.17410244E-10
1.200E-1 1.01975049E-9
1.300E-1 1.44678163E-9
1.400E-1 2.05016961E-9
1.500E-1 2.90321886E-9
1.600E-1 4.11007644E-9
1.700E-1 5.8189075E-9
1.800E-1 8.24076626E-9
1.900E-1 1.16766351E-8
2.000E-1 1.65561764E-8
2.100E-1 2.34932788E-8
2.200E-1 3.33656883E-8
2.300E-1 4.74291731E-8
2.400E-1 6.74812143E-8
2.500E-1 9.60957086E-8
2.600E-1 1.36959488E-7
2.700E-1 1.95354771E-7
2.800E-1 2.78850717E-7
2.900E-1 3.98294352E-7
3.000E-1 5.69229782E-7
3.100E-1 8.13929202E-7
3.200E-1 1.16429616E-6
3.300E-1 1.66600891E-6
3.400E-1 2.38441965E-6
3.500E-1 3.41292581E-6
3.600E-1 4.88479333E-6
3.700E-1 6.98976964E-6
3.800E-1 9.99709438E-6
3.900E-1 1.42872487E-5
4.000E-1 2.03946854E-5
4.100E-1 2.90642638E-5
4.200E-1 4.13233857E-5
4.300E-1 5.8570159E-5
4.400E-1 8.26739253E-5
4.500E-1 0.000116071473
