0.000E+0 0
1.000E-2 3.16790138E-12
2.000E-2 7.61128211E-12
3.000E-2 1.38451333E-11
4.000E-2 2.25923801E-11
5.000E-2 3.48678477E-11
6.000E-2 5.20961495E-11
7.000E-2 7.62772184E-11
8.000E-2 1.10218755E-10
9.000E-2 1.57862678E-10
1.000E-1 2.24743633E-10
1.100E-1 3.18633034E-10
1.200E-1 4.50443753E-10
1.300E-1 6.35500963E-10
1.400E-1 8.95327237E-10
1.500E-1 1.26014969E-9
1.600E-1 1.77242047E-9
1.700E-1 2.49175839E-9
1.800E-1 3.50188186E-9
1.900E-1 4.92032824E-9
2.000E-1 6.91206484E-9
2.100E-1 9.70852099E-9
2.200E-1 1.36341429E-8
2.300E-1 1.91433319E-8
2.400E-1 2.68716028E-8
2.500E-1 3.77059977E-8
2.600E-1 5.28811379E-8
2.700E-1 7.4108554E-8
2.800E-1 1.03747504E-7
2.900E-1 1.4502411E-7
3.000E-1 2.0229986E-7
3.100E-1 2.81376038E-7
3.200E-1 3.89790694E-7
3.300E-1 5.37011036E-7
3.400E-1 7.34341168E-7
3.500E-1 9.94264813E-7
3.600E-1 1.32888112E-6
3.700E-1 1.74720103E-6
3.800E-1 2.25153982E-6
3.900E-1 2.83413451E-6
4.000E-1 3.47601904E-6
4.100E-1 4.15008649E-6
4.200E-1 4.8283947E-6
4.300E-1 5.49110172E-6
4.400E-1 6.13338827E-6
4.500E-1 6.76844104E-6
