0.000E+0 -0.637020642
1.000E-2 -0.637002029
2.000E-2 -0.636983317
3.000E-2 -0.636964416
4.000E-2 -0.636945304
5.000E-2 -0.63692595
6.000E-2 -0.636906313
7.000E-2 -0.636886334
8.000E-2 -0.63686593
9.000E-2 -0.636844986
1.000E-1 -0.636823334
1.100E-1 -0.636800738
1.200E-1 -0.636776858
1.300E-1 -0.636751204
1.400E-1 -0.636723073
1.500E-1 -0.636691452
1.600E-1 -0.636654874
1.700E-1 -0.636611225
1.800E-1 -0.636557442
1.900E-1 -0.636489094
2.000E-1 -0.636399761
2.100E-1 -0.636280138
2.200E-1 -0.636116738
2.300E-1 -0.635890001
2.400E-1 -0.635571559
2.500E-1 -0.635120272
2.600E-1 -0.634476475
2.700E-1 -0.633553668
2.800E-1 -0.632226503
2.900E-1 -0.630313471
3.000E-1 -0.627552056
3.100E-1 -0.623563231
3.200E-1 -0.617801172
3.300E-1 -0.609482822
3.400E-1 -0.597490999
3.500E-1 -0.580244736
3.600E-1 -0.555533222
3.700E-1 -0.520318567
3.800E-1 -0.470533228
3.900E-1 -0.400938487
4.000E-1 -0.305176482
4.100E-1 -0.176228195
4.200E-1 -0.00751783939
4.300E-1 0.205286824
