0.000E+0 -0.676389346
1.000E-2 -0.676388149
2.000E-2 -0.676386945
3.000E-2 -0.676385732
4.000E-2 -0.676384508
5.000E-2 -0.67638327
6.000E-2 -0.676382016
7.000E-2 -0.676380741
8.000E-2 -0.676379437
9.000E-2 -0.676378095
1.000E-1 -0.676376701
1.100E-1 -0.676375233
1.200E-1 -0.676373662
1.300E-1 -0.676371944
1.400E-1 -0.676370017
1.500E-1 -0.676367787
1.600E-1 -0.676365121
1.700E-1 -0.676361827
1.800E-1 -0.676357622
1.900E-1 -0.676352097
2.000E-1 -0.676344661
2.100E-1 -0.676334448
2.200E-1 -0.676320208
2.300E-1 -0.676300118
2.400E-1 -0.676271536
2.500E-1 -0.676230616
2.600E-1 -0.676171778
2.700E-1 -0.676086907
2.800E-1 -0.67596422
2.900E-1 -0.675786591
3.000E-1 -0.67552914
3.100E-1 -0.675155718
3.200E-1 -0.674613799
3.300E-1 -0.67382707
3.400E-1 -0.672684652
3.500E-1 -0.671025442
3.600E-1 -0.668615369
3.700E-1 -0.665114343
3.800E-1 -0.660028236
3.900E-1 -0.652639118
4.000E-1 -0.641903901
4.100E-1 -0.626307085
4.200E-1 -0.603646837
4.300E-1 -0.570724234
4.400E-1 -0.52289188
4.500E-1 -0.453398338
4.600E-1 -0.352436174
4.700E-1 -0.205760002
4.800E-1 0.00731896327
