0.000E+0 -0.226938048
1.000E-2 -0.226918887
2.000E-2 -0.226899059
3.000E-2 -0.226878352
4.000E-2 -0.226856479
5.000E-2 -0.226833046
6.000E-2 -0.226807519
7.000E-2 -0.22677917
8.000E-2 -0.226747006
9.000E-2 -0.226709673
1.000E-1 -0.226665321
1.100E-1 -0.226611418
1.200E-1 -0.22654449
1.300E-1 -0.22645976
1.400E-1 -0.226350634
1.500E-1 -0.226207988
1.600E-1 -0.226019155
1.700E-1 -0.225766495
1.800E-1 -0.225425375
1.900E-1 -0.224961316
2.000E-1 -0.224325947
2.100E-1 -0.22345129
2.200E-1 -0.222241661
2.300E-1 -0.220562202
2.400E-1 -0.218222634
2.500E-1 -0.214954243
2.600E-1 -0.210377246
2.700E-1 -0.20395454
2.800E-1 -0.194926122
2.900E-1 -0.1822161
3.000E-1 -0.16430083
3.100E-1 -0.139021971
3.200E-1 -0.103321449
3.300E-1 -0.0528658736
3.400E-1 0.0184854528
