0.000E+0 0
1.000E-2 3.26386484E-13
2.000E-2 7.8764998E-13
3.000E-2 1.43977575E-12
4.000E-2 2.3619767E-12
5.000E-2 3.66632699E-12
6.000E-2 5.51139481E-12
7.000E-2 8.12153884E-12
8.000E-2 1.18142298E-11
9.000E-2 1.70387476E-11
1.000E-1 2.44310123E-11
1.100E-1 3.48913038E-11
1.200E-1 4.96944694E-11
1.300E-1 7.06462519E-11
1.400E-1 1.00305107E-10
1.500E-1 1.42297023E-10
1.600E-1 2.0176241E-10
1.700E-1 2.85990553E-10
1.800E-1 4.05320419E-10
1.900E-1 5.74419705E-10
2.000E-1 8.1410099E-10
2.100E-1 1.1539006E-9
2.200E-1 1.63574047E-9
2.300E-1 2.31912777E-9
2.400E-1 3.288538E-9
2.500E-1 4.66389777E-9
2.600E-1 6.61546764E-9
2.700E-1 9.38496954E-9
2.800E-1 1.33155731E-8
2.900E-1 1.88944448E-8
3.000E-1 2.68131005E-8
3.100E-1 3.80529639E-8
3.200E-1 5.40065689E-8
3.300E-1 7.66490722E-8
3.400E-1 1.08780615E-7
3.500E-1 1.54368138E-7
3.600E-1 2.1902622E-7
3.700E-1 3.10691343E-7
3.800E-1 4.4056372E-7
3.900E-1 6.24417516E-7
4.000E-1 8.84417007E-7
4.100E-1 1.25163E-6
4.200E-1 1.76951356E-6
4.300E-1 2.49878102E-6
4.400E-1 3.52426166E-6
4.500E-1 4.96462409E-6
