0.000E+0 0
1.000E-2 4.52721143E-12
2.000E-2 1.08898727E-11
3.000E-2 1.98434177E-11
4.000E-2 3.24524175E-11
5.000E-2 5.02162856E-11
6.000E-2 7.52460221E-11
7.000E-2 1.1051291E-10
8.000E-2 1.60198863E-10
9.000E-2 2.30190745E-10
1.000E-1 3.2877913E-10
1.100E-1 4.67648158E-10
1.200E-1 6.63280871E-10
1.300E-1 9.38958738E-10
1.400E-1 1.32761218E-9
1.500E-1 1.87589109E-9
1.600E-1 2.64998491E-9
1.700E-1 3.7439523E-9
1.800E-1 5.29164988E-9
1.900E-1 7.48382252E-9
2.000E-1 1.05925949E-8
2.100E-1 1.50065766E-8
2.200E-1 2.12811886E-8
2.300E-1 3.02108203E-8
2.400E-1 4.29323016E-8
2.500E-1 6.10732981E-8
2.600E-1 8.69651534E-8
2.700E-1 1.23948189E-7
2.800E-1 1.76809638E-7
2.900E-1 2.52411831E-7
3.000E-1 3.605932E-7
3.100E-1 5.15460408E-7
3.200E-1 7.37240894E-7
3.300E-1 1.05493781E-6
3.400E-1 1.5101326E-6
3.500E-1 2.16242642E-6
3.600E-1 3.09721662E-6
3.700E-1 4.43678969E-6
3.800E-1 6.35610269E-6
3.900E-1 9.10514951E-6
4.000E-1 1.30405201E-5
4.100E-1 1.86694351E-5
4.200E-1 2.67108925E-5
4.300E-1 3.81788567E-5
4.400E-1 5.44933645E-5
4.500E-1 7.76243344E-5
