0.000E+0 0
1.000E-2 3.242945E-12
2.000E-2 7.61247491E-12
3.000E-2 1.35192924E-11
4.000E-2 2.15229597E-11
5.000E-2 3.23858565E-11
6.000E-2 4.71470079E-11
7.000E-2 6.72233807E-11
8.000E-2 9.45493075E-11
9.000E-2 1.31769021E-10
1.000E-1 1.82503404E-10
1.100E-1 2.51720666E-10
1.200E-1 3.46252815E-10
1.300E-1 4.75516736E-10
1.400E-1 6.52522576E-10
1.500E-1 8.95285447E-10
1.600E-1 1.22880323E-9
1.700E-1 1.68782881E-9
1.800E-1 2.32075714E-9
1.900E-1 3.19507674E-9
2.000E-1 4.40501706E-9
2.100E-1 6.08227852E-9
2.200E-1 8.41109081E-9
2.300E-1 1.16493501E-8
2.400E-1 1.61582946E-8
2.500E-1 2.24441748E-8
2.600E-1 3.12167761E-8
2.700E-1 4.34716188E-8
2.800E-1 6.06054316E-8
2.900E-1 8.45783769E-8
3.000E-1 1.18141983E-7
3.100E-1 1.65159405E-7
3.200E-1 2.31055457E-7
3.300E-1 3.23448989E-7
3.400E-1 4.53041541E-7
3.500E-1 6.34866112E-7
3.600E-1 8.90041933E-7
3.700E-1 1.24824017E-6
3.800E-1 1.75114824E-6
3.900E-1 2.45733653E-6
4.000E-1 3.44909374E-6
4.100E-1 4.84202433E-6
4.200E-1 6.79851823E-6
4.300E-1 9.5466433E-6
4.400E-1 1.34066203E-5
4.500E-1 1.8827877E-5
