0.000E+0 0
1.000E-2 2.56196759E-14
2.000E-2 6.24535786E-14
3.000E-2 1.15469517E-13
4.000E-2 1.91829143E-13
5.000E-2 3.01853253E-13
6.000E-2 4.6041154E-13
7.000E-2 6.88924419E-13
8.000E-2 1.01824876E-12
9.000E-2 1.49284221E-12
1.000E-1 2.17678047E-12
1.100E-1 3.16246522E-12
1.200E-1 4.58324611E-12
1.300E-1 6.63174623E-12
1.400E-1 9.58650851E-12
1.500E-1 1.38507925E-11
1.600E-1 2.00091217E-11
1.700E-1 2.8909766E-11
1.800E-1 4.17851186E-11
1.900E-1 6.04274354E-11
2.000E-1 8.74454499E-11
2.100E-1 1.26639138E-10
2.200E-1 1.83547082E-10
2.300E-1 2.66246015E-10
2.400E-1 3.86518827E-10
2.500E-1 5.61561005E-10
2.600E-1 8.16473933E-10
2.700E-1 1.18790817E-9
2.800E-1 1.72938749E-9
2.900E-1 2.51908946E-9
3.000E-1 3.6712168E-9
3.100E-1 5.3526171E-9
3.200E-1 7.80707431E-9
3.300E-1 1.13908143E-8
3.400E-1 1.66244027E-8
3.500E-1 2.42686042E-8
3.600E-1 3.54352686E-8
3.700E-1 5.17494166E-8
3.800E-1 7.55861684E-8
3.900E-1 1.1041707E-7
4.000E-1 1.61316325E-7
4.100E-1 2.35700742E-7
4.200E-1 3.44411253E-7
4.300E-1 5.03293579E-7
4.400E-1 7.35508172E-7
4.500E-1 1.07490542E-6
