0.000E+0 0
1.000E-2 9.82519847E-15
2.000E-2 2.4052275E-14
3.000E-2 4.46826556E-14
4.000E-2 7.46227981E-14
5.000E-2 1.18090615E-13
6.000E-2 1.81199713E-13
7.000E-2 2.72825493E-13
8.000E-2 4.0581483E-13
9.000E-2 5.9880137E-13
1.000E-1 8.78782718E-13
1.100E-1 1.28491609E-12
1.200E-1 1.87403635E-12
1.300E-1 2.7287322E-12
1.400E-1 3.96919013E-12
1.500E-1 5.77060385E-12
1.600E-1 8.38881403E-12
1.700E-1 1.21981253E-11
1.800E-1 1.77471422E-11
1.900E-1 2.58412657E-11
2.000E-1 3.76646289E-11
2.100E-1 5.49603741E-11
2.200E-1 8.02972304E-11
2.300E-1 1.17463768E-10
2.400E-1 1.72051566E-10
2.500E-1 2.52317933E-10
2.600E-1 3.70462388E-10
2.700E-1 5.44515553E-10
2.800E-1 8.01134605E-10
2.900E-1 1.17974077E-9
3.000E-1 1.73864365E-9
3.100E-1 2.56410702E-9
3.200E-1 3.78376988E-9
3.300E-1 5.58651533E-9
3.400E-1 8.25188716E-9
3.500E-1 1.21936424E-8
3.600E-1 1.80242357E-8
3.700E-1 2.66502957E-8
3.800E-1 3.94139936E-8
3.900E-1 5.83023609E-8
4.000E-1 8.625722E-8
4.100E-1 1.27634086E-7
4.200E-1 1.88881631E-7
4.300E-1 2.79547698E-7
4.400E-1 4.1376872E-7
4.500E-1 6.12474673E-7
