0.000E+0 0
1.000E-2 1.75765154E-14
2.000E-2 4.27756241E-14
3.000E-2 7.89240585E-14
4.000E-2 1.30799417E-13
5.000E-2 2.05262519E-13
6.000E-2 3.12165614E-13
7.000E-2 4.65657222E-13
8.000E-2 6.86057598E-13
9.000E-2 1.00255573E-12
1.000E-1 1.45708995E-12
1.100E-1 2.10993496E-12
1.200E-1 3.04775051E-12
1.300E-1 4.39518285E-12
1.400E-1 6.33159548E-12
1.500E-1 9.11520671E-12
1.600E-1 1.31179234E-11
1.700E-1 1.88756222E-11
1.800E-1 2.71607367E-11
1.900E-1 3.90870577E-11
2.000E-1 5.62610486E-11
2.100E-1 8.10003301E-11
2.200E-1 1.16649167E-10
2.300E-1 1.68034026E-10
2.400E-1 2.42121443E-10
2.500E-1 3.48968039E-10
2.600E-1 5.03092497E-10
2.700E-1 7.25456951E-10
2.800E-1 1.04632856E-9
2.900E-1 1.50941236E-9
3.000E-1 2.17782022E-9
3.100E-1 3.14269182E-9
3.200E-1 4.53564608E-9
3.300E-1 6.54676509E-9
3.400E-1 9.45056913E-9
3.500E-1 1.36435335E-8
3.600E-1 1.96982763E-8
3.700E-1 2.84418248E-8
3.800E-1 4.106866E-8
3.900E-1 5.93039923E-8
4.000E-1 8.56395863E-8
4.100E-1 1.23674367E-7
4.200E-1 1.78606352E-7
4.300E-1 2.57943112E-7
4.400E-1 3.72527799E-7
4.500E-1 5.38020786E-7
