0.000E+0 0
1.000E-2 4.37171291E-13
2.000E-2 1.0414056E-12
3.000E-2 1.87910706E-12
4.000E-2 3.04287654E-12
5.000E-2 4.66178831E-12
6.000E-2 6.91571209E-12
7.000E-2 1.00553068E-11
8.000E-2 1.44299956E-11
9.000E-2 2.05272147E-11
1.000E-1 2.90276532E-11
1.100E-1 4.08832539E-11
1.200E-1 5.74277123E-11
1.300E-1 8.05334828E-11
1.400E-1 1.1283543E-10
1.500E-1 1.58050058E-10
1.600E-1 2.2143182E-10
1.700E-1 3.10426025E-10
1.800E-1 4.35603628E-10
1.900E-1 6.12000156E-10
2.000E-1 8.61034007E-10
2.100E-1 1.21325549E-9
2.200E-1 1.7122872E-9
2.300E-1 2.42047315E-9
2.400E-1 3.42697941E-9
2.500E-1 4.85941229E-9
2.600E-1 6.90048458E-9
2.700E-1 9.81192634E-9
2.800E-1 1.39687946E-8
2.900E-1 1.99087095E-8
3.000E-1 2.84025165E-8
3.100E-1 4.05557074E-8
3.200E-1 5.79539942E-8
3.300E-1 8.28722676E-8
3.400E-1 1.1857454E-7
3.500E-1 1.69744484E-7
3.600E-1 2.43103403E-7
3.700E-1 3.48297149E-7
3.800E-1 4.99168872E-7
3.900E-1 7.15585029E-7
4.000E-1 1.0260543E-6
4.100E-1 1.47148195E-6
4.200E-1 2.110548E-6
4.300E-1 3.02740395E-6
4.400E-1 4.34267117E-6
4.500E-1 6.22912413E-6
