0.000E+0 -0.731269146
1.000E-2 -0.731266571
2.000E-2 -0.731263836
3.000E-2 -0.731260871
4.000E-2 -0.731257589
5.000E-2 -0.73125387
6.000E-2 -0.731249541
7.000E-2 -0.731244362
8.000E-2 -0.731237997
9.000E-2 -0.731229971
1.000E-1 -0.731219619
1.100E-1 -0.731206007
1.200E-1 -0.731187821
1.300E-1 -0.731163213
1.400E-1 -0.731129591
1.500E-1 -0.731083308
1.600E-1 -0.731019239
1.700E-1 -0.730930179
1.800E-1 -0.730806006
1.900E-1 -0.730632485
2.000E-1 -0.730389611
2.100E-1 -0.730049264
2.200E-1 -0.729571914
2.300E-1 -0.728901998
2.400E-1 -0.727961416
2.500E-1 -0.726640394
2.600E-1 -0.724784651
2.700E-1 -0.722177373
2.800E-1 -0.718513909
2.900E-1 -0.713366274
3.000E-1 -0.706133381
3.100E-1 -0.695971365
3.200E-1 -0.681696178
3.300E-1 -0.661647726
3.400E-1 -0.633500981
3.500E-1 -0.594004468
3.600E-1 -0.538620399
3.700E-1 -0.46103341
3.800E-1 -0.35248711
3.900E-1 -0.200900417
4.000E-1 0.0102896043
