0.000E+0 0
1.000E-2 5.14187159E-16
2.000E-2 1.26290228E-15
3.000E-2 2.35425829E-15
4.000E-2 3.94600802E-15
5.000E-2 6.26822484E-15
6.000E-2 9.65631898E-15
7.000E-2 1.4599113E-14
8.000E-2 2.1808885E-14
9.000E-2 3.23235068E-14
1.000E-1 4.76555674E-14
1.100E-1 7.00104184E-14
1.200E-1 1.02605554E-13
1.300E-1 1.50139285E-13
1.400E-1 2.19479758E-13
1.500E-1 3.20679641E-13
1.600E-1 4.68472531E-13
1.700E-1 6.84482249E-13
1.800E-1 1.00048723E-12
1.900E-1 1.46324635E-12
2.000E-1 2.14163538E-12
2.100E-1 3.13720244E-12
2.200E-1 4.59978242E-12
2.300E-1 6.75059808E-12
2.400E-1 9.91644059E-12
2.500E-1 1.45802492E-11
2.600E-1 2.14559656E-11
2.700E-1 3.15993228E-11
2.800E-1 4.65718345E-11
2.900E-1 6.86835461E-11
3.000E-1 1.013524E-10
3.100E-1 1.49636258E-10
3.200E-1 2.21020574E-10
3.300E-1 3.26584592E-10
3.400E-1 4.82728037E-10
3.500E-1 7.1372772E-10
3.600E-1 1.05552304E-9
3.700E-1 1.56132109E-9
3.800E-1 2.3098962E-9
3.900E-1 3.41787892E-9
4.000E-1 5.05795223E-9
4.100E-1 7.48579374E-9
4.200E-1 1.10799665E-8
4.300E-1 1.64009782E-8
4.400E-1 2.42787124E-8
4.500E-1 3.5941844E-8
