0.000E+0 0
1.000E-2 1.64641901E-13
2.000E-2 3.95826442E-13
3.000E-2 7.20481243E-13
4.000E-2 1.17643173E-12
5.000E-2 1.81681249E-12
6.000E-2 2.71626522E-12
7.000E-2 3.9796477E-12
8.000E-2 5.75427184E-12
9.000E-2 8.24710248E-12
1.000E-1 1.17489299E-11
1.100E-1 1.66683447E-11
1.200E-1 2.35794954E-11
1.300E-1 3.32892212E-11
1.400E-1 4.69314241E-11
1.500E-1 6.60997347E-11
1.600E-1 9.30340207E-11
1.700E-1 1.30882578E-10
1.800E-1 1.84070738E-10
1.900E-1 2.58819059E-10
2.000E-1 3.6387185E-10
2.100E-1 5.11521354E-10
2.200E-1 7.19047609E-10
2.300E-1 1.01074275E-9
2.400E-1 1.42075687E-9
2.500E-1 1.99709906E-9
2.600E-1 2.80726237E-9
2.700E-1 3.94613191E-9
2.800E-1 5.5471029E-9
2.900E-1 7.79771174E-9
3.000E-1 1.09616112E-8
3.100E-1 1.54094668E-8
3.200E-1 2.16623931E-8
3.300E-1 3.04530226E-8
3.400E-1 4.28113632E-8
3.500E-1 6.01855096E-8
3.600E-1 8.46113497E-8
3.700E-1 1.18951172E-7
3.800E-1 1.67229123E-7
3.900E-1 2.35102863E-7
4.000E-1 3.30526694E-7
4.100E-1 4.64683931E-7
4.200E-1 6.5329784E-7
4.300E-1 9.1847499E-7
4.400E-1 1.2912972E-6
4.500E-1 1.81546661E-6
