0.000E+0 0
1.000E-2 3.03032475E-13
2.000E-2 7.28153987E-13
3.000E-2 1.3246588E-12
4.000E-2 2.16174722E-12
5.000E-2 3.33656687E-12
6.000E-2 4.98550536E-12
7.000E-2 7.30005112E-12
8.000E-2 1.05490735E-11
9.000E-2 1.51101251E-11
1.000E-1 2.15134237E-11
1.100E-1 3.05036613E-11
1.200E-1 4.31268696E-11
1.300E-1 6.08525153E-11
1.400E-1 8.574512E-11
1.500E-1 1.20705499E-10
1.600E-1 1.69809886E-10
1.700E-1 2.38786647E-10
1.800E-1 3.35686441E-10
1.900E-1 4.718243E-10
2.000E-1 6.63104038E-10
2.100E-1 9.31880063E-10
2.200E-1 1.30957477E-9
2.300E-1 1.84035814E-9
2.400E-1 2.58632069E-9
2.500E-1 3.63474577E-9
2.600E-1 5.10833345E-9
2.700E-1 7.17957383E-9
2.800E-1 1.00909541E-8
2.900E-1 1.41833672E-8
3.000E-1 1.99360503E-8
3.100E-1 2.80227352E-8
3.200E-1 3.9390587E-8
3.300E-1 5.53711854E-8
3.400E-1 7.78365507E-8
3.500E-1 1.094185E-7
3.600E-1 1.53817038E-7
3.700E-1 2.16233918E-7
3.800E-1 3.03982189E-7
3.900E-1 4.27343143E-7
4.000E-1 6.00771079E-7
4.100E-1 8.44587052E-7
4.200E-1 1.18736008E-6
4.300E-1 1.66925468E-6
4.400E-1 2.34673701E-6
4.500E-1 3.29919071E-6
