0.000E+0 0
1.000E-2 4.21783981E-12
2.000E-2 1.0056055E-11
3.000E-2 1.81460757E-11
4.000E-2 2.93653337E-11
5.000E-2 4.49332335E-11
6.000E-2 6.65448169E-11
7.000E-2 9.65571202E-11
8.000E-2 1.38249294E-10
9.000E-2 1.96186104E-10
1.000E-1 2.76726481E-10
1.100E-1 3.88735711E-10
1.200E-1 5.44583705E-10
1.300E-1 7.61545233E-10
1.400E-1 1.06376501E-9
1.500E-1 1.48501652E-9
1.600E-1 2.07257609E-9
1.700E-1 2.89266404E-9
1.800E-1 4.03808741E-9
1.900E-1 5.63897618E-9
2.000E-1 7.87786608E-9
2.100E-1 1.10108891E-8
2.200E-1 1.53975475E-8
2.300E-1 2.15426052E-8
2.400E-1 3.01546795E-8
2.500E-1 4.22291322E-8
2.600E-1 5.91640108E-8
2.700E-1 8.29232739E-8
2.800E-1 1.16266146E-7
2.900E-1 1.63069486E-7
3.000E-1 2.28780889E-7
3.100E-1 3.2105558E-7
3.200E-1 4.50651612E-7
3.300E-1 6.32688192E-7
3.400E-1 8.88414399E-7
3.500E-1 1.24769531E-6
3.600E-1 1.75250644E-6
3.700E-1 2.46185525E-6
3.800E-1 3.45864873E-6
3.900E-1 4.85944379E-6
4.000E-1 6.82805002E-6
4.100E-1 9.59469139E-6
4.200E-1 1.34829134E-5
4.300E-1 1.89473692E-5
4.400E-1 2.66268618E-5
4.500E-1 3.74187571E-5
