0.000E+0 0
1.000E-2 1.86975701E-14
2.000E-2 4.54799387E-14
3.000E-2 8.38667979E-14
4.000E-2 1.3890936E-13
5.000E-2 2.17856686E-13
6.000E-2 3.31112498E-13
7.000E-2 4.93609797E-13
8.000E-2 7.26786838E-13
9.000E-2 1.06142936E-12
1.000E-1 1.54176159E-12
1.100E-1 2.2313385E-12
1.200E-1 3.22153791E-12
1.300E-1 4.64380579E-12
1.400E-1 6.68732157E-12
1.500E-1 9.62449055E-12
1.600E-1 1.384774E-11
1.700E-1 1.99226384E-11
1.800E-1 2.86645878E-11
1.900E-1 4.12495525E-11
2.000E-1 5.93739432E-11
2.100E-1 8.54854788E-11
2.200E-1 1.23116552E-10
2.300E-1 1.77365626E-10
2.400E-1 2.55592422E-10
2.500E-1 3.68421861E-10
2.600E-1 5.31193961E-10
2.700E-1 7.66057774E-10
2.800E-1 1.10499558E-9
2.900E-1 1.59419066E-9
3.000E-1 2.3003356E-9
3.100E-1 3.31974356E-9
3.200E-1 4.79150777E-9
3.300E-1 6.9165087E-9
3.400E-1 9.98486643E-9
3.500E-1 1.44155925E-8
3.600E-1 2.08138616E-8
3.700E-1 3.0053733E-8
3.800E-1 4.3397631E-8
3.900E-1 6.26689215E-8
4.000E-1 9.05011768E-8
4.100E-1 1.30698208E-7
4.200E-1 1.88754086E-7
4.300E-1 2.72604243E-7
4.400E-1 3.93710329E-7
4.500E-1 5.68627098E-7
