0.000E+0 0
1.000E-2 2.3716844E-11
2.000E-2 5.71030918E-11
3.000E-2 1.04131631E-10
4.000E-2 1.7040569E-10
5.000E-2 2.6382712E-10
6.000E-2 3.9553884E-10
7.000E-2 5.81254384E-10
8.000E-2 8.43134488E-10
9.000E-2 1.21243732E-9
1.000E-1 1.73326364E-9
1.100E-1 2.46785306E-9
1.200E-1 3.50407884E-9
1.300E-1 4.96606057E-9
1.400E-1 7.02920047E-9
1.500E-1 9.94149633E-9
1.600E-1 1.40537612E-8
1.700E-1 1.98624801E-8
1.800E-1 2.80705939E-8
1.900E-1 3.96737059E-8
2.000E-1 5.60823317E-8
2.100E-1 7.92952178E-8
2.200E-1 1.12144976E-7
2.300E-1 1.58646018E-7
2.400E-1 2.24486994E-7
2.500E-1 3.17726986E-7
2.600E-1 4.4977814E-7
2.700E-1 6.36789453E-7
2.800E-1 9.0158926E-7
2.900E-1 1.27639993E-6
3.000E-1 1.80660889E-6
3.100E-1 2.55596438E-6
3.200E-1 3.61365856E-6
3.300E-1 5.10387126E-6
3.400E-1 7.19834721E-6
3.500E-1 1.01328855E-5
3.600E-1 1.42284363E-5
3.700E-1 1.99180796E-5
3.800E-1 2.77816001E-5
3.900E-1 3.8590161E-5
4.000E-1 5.336369E-5
4.100E-1 7.34414726E-5
4.200E-1 0.000100556517
4.300E-1 0.00013691369
4.400E-1 0.000185213031
4.500E-1 0.000248645012
