0.000E+0 0
1.000E-2 1.30662447E-14
2.000E-2 3.19017491E-14
3.000E-2 5.90759598E-14
4.000E-2 9.83021357E-14
5.000E-2 1.54946362E-13
6.000E-2 2.36763233E-13
7.000E-2 3.54959368E-13
8.000E-2 5.25731353E-13
9.000E-2 7.72490561E-13
1.000E-1 1.12908309E-12
1.100E-1 1.64445223E-12
1.200E-1 2.38939338E-12
1.300E-1 3.46634526E-12
1.400E-1 5.02358957E-12
1.500E-1 7.27585213E-12
1.600E-1 1.05342017E-11
1.700E-1 1.52494534E-11
1.800E-1 2.20751865E-11
1.900E-1 3.1959249E-11
2.000E-1 4.62766312E-11
2.100E-1 6.70224088E-11
2.200E-1 9.70918986E-11
2.300E-1 1.40687409E-10
2.400E-1 2.03908691E-10
2.500E-1 2.95609853E-10
2.600E-1 4.28642495E-10
2.700E-1 6.21658119E-10
2.800E-1 9.01719198E-10
2.900E-1 1.30807696E-9
3.000E-1 1.89762715E-9
3.100E-1 2.75276772E-9
3.200E-1 3.99267108E-9
3.300E-1 5.78936008E-9
3.400E-1 8.39043677E-9
3.500E-1 1.21508031E-8
3.600E-1 1.75760693E-8
3.700E-1 2.53801756E-8
3.800E-1 3.6558222E-8
3.900E-1 5.24710625E-8
4.000E-1 7.49283896E-8
4.100E-1 1.06238911E-7
4.200E-1 1.49169157E-7
4.300E-1 2.0672549E-7
4.400E-1 2.81678065E-7
4.500E-1 3.75838698E-7
