0.000E+0 -0.698166492
1.000E-2 -0.698162225
2.000E-2 -0.698157817
3.000E-2 -0.698153221
4.000E-2 -0.69814837
5.000E-2 -0.69814317
6.000E-2 -0.69813749
7.000E-2 -0.698131148
8.000E-2 -0.698123883
9.000E-2 -0.698115331
1.000E-1 -0.698104976
1.100E-1 -0.698092093
1.200E-1 -0.69807566
1.300E-1 -0.698054231
1.400E-1 -0.698025771
1.500E-1 -0.697987403
1.600E-1 -0.69793507
1.700E-1 -0.697863041
1.800E-1 -0.697763225
1.900E-1 -0.697624195
2.000E-1 -0.697429816
2.100E-1 -0.697157295
2.200E-1 -0.696774439
2.300E-1 -0.696235779
2.400E-1 -0.695477087
2.500E-1 -0.694407644
2.600E-1 -0.692899317
2.700E-1 -0.690771147
2.800E-1 -0.687767595
2.900E-1 -0.683527885
3.000E-1 -0.677542797
3.100E-1 -0.669093882
3.200E-1 -0.657168086
3.300E-1 -0.640338101
3.400E-1 -0.616595302
3.500E-1 -0.583117565
3.600E-1 -0.535948823
3.700E-1 -0.469560985
3.800E-1 -0.376263092
3.900E-1 -0.245419242
4.000E-1 -0.0624399445
4.100E-1 0.192473859
