0.000E+0 0
1.000E-2 5.06600389E-15
2.000E-2 1.23847929E-14
3.000E-2 2.29628659E-14
4.000E-2 3.82561224E-14
5.000E-2 6.03704121E-14
6.000E-2 9.23516382E-14
7.000E-2 1.38605508E-13
8.000E-2 2.05505072E-13
9.000E-2 3.02270425E-13
1.000E-1 4.42243045E-13
1.100E-1 6.44732729E-13
1.200E-1 9.37695662E-13
1.300E-1 1.36161946E-12
1.400E-1 1.97516128E-12
1.500E-1 2.86333284E-12
1.600E-1 4.14938541E-12
1.700E-1 6.01207054E-12
1.800E-1 8.71071036E-12
1.900E-1 1.26216132E-11
2.000E-1 1.82909715E-11
2.100E-1 2.6511703E-11
2.200E-1 3.8435078E-11
2.300E-1 5.57328817E-11
2.400E-1 8.08329982E-11
2.500E-1 1.17261666E-10
2.600E-1 1.70140716E-10
2.700E-1 2.46909991E-10
2.800E-1 3.58376935E-10
2.900E-1 5.20241549E-10
3.000E-1 7.55312035E-10
3.100E-1 1.096724E-9
3.200E-1 1.59261781E-9
3.300E-1 2.31293459E-9
3.400E-1 3.35929068E-9
3.500E-1 4.87932493E-9
3.600E-1 7.08754535E-9
3.700E-1 1.02956189E-8
3.800E-1 1.49563823E-8
3.900E-1 2.17277908E-8
4.000E-1 3.15658335E-8
4.100E-1 4.58595427E-8
4.200E-1 6.66271606E-8
4.300E-1 9.68011678E-8
4.400E-1 1.40642431E-7
4.500E-1 2.04341952E-7
