0.000E+0 0
1.000E-2 3.41384183E-14
2.000E-2 8.26115341E-14
3.000E-2 1.51468802E-13
4.000E-2 2.49311699E-13
5.000E-2 3.88370072E-13
6.000E-2 5.86032944E-13
7.000E-2 8.67026293E-13
8.000E-2 1.26651228E-12
9.000E-2 1.83450158E-12
1.000E-1 2.64213785E-12
1.100E-1 3.79065266E-12
1.200E-1 5.42413109E-12
1.300E-1 7.74771686E-12
1.400E-1 1.10535833E-11
1.500E-1 1.57579931E-11
1.600E-1 2.24541919E-11
1.700E-1 3.19879106E-11
1.800E-1 4.55651517E-11
1.900E-1 6.49060705E-11
2.000E-1 9.24646752E-11
2.100E-1 1.31742507E-10
2.200E-1 1.87736512E-10
2.300E-1 2.67578537E-10
2.400E-1 3.81448447E-10
2.500E-1 5.43877984E-10
2.600E-1 7.75612613E-10
2.700E-1 1.1062702E-9
2.800E-1 1.57813756E-9
2.900E-1 2.25159213E-9
3.000E-1 3.21284414E-9
3.100E-1 4.58499291E-9
3.200E-1 6.54381569E-9
3.300E-1 9.34031503E-9
3.400E-1 1.3332917E-8
3.500E-1 1.9033451E-8
3.600E-1 2.71728082E-8
3.700E-1 3.87946969E-8
3.800E-1 5.53895121E-8
3.900E-1 7.90854665E-8
4.000E-1 1.12921446E-7
4.100E-1 1.61236477E-7
4.200E-1 2.30225514E-7
4.300E-1 3.28732364E-7
4.400E-1 4.69380486E-7
4.500E-1 6.70184904E-7
