0.000E+0 0
1.000E-2 2.40005994E-12
2.000E-2 5.76668393E-12
3.000E-2 1.04946456E-11
4.000E-2 1.71394939E-11
5.000E-2 2.64828558E-11
6.000E-2 3.96243153E-11
7.000E-2 5.81107964E-11
8.000E-2 8.41189621E-11
9.000E-2 1.20712699E-10
1.000E-1 1.7220714E-10
1.100E-1 2.44684131E-10
1.200E-1 3.46723274E-10
1.300E-1 4.90440226E-10
1.400E-1 6.92963226E-10
1.500E-1 9.78534911E-10
1.600E-1 1.3815065E-9
1.700E-1 1.95060542E-9
1.800E-1 2.75502007E-9
1.900E-1 3.89307751E-9
2.000E-1 5.50462057E-9
2.100E-1 7.78866393E-9
2.200E-1 1.10285834E-8
2.300E-1 1.56280554E-8
2.400E-1 2.21623415E-8
2.500E-1 3.14514738E-8
2.600E-1 4.46647056E-8
2.700E-1 6.34695928E-8
2.800E-1 9.02447908E-8
2.900E-1 1.2838381E-7
3.000E-1 1.82728627E-7
3.100E-1 2.60188672E-7
3.200E-1 3.70624444E-7
3.300E-1 5.2810886E-7
3.400E-1 7.52727718E-7
3.500E-1 1.07314947E-6
3.600E-1 1.53029255E-6
3.700E-1 2.18255778E-6
3.800E-1 3.11329178E-6
3.900E-1 4.44142757E-6
4.000E-1 6.33664535E-6
4.100E-1 9.0409538E-6
4.200E-1 1.28993705E-5
4.300E-1 1.84034562E-5
4.400E-1 2.62529221E-5
4.500E-1 3.74424822E-5
