0.000E+0 0
1.000E-2 1.04906889E-14
2.000E-2 2.50442011E-14
3.000E-2 4.52944938E-14
4.000E-2 7.35299234E-14
5.000E-2 1.12954996E-13
6.000E-2 1.6805762E-13
7.000E-2 2.45125343E-13
8.000E-2 3.52972628E-13
9.000E-2 5.03968063E-13
1.000E-1 7.15489053E-13
1.100E-1 1.01198746E-12
1.200E-1 1.42792997E-12
1.300E-1 2.01199259E-12
1.400E-1 2.8330544E-12
1.500E-1 3.98877309E-12
1.600E-1 5.61786535E-12
1.700E-1 7.91770165E-12
1.800E-1 1.11695251E-11
1.900E-1 1.57746053E-11
2.000E-1 2.23060777E-11
2.100E-1 3.1583287E-11
2.200E-1 4.47784181E-11
2.300E-1 6.35694617E-11
2.400E-1 9.03596831E-11
2.500E-1 1.28592543E-10
2.600E-1 1.83203653E-10
2.700E-1 2.61269438E-10
2.800E-1 3.72938229E-10
2.900E-1 5.32766852E-10
3.000E-1 7.61639398E-10
3.100E-1 1.08952195E-9
3.200E-1 1.5594176E-9
3.300E-1 2.23304492E-9
3.400E-1 3.19899111E-9
3.500E-1 4.58441854E-9
3.600E-1 6.57187321E-9
3.700E-1 9.42341859E-9
3.800E-1 1.35152866E-8
3.900E-1 1.9387626E-8
4.000E-1 2.78159208E-8
4.100E-1 3.99135083E-8
4.200E-1 5.72787071E-8
4.300E-1 8.2205922E-8
4.400E-1 1.17988421E-7
4.500E-1 1.69352367E-7
