0.000E+0 -0.683185737
1.000E-2 -0.683184397
2.000E-2 -0.683183047
3.000E-2 -0.683181681
4.000E-2 -0.683180298
5.000E-2 -0.683178893
6.000E-2 -0.683177458
7.000E-2 -0.683175986
8.000E-2 -0.683174461
9.000E-2 -0.683172866
1.000E-1 -0.683171172
1.100E-1 -0.683169338
1.200E-1 -0.683167306
1.300E-1 -0.683164994
1.400E-1 -0.683162279
1.500E-1 -0.683158987
1.600E-1 -0.683154866
1.700E-1 -0.683149553
1.800E-1 -0.683142522
1.900E-1 -0.683133014
2.000E-1 -0.683119933
2.100E-1 -0.683101697
2.200E-1 -0.683076022
2.300E-1 -0.683039605
2.400E-1 -0.68298768
2.500E-1 -0.682913362
2.600E-1 -0.682806707
2.700E-1 -0.68265335
2.800E-1 -0.682432546
2.900E-1 -0.682114331
3.000E-1 -0.681655426
3.100E-1 -0.680993322
3.200E-1 -0.680037731
3.300E-1 -0.678658247
3.400E-1 -0.676666516
3.500E-1 -0.673790488
3.600E-1 -0.669637224
3.700E-1 -0.663639184
3.800E-1 -0.654976643
3.900E-1 -0.642465642
4.000E-1 -0.624396157
4.100E-1 -0.598298388
4.200E-1 -0.560605246
4.300E-1 -0.506164969
4.400E-1 -0.427537407
4.500E-1 -0.313978076
4.600E-1 -0.149971766
4.700E-1 0.0868833528
