0.000E+0 0
1.000E-2 6.87192154E-14
2.000E-2 1.66974434E-13
3.000E-2 3.07565746E-13
4.000E-2 5.08833286E-13
5.000E-2 7.97052479E-13
6.000E-2 1.20986615E-12
7.000E-2 1.80120475E-12
8.000E-2 2.64834428E-12
9.000E-2 3.86203826E-12
1.000E-1 5.60107459E-12
1.100E-1 8.09320835E-12
1.200E-1 1.16652889E-11
1.300E-1 1.67866547E-11
1.400E-1 2.41316808E-11
1.500E-1 3.46699824E-11
1.600E-1 4.97965541E-11
1.700E-1 7.15195762E-11
1.800E-1 1.02731491E-10
1.900E-1 1.47600308E-10
2.000E-1 2.12134498E-10
2.100E-1 3.04998549E-10
2.200E-1 4.38690426E-10
2.300E-1 6.31241666E-10
2.400E-1 9.08672156E-10
2.500E-1 1.3085348E-9
2.600E-1 1.88503415E-9
2.700E-1 2.71641826E-9
2.800E-1 3.91565347E-9
2.900E-1 5.64584079E-9
3.000E-1 8.14248058E-9
3.100E-1 1.17456278E-8
3.200E-1 1.69463329E-8
3.300E-1 2.44537157E-8
3.400E-1 3.52918399E-8
3.500E-1 5.09396293E-8
3.600E-1 7.35329515E-8
3.700E-1 1.06156491E-7
3.800E-1 1.53265307E-7
3.900E-1 2.2129369E-7
4.000E-1 3.19534539E-7
4.100E-1 4.61409403E-7
4.200E-1 6.66302728E-7
4.300E-1 9.62210806E-7
4.400E-1 1.38956706E-6
4.500E-1 2.00676558E-6
