0.000E+0 0
1.000E-2 5.9039042E-14
2.000E-2 1.4457735E-13
3.000E-2 2.68674899E-13
4.000E-2 4.48863537E-13
5.000E-2 7.10520168E-13
6.000E-2 1.0904354E-12
7.000E-2 1.64168011E-12
8.000E-2 2.44089906E-12
9.000E-2 3.59862793E-12
1.000E-1 5.27418753E-12
1.100E-1 7.69717988E-12
1.200E-1 1.11986092E-11
1.300E-1 1.62561089E-11
1.400E-1 2.35599475E-11
1.500E-1 3.4109771E-11
1.600E-1 4.9356955E-11
1.700E-1 7.1414763E-11
1.800E-1 1.03369392E-10
1.900E-1 1.49741145E-10
2.000E-1 2.17168954E-10
2.100E-1 3.15427129E-10
2.200E-1 4.58936261E-10
2.300E-1 6.69009168E-10
2.400E-1 9.77190561E-10
2.500E-1 1.43022445E-9
2.600E-1 2.09744474E-9
2.700E-1 3.08177405E-9
2.800E-1 4.53609594E-9
2.900E-1 6.68763069E-9
3.000E-1 9.87423264E-9
3.100E-1 1.45984462E-8
3.200E-1 2.16080161E-8
3.300E-1 3.20158023E-8
3.400E-1 4.74783873E-8
3.500E-1 7.04620861E-8
3.600E-1 1.0463908E-7
3.700E-1 1.55477194E-7
3.800E-1 2.31117662E-7
3.900E-1 3.43680792E-7
4.000E-1 5.11206548E-7
4.100E-1 7.60535438E-7
4.200E-1 1.13157823E-6
4.300E-1 1.68362965E-6
4.400E-1 2.5046761E-6
4.500E-1 3.72506369E-6
