0.000E+0 0
1.000E-2 2.53271331E-14
2.000E-2 6.18525279E-14
3.000E-2 1.14589772E-13
4.000E-2 1.90784431E-13
5.000E-2 3.00900534E-13
6.000E-2 4.60040914E-13
7.000E-2 6.89992494E-13
8.000E-2 1.02217304E-12
9.000E-2 1.50188066E-12
1.000E-1 2.19443028E-12
1.100E-1 3.19403083E-12
1.200E-1 4.63665408E-12
1.300E-1 6.71873299E-12
1.400E-1 9.72439376E-12
1.500E-1 1.40652027E-11
1.600E-1 2.03382887E-11
1.700E-1 2.94114644E-11
1.800E-1 4.25480217E-11
1.900E-1 6.15898304E-11
2.000E-1 8.92261008E-11
2.100E-1 1.29388009E-10
2.200E-1 1.87828241E-10
2.300E-1 2.72972259E-10
2.400E-1 3.97168857E-10
2.500E-1 5.78527572E-10
2.600E-1 8.43618661E-10
2.700E-1 1.23144099E-9
2.800E-1 1.79925362E-9
2.900E-1 2.63114668E-9
3.000E-1 3.85063796E-9
3.100E-1 5.63918442E-9
3.200E-1 8.26338102E-9
3.300E-1 1.21149119E-8
3.400E-1 1.7769206E-8
3.500E-1 2.60714939E-8
3.600E-1 3.82629421E-8
3.700E-1 5.61652703E-8
3.800E-1 8.24504557E-8
3.900E-1 1.21033772E-7
4.000E-1 1.77644876E-7
4.100E-1 2.60655038E-7
4.200E-1 3.82272453E-7
4.300E-1 5.60268506E-7
4.400E-1 8.20477271E-7
4.500E-1 1.20043335E-6
