0.000E+0 0
1.000E-2 3.8157963E-14
2.000E-2 9.30688206E-14
3.000E-2 1.72164422E-13
4.000E-2 2.86171135E-13
5.000E-2 4.5056948E-13
6.000E-2 6.87700842E-13
7.000E-2 1.02980896E-12
8.000E-2 1.52343253E-12
9.000E-2 2.2357522E-12
1.000E-1 3.26376642E-12
1.100E-1 4.74756532E-12
1.200E-1 6.88954554E-12
1.300E-1 9.98224296E-12
1.400E-1 1.44486732E-11
1.500E-1 2.0900832E-11
1.600E-1 3.02245651E-11
1.700E-1 4.37027351E-11
1.800E-1 6.31939982E-11
1.900E-1 9.13923309E-11
2.000E-1 1.32203789E-10
2.100E-1 1.91293433E-10
2.200E-1 2.76879207E-10
2.300E-1 4.00884058E-10
2.400E-1 5.80607492E-10
2.500E-1 8.41149691E-10
2.600E-1 1.21892469E-9
2.700E-1 1.76674689E-9
2.800E-1 2.56118486E-9
2.900E-1 3.71317019E-9
3.000E-1 5.38325421E-9
3.100E-1 7.80344724E-9
3.200E-1 1.13082664E-8
3.300E-1 1.63784259E-8
3.400E-1 2.37013791E-8
3.500E-1 3.42532537E-8
3.600E-1 4.9405676E-8
3.700E-1 7.10566509E-8
3.800E-1 1.01773579E-7
3.900E-1 1.44913373E-7
4.000E-1 2.04643771E-7
4.100E-1 2.85732062E-7
4.200E-1 3.92916352E-7
4.300E-1 5.29702478E-7
4.400E-1 6.96657261E-7
4.500E-1 8.89757547E-7
