0.000E+0 0
1.000E-2 6.43869524E-13
2.000E-2 1.54731573E-12
3.000E-2 2.81588782E-12
4.000E-2 4.59805737E-12
5.000E-2 7.10268291E-12
6.000E-2 1.06235945E-11
7.000E-2 1.55742119E-11
8.000E-2 2.25363095E-11
9.000E-2 3.23287364E-11
1.000E-1 4.6104297E-11
1.100E-1 6.54863867E-11
1.200E-1 9.2761769E-11
1.300E-1 1.31152648E-10
1.400E-1 1.8520076E-10
1.500E-1 2.61309706E-10
1.600E-1 3.68510852E-10
1.700E-1 5.19545029E-10
1.800E-1 7.32390374E-10
1.900E-1 1.03242036E-9
2.000E-1 1.45545199E-9
2.100E-1 2.05205137E-9
2.200E-1 2.8936152E-9
2.300E-1 4.08096036E-9
2.400E-1 5.75645521E-9
2.500E-1 8.12115147E-9
2.600E-1 1.14589737E-8
2.700E-1 1.61708668E-8
2.800E-1 2.2822984E-8
2.900E-1 3.22146563E-8
3.000E-1 4.54741981E-8
3.100E-1 6.41938159E-8
3.200E-1 9.06193145E-8
3.300E-1 1.27916329E-7
3.400E-1 1.80542891E-7
3.500E-1 2.5476869E-7
3.600E-1 3.59394575E-7
3.700E-1 5.06741165E-7
3.800E-1 7.13990589E-7
3.900E-1 1.00497459E-6
4.000E-1 1.41249238E-6
4.100E-1 1.98118674E-6
4.200E-1 2.77085888E-6
4.300E-1 3.85978372E-6
4.400E-1 5.34699111E-6
4.500E-1 7.35151472E-6
