0.000E+0 0
1.000E-2 1.28899849E-12
2.000E-2 3.09667769E-12
3.000E-2 5.63368067E-12
4.000E-2 9.19620191E-12
5.000E-2 1.42007542E-11
6.000E-2 2.12330935E-11
7.000E-2 3.11170916E-11
8.000E-2 4.50117277E-11
9.000E-2 6.45477393E-11
1.000E-1 9.20202316E-11
1.100E-1 1.30660282E-10
1.200E-1 1.85018091E-10
1.300E-1 2.61503679E-10
1.400E-1 3.69150139E-10
1.500E-1 5.20691279E-10
1.600E-1 7.34083412E-10
1.700E-1 1.03465457E-9
1.800E-1 1.45813999E-9
1.900E-1 2.05496963E-9
2.000E-1 2.89632407E-9
2.100E-1 4.08268843E-9
2.200E-1 5.75593443E-9
2.300E-1 8.11638559E-9
2.400E-1 1.14469198E-8
2.500E-1 1.61470086E-8
2.600E-1 2.2780784E-8
2.700E-1 3.2144901E-8
2.800E-1 4.53643245E-8
2.900E-1 6.40274747E-8
3.000E-1 9.03768007E-8
3.100E-1 1.27577298E-7
3.200E-1 1.80094417E-7
3.300E-1 2.5422507E-7
3.400E-1 3.58842022E-7
3.500E-1 5.0643399E-7
3.600E-1 7.14552046E-7
3.700E-1 1.00780741E-6
3.800E-1 1.42060366E-6
3.900E-1 2.00081955E-6
4.000E-1 2.81466646E-6
4.100E-1 3.95288409E-6
4.200E-1 5.53822632E-6
4.300E-1 7.73367859E-6
4.400E-1 1.07498136E-5
4.500E-1 1.48478572E-5
