0.000E+0 -0.227046713
1.000E-2 -0.227041803
2.000E-2 -0.227036868
3.000E-2 -0.227031907
4.000E-2 -0.227026916
5.000E-2 -0.22702189
6.000E-2 -0.227016824
7.000E-2 -0.227011705
8.000E-2 -0.227006523
9.000E-2 -0.227001257
1.000E-1 -0.22699588
1.100E-1 -0.226990352
1.200E-1 -0.226984617
1.300E-1 -0.226978593
1.400E-1 -0.22697216
1.500E-1 -0.226965146
1.600E-1 -0.226957303
1.700E-1 -0.226948271
1.800E-1 -0.226937525
1.900E-1 -0.226924309
2.000E-1 -0.226907522
2.100E-1 -0.226885569
2.200E-1 -0.226856134
2.300E-1 -0.226815856
2.400E-1 -0.226759857
2.500E-1 -0.226681054
2.600E-1 -0.226569165
2.700E-1 -0.22640926
2.800E-1 -0.226179659
2.900E-1 -0.225848881
3.000E-1 -0.225371204
3.100E-1 -0.224680229
3.200E-1 -0.22367952
3.300E-1 -0.222229012
3.400E-1 -0.220125264
3.500E-1 -0.217072779
3.600E-1 -0.212642338
3.700E-1 -0.20621047
3.800E-1 -0.19687153
3.900E-1 -0.183309966
4.000E-1 -0.163614775
4.100E-1 -0.135009978
4.200E-1 -0.0934631011
4.300E-1 -0.0331165084
4.400E-1 0.0545385487
