0.000E+0 0
1.000E-2 5.82117693E-15
2.000E-2 1.39114727E-14
3.000E-2 2.51789202E-14
4.000E-2 4.08948367E-14
5.000E-2 6.28394667E-14
6.000E-2 9.35064486E-14
7.000E-2 1.36390214E-13
8.000E-2 1.963905E-13
9.000E-2 2.80382492E-13
1.000E-1 3.98021561E-13
1.100E-1 5.62880574E-13
1.200E-1 7.94059142E-13
1.300E-1 1.11846274E-12
1.400E-1 1.57403295E-12
1.500E-1 2.21432807E-12
1.600E-1 3.11502109E-12
1.700E-1 4.38311921E-12
1.800E-1 6.17004719E-12
1.900E-1 8.69021542E-12
2.000E-1 1.22473744E-11
2.100E-1 1.72720231E-11
2.200E-1 2.43745138E-11
2.300E-1 3.44204424E-11
2.400E-1 4.86376861E-11
2.500E-1 6.87683843E-11
2.600E-1 9.72847418E-11
2.700E-1 1.37695478E-10
2.800E-1 1.94981004E-10
2.900E-1 2.76211437E-10
3.000E-1 3.91424275E-10
3.100E-1 5.54870863E-10
3.200E-1 7.8678664E-10
3.300E-1 1.11590521E-9
3.400E-1 1.58302887E-9
3.500E-1 2.24609921E-9
3.600E-1 3.18739796E-9
3.700E-1 4.52377184E-9
3.800E-1 6.42115078E-9
3.900E-1 9.11515761E-9
4.000E-1 1.294036E-8
4.100E-1 1.83717747E-8
4.200E-1 2.6083728E-8
4.300E-1 3.70332763E-8
4.400E-1 5.2578324E-8
4.500E-1 7.46446455E-8
