0.000E+0 0
1.000E-2 8.49900383E-15
2.000E-2 2.03095632E-14
3.000E-2 3.67564753E-14
4.000E-2 5.96943964E-14
5.000E-2 9.17201998E-14
6.000E-2 1.36471079E-13
7.000E-2 1.99043534E-13
8.000E-2 2.86583049E-13
9.000E-2 4.09115188E-13
1.000E-1 5.80718582E-13
1.100E-1 8.21182645E-13
1.200E-1 1.15835307E-12
1.300E-1 1.63145366E-12
1.400E-1 2.29579428E-12
1.500E-1 3.22944696E-12
1.600E-1 4.54271611E-12
1.700E-1 6.39157553E-12
1.800E-1 8.99673601E-12
1.900E-1 1.26707071E-11
2.000E-1 1.7856205E-11
2.100E-1 2.51806726E-11
2.200E-1 3.55336727E-11
2.300E-1 5.01767591E-11
2.400E-1 7.08994736E-11
2.500E-1 1.00240835E-10
2.600E-1 1.41803843E-10
2.700E-1 2.00702088E-10
2.800E-1 2.84193957E-10
2.900E-1 4.02583302E-10
3.000E-1 5.70498518E-10
3.100E-1 8.08709098E-10
3.200E-1 1.14670548E-9
3.300E-1 1.62636296E-9
3.400E-1 2.30714519E-9
3.500E-1 3.27349388E-9
3.600E-1 4.64532277E-9
3.700E-1 6.59291945E-9
3.800E-1 9.35810293E-9
3.900E-1 1.32842605E-8
4.000E-1 1.8858979E-8
4.100E-1 2.67745327E-8
4.200E-1 3.80136699E-8
4.300E-1 5.39711979E-8
4.400E-1 7.66261413E-8
4.500E-1 1.08785201E-7
