0.000E+0 0
1.000E-2 4.42878235E-13
2.000E-2 1.06592001E-12
3.000E-2 1.94270851E-12
4.000E-2 3.17687303E-12
5.000E-2 4.91435725E-12
6.000E-2 7.36070208E-12
7.000E-2 1.08053987E-11
8.000E-2 1.56562135E-11
9.000E-2 2.24875822E-11
1.000E-1 3.21088627E-11
1.100E-1 4.56606264E-11
1.200E-1 6.47505463E-11
1.300E-1 9.16452185E-11
1.400E-1 1.29540999E-10
1.500E-1 1.82946473E-10
1.600E-1 2.58222639E-10
1.700E-1 3.64345913E-10
1.800E-1 5.1398592E-10
1.900E-1 7.25028012E-10
2.000E-1 1.02272406E-9
2.100E-1 1.44273088E-9
2.200E-1 2.03540256E-9
2.300E-1 2.87185437E-9
2.400E-1 4.05252944E-9
2.500E-1 5.71930087E-9
2.600E-1 8.07256855E-9
2.700E-1 1.13954108E-8
2.800E-1 1.60877003E-8
2.900E-1 2.27142916E-8
3.000E-1 3.20730758E-8
3.100E-1 4.52910744E-8
3.200E-1 6.39600951E-8
3.300E-1 9.03281616E-8
3.400E-1 1.2756952E-7
3.500E-1 1.80165208E-7
3.600E-1 2.54438952E-7
3.700E-1 3.59310848E-7
3.800E-1 5.07355557E-7
3.900E-1 7.1628498E-7
4.000E-1 1.01102053E-6
4.100E-1 1.42658162E-6
4.200E-1 2.01210194E-6
4.300E-1 2.83640493E-6
4.400E-1 3.99574582E-6
4.500E-1 5.62458648E-6
