0.000E+0 0
1.000E-2 4.39098032E-12
2.000E-2 1.05548722E-11
3.000E-2 1.92116973E-11
4.000E-2 3.13737635E-11
5.000E-2 4.8464296E-11
6.000E-2 7.24842925E-11
7.000E-2 1.06247285E-10
8.000E-2 1.53709785E-10
9.000E-2 2.20436613E-10
1.000E-1 3.14256507E-10
1.100E-1 4.46186251E-10
1.200E-1 6.317339E-10
1.300E-1 8.92737399E-10
1.400E-1 1.2599594E-9
1.500E-1 1.77675034E-9
1.600E-1 2.50422056E-9
1.700E-1 3.52854406E-9
1.800E-1 4.97127364E-9
1.900E-1 7.00390958E-9
2.000E-1 9.86847687E-9
2.100E-1 1.39065901E-8
2.200E-1 1.9600508E-8
2.300E-1 2.76311244E-8
2.400E-1 3.89598847E-8
2.500E-1 5.49444991E-8
2.600E-1 7.75023959E-8
2.700E-1 1.09341607E-7
2.800E-1 1.54286894E-7
2.900E-1 2.17740364E-7
3.000E-1 3.07331988E-7
3.100E-1 4.33838148E-7
3.200E-1 6.12478388E-7
3.300E-1 8.64745487E-7
3.400E-1 1.22098706E-6
3.500E-1 1.72404496E-6
3.600E-1 2.43438149E-6
3.700E-1 3.43729092E-6
3.800E-1 4.85302778E-6
3.900E-1 6.85099959E-6
4.000E-1 9.66959565E-6
4.100E-1 1.36437826E-5
4.200E-1 1.92433213E-5
4.300E-1 2.7125376E-5
4.400E-1 3.82065558E-5
4.500E-1 5.37600497E-5
