0.000E+0 0
1.000E-2 2.94207062E-13
2.000E-2 7.13304739E-13
3.000E-2 1.31084934E-12
4.000E-2 2.1632984E-12
5.000E-2 3.37977348E-12
6.000E-2 5.11598374E-12
7.000E-2 7.59409305E-12
8.000E-2 1.11310882E-11
9.000E-2 1.61793237E-11
1.000E-1 2.33845336E-11
1.100E-1 3.36689433E-11
1.200E-1 4.8350495E-11
1.300E-1 6.93141057E-11
1.400E-1 9.92579564E-11
1.500E-1 1.42048048E-10
1.600E-1 2.03229026E-10
1.700E-1 2.90760582E-10
1.800E-1 4.16079481E-10
1.900E-1 5.95631575E-10
2.000E-1 8.53082195E-10
2.100E-1 1.22250564E-9
2.200E-1 1.75298797E-9
2.300E-1 2.5152697E-9
2.400E-1 3.61133364E-9
2.500E-1 5.18824422E-9
2.600E-1 7.45812528E-9
2.700E-1 1.07270005E-8
2.800E-1 1.54364302E-8
2.900E-1 2.22236232E-8
3.000E-1 3.20082237E-8
3.100E-1 4.61176071E-8
3.200E-1 6.64677642E-8
3.300E-1 9.58244179E-8
3.400E-1 1.38179905E-7
3.500E-1 1.99297042E-7
3.600E-1 2.8749373E-7
3.700E-1 4.14774357E-7
3.800E-1 5.98460312E-7
3.900E-1 8.63537772E-7
4.000E-1 1.2460344E-6
4.100E-1 1.79786839E-6
4.200E-1 2.59379846E-6
4.300E-1 3.74136178E-6
4.400E-1 5.39504909E-6
4.500E-1 7.77647481E-6
