0.000E+0 -0.738179134
1.000E-2 -0.738178432
2.000E-2 -0.738177708
3.000E-2 -0.73817695
4.000E-2 -0.738176146
5.000E-2 -0.738175278
6.000E-2 -0.738174323
7.000E-2 -0.738173244
8.000E-2 -0.738171992
9.000E-2 -0.738170494
1.000E-1 -0.738168647
1.100E-1 -0.738166307
1.200E-1 -0.738163264
1.300E-1 -0.738159221
1.400E-1 -0.738153752
1.500E-1 -0.738146253
1.600E-1 -0.738135856
1.700E-1 -0.738121327
1.800E-1 -0.7381009
1.900E-1 -0.738072057
2.000E-1 -0.7380312
2.100E-1 -0.737973193
2.200E-1 -0.737890699
2.300E-1 -0.737773246
2.400E-1 -0.737605874
2.500E-1 -0.737367224
2.600E-1 -0.737026794
2.700E-1 -0.736541024
2.800E-1 -0.735847714
2.900E-1 -0.734858041
3.000E-1 -0.733445175
3.100E-1 -0.731428018
3.200E-1 -0.728548008
3.300E-1 -0.724436018
3.400E-1 -0.718565148
3.500E-1 -0.710183437
3.600E-1 -0.698217985
3.700E-1 -0.681138477
3.800E-1 -0.656763004
3.900E-1 -0.621982026
4.000E-1 -0.572366109
4.100E-1 -0.50160871
4.200E-1 -0.400734969
4.300E-1 -0.256979847
4.400E-1 -0.0522027194
4.500E-1 0.239339623
