0.000E+0 0
1.000E-2 1.96304449E-13
2.000E-2 4.71427363E-13
3.000E-2 8.57138686E-13
4.000E-2 1.39801535E-12
5.000E-2 2.15660557E-12
6.000E-2 3.22067748E-12
7.000E-2 4.71339468E-12
8.000E-2 6.80760303E-12
9.000E-2 9.74589275E-12
1.000E-1 1.38687756E-11
1.100E-1 1.96542661E-11
1.200E-1 2.777349E-11
1.300E-1 3.9168821E-11
1.400E-1 5.5163682E-11
1.500E-1 7.76168545E-11
1.600E-1 1.09139345E-10
1.700E-1 1.53399173E-10
1.800E-1 2.1554972E-10
1.900E-1 3.02831695E-10
2.000E-1 4.25419028E-10
2.100E-1 5.97607383E-10
2.200E-1 8.39483777E-10
2.300E-1 1.17927144E-9
2.400E-1 1.65662184E-9
2.500E-1 2.32723396E-9
2.600E-1 3.26933135E-9
2.700E-1 4.59273448E-9
2.800E-1 6.45154974E-9
2.900E-1 9.06187986E-9
3.000E-1 1.27264703E-8
3.100E-1 1.78688654E-8
3.200E-1 2.50804639E-8
3.300E-1 3.51848002E-8
3.400E-1 4.93243004E-8
3.500E-1 6.90753321E-8
3.600E-1 9.65968927E-8
3.700E-1 1.34815459E-7
3.800E-1 1.87641282E-7
3.900E-1 2.60197E-7
4.000E-1 3.59015933E-7
4.100E-1 4.92137733E-7
4.200E-1 6.69010048E-7
4.300E-1 9.00138172E-7
4.400E-1 1.1965762E-6
4.500E-1 1.56966807E-6
