0.000E+0 0
1.000E-2 1.42879959E-13
2.000E-2 3.46516717E-13
3.000E-2 6.36906812E-13
4.000E-2 1.05115292E-12
5.000E-2 1.64221407E-12
6.000E-2 2.48567792E-12
7.000E-2 3.68943275E-12
8.000E-2 5.40748457E-12
9.000E-2 7.85970626E-12
1.000E-1 1.13600821E-11
1.100E-1 1.63571274E-11
1.200E-1 2.34917679E-11
1.300E-1 3.368027E-11
1.400E-1 4.82331253E-11
1.500E-1 6.90255513E-11
1.600E-1 9.8742099E-11
1.700E-1 1.41227657E-10
1.800E-1 2.01991217E-10
1.900E-1 2.88928942E-10
2.000E-1 4.13362105E-10
2.100E-1 5.91527042E-10
2.200E-1 8.46714103E-10
2.300E-1 1.21233838E-9
2.400E-1 1.73634829E-9
2.500E-1 2.48755513E-9
2.600E-1 3.56472089E-9
2.700E-1 5.10960665E-9
2.800E-1 7.32570802E-9
2.900E-1 1.05051567E-8
3.000E-1 1.50673477E-8
3.100E-1 2.16144029E-8
3.200E-1 3.10108079E-8
3.300E-1 4.44977558E-8
3.400E-1 6.38573142E-8
3.500E-1 9.16481074E-8
3.600E-1 1.3154363E-7
3.700E-1 1.88817807E-7
3.800E-1 2.71041708E-7
3.900E-1 3.89082938E-7
4.000E-1 5.58538469E-7
4.100E-1 8.01787632E-7
4.200E-1 1.15093104E-6
4.300E-1 1.65199296E-6
4.400E-1 2.37092147E-6
4.500E-1 3.40214047E-6
