0.000E+0 0
1.000E-2 1.44679681E-12
2.000E-2 3.49098198E-12
3.000E-2 6.38217266E-12
4.000E-2 1.04739624E-11
5.000E-2 1.62670962E-11
6.000E-2 2.44705862E-11
7.000E-2 3.60882836E-11
8.000E-2 5.25416262E-11
9.000E-2 7.58438844E-11
1.000E-1 1.0884785E-10
1.100E-1 1.55598447E-10
1.200E-1 2.21835467E-10
1.300E-1 3.15711386E-10
1.400E-1 4.48817575E-10
1.500E-1 6.37652966E-10
1.600E-1 9.05727663E-10
1.700E-1 1.28657772E-9
1.800E-1 1.82808753E-9
1.900E-1 2.59868838E-9
2.000E-1 3.69624924E-9
2.100E-1 5.26083034E-9
2.200E-1 7.49298026E-9
2.300E-1 1.06799879E-8
2.400E-1 1.52335517E-8
2.500E-1 2.17438371E-8
2.600E-1 3.1057056E-8
2.700E-1 4.43868133E-8
2.800E-1 6.34739247E-8
2.900E-1 9.0815815E-8
3.000E-1 1.29995796E-7
3.100E-1 1.86155713E-7
3.200E-1 2.66674354E-7
3.300E-1 3.82141148E-7
3.400E-1 5.47753521E-7
3.500E-1 7.85321896E-7
3.600E-1 1.12614583E-6
3.700E-1 1.61513817E-6
3.800E-1 2.31673555E-6
3.900E-1 3.32336197E-6
4.000E-1 4.76753439E-6
4.100E-1 6.83914868E-6
4.200E-1 9.81010418E-6
4.300E-1 1.40692639E-5
4.400E-1 2.01718503E-5
4.500E-1 2.89088498E-5
