0.000E+0 0
1.000E-2 3.35896784E-15
2.000E-2 8.23173804E-15
3.000E-2 1.5309538E-14
4.000E-2 2.55973785E-14
5.000E-2 4.05554152E-14
6.000E-2 6.23036315E-14
7.000E-2 9.39182207E-14
8.000E-2 1.39860933E-13
9.000E-2 2.06601574E-13
1.000E-1 3.03521755E-13
1.100E-1 4.44229331E-13
1.200E-1 6.48474315E-13
1.300E-1 9.44948337E-13
1.400E-1 1.37538537E-12
1.500E-1 2.00058291E-12
1.600E-1 2.90926155E-12
1.700E-1 4.2311224E-12
1.800E-1 6.15611533E-12
1.900E-1 8.96289506E-12
2.000E-1 1.3060868E-11
2.100E-1 1.90523406E-11
2.200E-1 2.78243991E-11
2.300E-1 4.06847668E-11
2.400E-1 5.95627224E-11
2.500E-1 8.73062808E-11
2.600E-1 1.28121825E-10
2.700E-1 1.88224564E-10
2.800E-1 2.76801018E-10
2.900E-1 4.07433396E-10
3.000E-1 6.00207648E-10
3.100E-1 8.84833598E-10
3.200E-1 1.30526325E-9
3.300E-1 1.92652681E-9
3.400E-1 2.84485154E-9
3.500E-1 4.20263949E-9
3.600E-1 6.21063637E-9
3.700E-1 9.18074077E-9
3.800E-1 1.35745536E-8
3.900E-1 2.00752022E-8
4.000E-1 2.96935583E-8
4.100E-1 4.39252435E-8
4.200E-1 6.49825377E-8
4.300E-1 9.61365991E-8
4.400E-1 1.42221842E-7
4.500E-1 2.10378207E-7
