0.000E+0 0
1.000E-2 8.17261366E-14
2.000E-2 1.99540712E-13
3.000E-2 3.69624799E-13
4.000E-2 6.15371902E-13
5.000E-2 9.70537268E-13
6.000E-2 1.48374529E-12
7.000E-2 2.22501156E-12
8.000E-2 3.29505424E-12
9.000E-2 4.83867222E-12
1.000E-1 7.0639836E-12
1.100E-1 1.02701582E-11
1.200E-1 1.48875168E-11
1.300E-1 2.15357156E-11
1.400E-1 3.11084854E-11
1.500E-1 4.48974878E-11
1.600E-1 6.47739135E-11
1.700E-1 9.34554246E-11
1.800E-1 1.34899281E-10
1.900E-1 1.94882029E-10
2.000E-1 2.81854958E-10
2.100E-1 4.08207148E-10
2.200E-1 5.92130889E-10
2.300E-1 8.60377567E-10
2.400E-1 1.25232997E-9
2.500E-1 1.82602143E-9
2.600E-1 2.66703458E-9
2.700E-1 3.90165996E-9
2.800E-1 5.71635778E-9
2.900E-1 8.38654625E-9
3.000E-1 1.23191921E-8
3.100E-1 1.81158272E-8
3.200E-1 2.66657942E-8
3.300E-1 3.92842313E-8
3.400E-1 5.79162653E-8
3.500E-1 8.54391811E-8
3.600E-1 1.26109559E-7
3.700E-1 1.86224862E-7
3.800E-1 2.75102169E-7
3.900E-1 4.06525692E-7
4.000E-1 6.00886744E-7
4.100E-1 8.88345503E-7
4.200E-1 1.31349836E-6
4.300E-1 1.94225901E-6
4.400E-1 2.87198499E-6
4.500E-1 4.24634289E-6
