0.000E+0 -0.270775189
1.000E-2 -0.270756287
2.000E-2 -0.270737237
3.000E-2 -0.270718023
4.000E-2 -0.270698625
5.000E-2 -0.270679016
6.000E-2 -0.27065916
7.000E-2 -0.27063901
8.000E-2 -0.270618501
9.000E-2 -0.270597542
1.000E-1 -0.270576014
1.100E-1 -0.270553751
1.200E-1 -0.270530525
1.300E-1 -0.270506026
1.400E-1 -0.270479821
1.500E-1 -0.270451312
1.600E-1 -0.270419661
1.700E-1 -0.270383696
1.800E-1 -0.270341761
1.900E-1 -0.270291506
2.000E-1 -0.270229587
2.100E-1 -0.270151216
2.200E-1 -0.270049525
2.300E-1 -0.269914624
2.400E-1 -0.269732244
2.500E-1 -0.269481754
2.600E-1 -0.269133276
2.700E-1 -0.268643481
2.800E-1 -0.267949455
2.900E-1 -0.266959761
3.000E-1 -0.265541396
3.100E-1 -0.26350076
3.200E-1 -0.260555877
3.300E-1 -0.256295854
3.400E-1 -0.250121694
3.500E-1 -0.241159895
3.600E-1 -0.228136332
3.700E-1 -0.209192183
3.800E-1 -0.181615354
3.900E-1 -0.141448791
4.000E-1 -0.0829196728
4.100E-1 0.00239149491
