0.000E+0 -0.232138357
1.000E-2 -0.232076357
2.000E-2 -0.232009094
3.000E-2 -0.231934674
4.000E-2 -0.231850528
5.000E-2 -0.231753115
6.000E-2 -0.231637583
7.000E-2 -0.231497273
8.000E-2 -0.231323036
9.000E-2 -0.231102314
1.000E-1 -0.23081785
1.100E-1 -0.230445893
1.200E-1 -0.229953719
1.300E-1 -0.229296158
1.400E-1 -0.228410736
1.500E-1 -0.227210874
1.600E-1 -0.225576313
1.700E-1 -0.223339694
1.800E-1 -0.22026766
1.900E-1 -0.216034261
2.000E-1 -0.210183536
2.100E-1 -0.202076834
2.200E-1 -0.190818651
2.300E-1 -0.175152217
2.400E-1 -0.153312498
2.500E-1 -0.122819303
2.600E-1 -0.0801861995
2.700E-1 -0.0205112223
2.800E-1 0.0630980125
