0.000E+0 0
1.000E-2 1.37747157E-15
2.000E-2 3.36644848E-15
3.000E-2 6.24649722E-15
4.000E-2 1.04241373E-14
5.000E-2 1.64900437E-14
6.000E-2 2.53018737E-14
7.000E-2 3.81042096E-14
8.000E-2 5.67023392E-14
9.000E-2 8.37143123E-14
1.000E-1 1.22937127E-13
1.100E-1 1.79879913E-13
1.200E-1 2.62542407E-13
1.300E-1 3.82555094E-13
1.400E-1 5.56854487E-13
1.500E-1 8.10152458E-13
1.600E-1 1.17858608E-12
1.700E-1 1.71512453E-12
1.800E-1 2.4975923E-12
1.900E-1 3.64058804E-12
2.000E-1 5.31320323E-12
2.100E-1 7.76537433E-12
2.200E-1 1.13670866E-11
2.300E-1 1.66667106E-11
2.400E-1 2.44778264E-11
2.500E-1 3.60084747E-11
2.600E-1 5.30536007E-11
2.700E-1 7.8281636E-11
2.800E-1 1.15661326E-10
2.900E-1 1.71097492E-10
3.000E-1 2.5337807E-10
3.100E-1 3.75584811E-10
3.200E-1 5.57194544E-10
3.300E-1 8.27208568E-10
3.400E-1 1.228812E-9
3.500E-1 1.82630802E-9
3.600E-1 2.71543079E-9
3.700E-1 4.03866697E-9
3.800E-1 6.00798252E-9
3.900E-1 8.93845263E-9
4.000E-1 1.32978457E-8
4.100E-1 1.97793299E-8
4.200E-1 2.94072005E-8
4.300E-1 4.36886716E-8
4.400E-1 6.48275161E-8
4.500E-1 9.60153733E-8
