0.000E+0 0
1.000E-2 2.01003095E-15
2.000E-2 4.91182311E-15
3.000E-2 9.11287277E-15
4.000E-2 1.52056176E-14
5.000E-2 2.40507108E-14
6.000E-2 3.68975689E-14
7.000E-2 5.55588946E-14
8.000E-2 8.26634725E-14
9.000E-2 1.22022738E-13
1.000E-1 1.79163195E-13
1.100E-1 2.62101471E-13
1.200E-1 3.82475682E-13
1.300E-1 5.57202138E-13
1.400E-1 8.10909261E-13
1.500E-1 1.1795247E-12
1.600E-1 1.71557686E-12
1.700E-1 2.4960481E-12
1.800E-1 3.63402731E-12
1.900E-1 5.29601973E-12
2.000E-1 7.72767902E-12
2.100E-1 1.12920763E-11
2.200E-1 1.65266313E-11
2.300E-1 2.42278256E-11
2.400E-1 3.55772823E-11
2.500E-1 5.2329451E-11
2.600E-1 7.70910513E-11
2.700E-1 1.13737206E-10
2.800E-1 1.68031214E-10
2.900E-1 2.485477E-10
3.000E-1 3.68047735E-10
3.100E-1 5.45527213E-10
3.200E-1 8.0926794E-10
3.300E-1 1.20138163E-9
3.400E-1 1.78457555E-9
3.500E-1 2.65222176E-9
3.600E-1 3.94333298E-9
3.700E-1 5.86481339E-9
3.800E-1 8.72446668E-9
3.900E-1 1.29798473E-8
4.000E-1 1.93103025E-8
4.100E-1 2.8722647E-8
4.200E-1 4.27049099E-8
4.300E-1 6.34472463E-8
4.400E-1 9.41532455E-8
4.500E-1 1.39465258E-7
