0.000E+0 0
1.000E-2 8.70102192E-14
2.000E-2 2.13481952E-13
3.000E-2 3.97531492E-13
4.000E-2 6.65581904E-13
5.000E-2 1.05616708E-12
6.000E-2 1.62547772E-12
7.000E-2 2.45544869E-12
8.000E-2 3.66555687E-12
9.000E-2 5.43004048E-12
1.000E-1 8.00304775E-12
1.100E-1 1.17553948E-11
1.200E-1 1.72283387E-11
1.300E-1 2.52123132E-11
1.400E-1 3.68623197E-11
1.500E-1 5.38671745E-11
1.600E-1 7.86979233E-11
1.700E-1 1.1497265E-10
1.800E-1 1.67992427E-10
1.900E-1 2.45528884E-10
2.000E-1 3.5898172E-10
2.100E-1 5.25080015E-10
2.200E-1 7.68382911E-10
2.300E-1 1.12495513E-9
2.400E-1 1.64776889E-9
2.500E-1 2.41464195E-9
2.600E-1 3.53989968E-9
2.700E-1 5.19150145E-9
2.800E-1 7.61617656E-9
2.900E-1 1.11762814E-8
3.000E-1 1.6403769E-8
3.100E-1 2.40790522E-8
3.200E-1 3.53458884E-8
3.300E-1 5.1877969E-8
3.400E-1 7.61188239E-8
3.500E-1 1.11623723E-7
3.600E-1 1.63539237E-7
3.700E-1 2.39259358E-7
3.800E-1 3.49287815E-7
3.900E-1 5.08295789E-7
4.000E-1 7.36257174E-7
4.100E-1 1.05931206E-6
4.200E-1 1.50958538E-6
4.300E-1 2.1225671E-6
4.400E-1 2.93012274E-6
4.500E-1 3.94771711E-6
