0.000E+0 0
1.000E-2 3.02559418E-12
2.000E-2 7.27150013E-12
3.000E-2 1.32441978E-11
4.000E-2 2.16592578E-11
5.000E-2 3.35272205E-11
6.000E-2 5.02747305E-11
7.000E-2 7.39155406E-11
8.000E-2 1.07292213E-10
9.000E-2 1.54418304E-10
1.000E-1 2.20963781E-10
1.100E-1 3.14945199E-10
1.200E-1 4.47709389E-10
1.300E-1 6.3533887E-10
1.400E-1 9.00664255E-10
1.500E-1 1.27615138E-9
1.600E-1 1.80804961E-9
1.700E-1 2.5623591E-9
1.800E-1 3.63342113E-9
1.900E-1 5.15629098E-9
2.000E-1 7.32456465E-9
2.100E-1 1.04160692E-8
2.200E-1 1.48298923E-8
2.300E-1 2.11397626E-8
2.400E-1 3.01710124E-8
2.500E-1 4.31115487E-8
2.600E-1 6.16718692E-8
2.700E-1 8.83157971E-8
2.800E-1 1.26593152E-7
2.900E-1 1.81619295E-7
3.000E-1 2.60766118E-7
3.100E-1 3.74657148E-7
3.200E-1 5.38599286E-7
3.300E-1 7.74640034E-7
3.400E-1 1.11451764E-6
3.500E-1 1.60387965E-6
3.600E-1 2.30828991E-6
3.700E-1 3.32173087E-6
3.800E-1 4.77853159E-6
3.900E-1 6.86988848E-6
4.000E-1 9.86632022E-6
4.100E-1 1.41474329E-5
4.200E-1 2.02393911E-5
4.300E-1 2.88600029E-5
4.400E-1 4.09668112E-5
4.500E-1 5.78002791E-5
