0.000E+0 -0.190262892
1.000E-2 -0.190186075
2.000E-2 -0.190105441
3.000E-2 -0.190019692
4.000E-2 -0.189927037
5.000E-2 -0.189824998
6.000E-2 -0.189710145
7.000E-2 -0.189577732
8.000E-2 -0.189421193
9.000E-2 -0.189231434
1.000E-1 -0.188995857
1.100E-1 -0.188696983
1.200E-1 -0.188310535
1.300E-1 -0.187802725
1.400E-1 -0.187126442
1.500E-1 -0.186215854
1.600E-1 -0.184978759
1.700E-1 -0.183285746
1.800E-1 -0.180954798
1.900E-1 -0.177729432
2.000E-1 -0.173247642
2.100E-1 -0.16699778
2.200E-1 -0.158255884
2.300E-1 -0.145996694
2.400E-1 -0.128767366
2.500E-1 -0.104508434
2.600E-1 -0.0703003586
2.700E-1 -0.0220055324
2.800E-1 0.04623571
