0.000E+0 0
1.000E-2 1.21176103E-13
2.000E-2 2.95767175E-13
3.000E-2 5.47807909E-13
4.000E-2 9.12115556E-13
5.000E-2 1.4391124E-12
6.000E-2 2.20180307E-12
7.000E-2 3.30587321E-12
8.000E-2 4.90431531E-12
9.000E-2 7.21863039E-12
1.000E-1 1.05695988E-11
1.100E-1 1.54220033E-11
1.200E-1 2.24497379E-11
1.300E-1 3.26307558E-11
1.400E-1 4.73857697E-11
1.500E-1 6.87811762E-11
1.600E-1 9.98263372E-11
1.700E-1 1.44909537E-10
1.800E-1 2.1043778E-10
1.900E-1 3.05776197E-10
2.000E-1 4.44627799E-10
2.100E-1 6.47060383E-10
2.200E-1 9.42484557E-10
2.300E-1 1.37402955E-9
2.400E-1 2.00497355E-9
2.500E-1 2.92819366E-9
2.600E-1 4.2800539E-9
2.700E-1 6.2608152E-9
2.800E-1 9.16462747E-9
2.900E-1 1.34235948E-8
3.000E-1 1.96724969E-8
3.100E-1 2.88438034E-8
3.200E-1 4.23070522E-8
3.300E-1 6.20730715E-8
3.400E-1 9.1092697E-8
3.500E-1 1.33692583E-7
3.600E-1 1.96208593E-7
3.700E-1 2.87901076E-7
3.800E-1 4.22266154E-7
3.900E-1 6.18889964E-7
4.000E-1 9.06018423E-7
4.100E-1 1.32400697E-6
4.200E-1 1.92971365E-6
4.300E-1 2.80158586E-6
4.400E-1 4.04445561E-6
4.500E-1 5.79158954E-6
