0.000E+0 0
1.000E-2 1.78400925E-13
2.000E-2 4.29566138E-13
3.000E-2 7.83498138E-13
4.000E-2 1.28257094E-12
5.000E-2 1.98663494E-12
6.000E-2 2.98023331E-12
7.000E-2 4.38280725E-12
8.000E-2 6.36313512E-12
9.000E-2 9.15977216E-12
1.000E-1 1.31099999E-11
1.100E-1 1.86908497E-11
1.200E-1 2.65772637E-11
1.300E-1 3.77245887E-11
1.400E-1 5.34856223E-11
1.500E-1 7.57767285E-11
1.600E-1 1.07313641E-10
1.700E-1 1.5194623E-10
1.800E-1 2.15133806E-10
1.900E-1 3.04620004E-10
2.000E-1 4.31391069E-10
2.100E-1 6.11036617E-10
2.200E-1 8.65681931E-10
2.300E-1 1.22673192E-9
2.400E-1 1.73876774E-9
2.500E-1 2.46508025E-9
2.600E-1 3.495528E-9
2.700E-1 4.95769575E-9
2.800E-1 7.03273933E-9
2.900E-1 9.97788323E-9
3.000E-1 1.41583604E-8
3.100E-1 2.00927491E-8
3.200E-1 2.85173107E-8
3.300E-1 4.04772555E-8
3.400E-1 5.74561422E-8
3.500E-1 8.15592018E-8
3.600E-1 1.15772776E-7
3.700E-1 1.64330908E-7
3.800E-1 2.33232178E-7
3.900E-1 3.30966076E-7
4.000E-1 4.69529181E-7
4.100E-1 6.65837467E-7
4.200E-1 9.43670456E-7
4.300E-1 1.33631021E-6
4.400E-1 1.89004925E-6
4.500E-1 2.66870681E-6
