0.000E+0 0
1.000E-2 4.43997439E-16
2.000E-2 1.08712913E-15
3.000E-2 2.02069081E-15
4.000E-2 3.37771758E-15
5.000E-2 5.35201462E-15
6.000E-2 8.22586149E-15
7.000E-2 1.24103615E-14
8.000E-2 1.85042509E-14
9.000E-2 2.73797013E-14
1.000E-1 4.03076695E-14
1.100E-1 5.91413103E-14
1.200E-1 8.65848167E-14
1.300E-1 1.26588196E-13
1.400E-1 1.84928E-13
1.500E-1 2.7006296E-13
1.600E-1 3.94396338E-13
1.700E-1 5.76140179E-13
1.800E-1 8.42070427E-13
1.900E-1 1.23160044E-12
2.000E-1 1.80280553E-12
2.100E-1 2.6413344E-12
2.200E-1 3.87359271E-12
2.300E-1 5.68624884E-12
2.400E-1 8.35509654E-12
2.500E-1 1.22877677E-11
2.600E-1 1.80869472E-11
2.700E-1 2.66439383E-11
2.800E-1 3.92771622E-11
2.900E-1 5.79371817E-11
3.000E-1 8.55102162E-11
3.100E-1 1.2626748E-10
3.200E-1 1.86530411E-10
3.300E-1 2.75655537E-10
3.400E-1 4.0749251E-10
3.500E-1 6.02542587E-10
3.600E-1 8.91153782E-10
3.700E-1 1.31825001E-9
3.800E-1 1.95032934E-9
3.900E-1 2.88581698E-9
4.000E-1 4.27037432E-9
4.100E-1 6.31952147E-9
4.200E-1 9.35203347E-9
4.300E-1 1.38391681E-8
4.400E-1 2.04770697E-8
4.500E-1 3.02929112E-8
