0.000E+0 0
1.000E-2 8.99758339E-14
2.000E-2 2.1801631E-13
3.000E-2 4.00341284E-13
4.000E-2 6.60071929E-13
5.000E-2 1.03016256E-12
6.000E-2 1.55757829E-12
7.000E-2 2.30924968E-12
8.000E-2 3.38056443E-12
9.000E-2 4.90748364E-12
1.000E-1 7.0838418E-12
1.100E-1 1.01860668E-11
1.200E-1 1.46085302E-11
1.300E-1 2.09141371E-11
1.400E-1 2.99067763E-11
1.500E-1 4.27351376E-11
1.600E-1 6.10415433E-11
1.700E-1 8.7175384E-11
1.800E-1 1.24499262E-10
1.900E-1 1.77828162E-10
2.000E-1 2.54059455E-10
2.100E-1 3.6307665E-10
2.200E-1 5.19045662E-10
2.300E-1 7.42273747E-10
2.400E-1 1.06187453E-9
2.500E-1 1.51958695E-9
2.600E-1 2.17524404E-9
2.700E-1 3.11459659E-9
2.800E-1 4.46049006E-9
2.900E-1 6.38879949E-9
3.000E-1 9.15108407E-9
3.100E-1 1.31066688E-8
3.200E-1 1.87678357E-8
3.300E-1 2.68630401E-8
3.400E-1 3.84245782E-8
3.500E-1 5.49089759E-8
3.600E-1 7.83608124E-8
3.700E-1 1.11634669E-7
3.800E-1 1.58697841E-7
3.900E-1 2.25052882E-7
4.000E-1 3.1834902E-7
4.100E-1 4.49293876E-7
4.200E-1 6.33016054E-7
4.300E-1 8.91039047E-7
4.400E-1 1.25400007E-6
4.500E-1 1.7652141E-6
