0.000E+0 0
1.000E-2 1.11984087E-14
2.000E-2 2.71588441E-14
3.000E-2 4.99191921E-14
4.000E-2 8.23888518E-14
5.000E-2 1.28721226E-13
6.000E-2 1.94845593E-13
7.000E-2 2.89226815E-13
8.000E-2 4.23950968E-13
9.000E-2 6.16277521E-13
1.000E-1 8.90859829E-13
1.100E-1 1.28292367E-12
1.200E-1 1.84281988E-12
1.300E-1 2.64254872E-12
1.400E-1 3.78511468E-12
1.500E-1 5.41794471E-12
1.600E-1 7.75214077E-12
1.700E-1 1.10901094E-11
1.800E-1 1.58652185E-11
1.900E-1 2.26987224E-11
2.000E-1 3.2481478E-11
2.100E-1 4.64912567E-11
2.200E-1 6.65611597E-11
2.300E-1 9.53214125E-11
2.400E-1 1.36546518E-10
2.500E-1 1.95653697E-10
2.600E-1 2.80418568E-10
2.700E-1 4.02002772E-10
2.800E-1 5.76429558E-10
2.900E-1 8.26702628E-10
3.000E-1 1.18584872E-9
3.100E-1 1.70128672E-9
3.200E-1 2.44110162E-9
3.300E-1 3.50305393E-9
3.400E-1 5.02751716E-9
3.500E-1 7.21605569E-9
3.600E-1 1.03581018E-8
3.700E-1 1.48692618E-8
3.800E-1 2.1346317E-8
3.900E-1 3.06461928E-8
4.000E-1 4.39993259E-8
4.100E-1 6.31723936E-8
4.200E-1 9.07018487E-8
4.300E-1 1.30228976E-7
4.400E-1 1.86980412E-7
4.500E-1 2.68456914E-7
