0.000E+0 0
1.000E-2 1.5431414E-12
2.000E-2 3.72232169E-12
3.000E-2 6.80205372E-12
4.000E-2 1.11566869E-11
5.000E-2 1.73159557E-11
6.000E-2 2.60294429E-11
7.000E-2 3.83578632E-11
8.000E-2 5.58024108E-11
9.000E-2 8.04881935E-11
1.000E-1 1.15424603E-10
1.100E-1 1.6487524E-10
1.200E-1 2.34883976E-10
1.300E-1 3.3402372E-10
1.400E-1 4.74462941E-10
1.500E-1 6.73485768E-10
1.600E-1 9.55659517E-10
1.700E-1 1.35592644E-9
1.800E-1 1.92401472E-9
1.900E-1 2.73073257E-9
2.000E-1 3.87695005E-9
2.100E-1 5.50641751E-9
2.200E-1 7.82406046E-9
2.300E-1 1.11220921E-8
2.400E-1 1.58172862E-8
2.500E-1 2.25041833E-8
2.600E-1 3.20310441E-8
2.700E-1 4.56082794E-8
2.800E-1 6.49632477E-8
2.900E-1 9.256125E-8
3.000E-1 1.31921032E-7
3.100E-1 1.88065194E-7
3.200E-1 2.68163185E-7
3.300E-1 3.82449118E-7
3.400E-1 5.45531767E-7
3.500E-1 7.78263946E-7
3.600E-1 1.11040948E-6
3.700E-1 1.58444662E-6
3.800E-1 2.2609894E-6
3.900E-1 3.22650924E-6
4.000E-1 4.60432154E-6
4.100E-1 6.57019514E-6
4.200E-1 9.37448587E-6
4.300E-1 1.33734378E-5
4.400E-1 1.90732937E-5
4.500E-1 2.71921739E-5
