0.000E+0 -0.588269418
1.000E-2 -0.588261484
2.000E-2 -0.588253464
3.000E-2 -0.588245323
4.000E-2 -0.588237033
5.000E-2 -0.588228551
6.000E-2 -0.588219817
7.000E-2 -0.588210748
8.000E-2 -0.588201228
9.000E-2 -0.58819109
1.000E-1 -0.588180096
1.100E-1 -0.588167912
1.200E-1 -0.588154058
1.300E-1 -0.58813786
1.400E-1 -0.588118349
1.500E-1 -0.588094151
1.600E-1 -0.58806331
1.700E-1 -0.588023034
1.800E-1 -0.587969346
1.900E-1 -0.58789657
2.000E-1 -0.58779662
2.100E-1 -0.587657943
2.200E-1 -0.587464067
2.300E-1 -0.587191477
2.400E-1 -0.586806615
2.500E-1 -0.586261572
2.600E-1 -0.585487961
2.700E-1 -0.584388147
2.800E-1 -0.582822739
2.900E-1 -0.580592721
3.000E-1 -0.57741394
3.100E-1 -0.572880672
3.200E-1 -0.56641362
3.300E-1 -0.557185638
3.400E-1 -0.544015718
3.500E-1 -0.525217662
3.600E-1 -0.498384097
3.700E-1 -0.460078333
3.800E-1 -0.405394877
3.900E-1 -0.327332995
4.000E-1 -0.215904495
4.100E-1 -0.0568644349
4.200E-1 0.170091637
