0.000E+0 -0.236216964
1.000E-2 -0.236209954
2.000E-2 -0.236202904
3.000E-2 -0.236195813
4.000E-2 -0.236188677
5.000E-2 -0.23618149
6.000E-2 -0.236174245
7.000E-2 -0.236166933
8.000E-2 -0.236159542
9.000E-2 -0.236152054
1.000E-1 -0.236144445
1.100E-1 -0.23613668
1.200E-1 -0.23612871
1.300E-1 -0.236120468
1.400E-1 -0.236111857
1.500E-1 -0.236102736
1.600E-1 -0.236092907
1.700E-1 -0.236082082
1.800E-1 -0.23606985
1.900E-1 -0.236055614
2.000E-1 -0.236038512
2.100E-1 -0.236017296
2.200E-1 -0.235990158
2.300E-1 -0.235954469
2.400E-1 -0.235906414
2.500E-1 -0.235840444
2.600E-1 -0.235748485
2.700E-1 -0.235618782
2.800E-1 -0.235434211
2.900E-1 -0.235169818
3.000E-1 -0.234789224
3.100E-1 -0.234239371
3.200E-1 -0.233442862
3.300E-1 -0.23228676
3.400E-1 -0.230606234
3.500E-1 -0.228160672
3.600E-1 -0.224598773
3.700E-1 -0.219407568
3.800E-1 -0.211837914
3.900E-1 -0.200795662
4.000E-1 -0.18468263
4.100E-1 -0.161164272
4.200E-1 -0.126830259
4.300E-1 -0.076698679
4.400E-1 -0.00349192614
4.500E-1 0.103420535
