0.000E+0 -0.71465941
1.000E-2 -0.714658126
2.000E-2 -0.714656835
3.000E-2 -0.714655534
4.000E-2 -0.714654222
5.000E-2 -0.714652899
6.000E-2 -0.714651565
7.000E-2 -0.714650217
8.000E-2 -0.714648855
9.000E-2 -0.714647477
1.000E-1 -0.71464608
1.100E-1 -0.714644661
1.200E-1 -0.714643213
1.300E-1 -0.714641729
1.400E-1 -0.714640197
1.500E-1 -0.714638601
1.600E-1 -0.714636914
1.700E-1 -0.7146351
1.800E-1 -0.714633105
1.900E-1 -0.714630848
2.000E-1 -0.714628212
2.100E-1 -0.71462502
2.200E-1 -0.714621015
2.300E-1 -0.714615813
2.400E-1 -0.71460885
2.500E-1 -0.714599287
2.600E-1 -0.714585887
2.700E-1 -0.714566815
2.800E-1 -0.714539356
2.900E-1 -0.714499494
3.000E-1 -0.714441278
3.100E-1 -0.714355903
3.200E-1 -0.714230328
3.300E-1 -0.714045247
3.400E-1 -0.713772074
3.500E-1 -0.713368481
3.600E-1 -0.712771791
3.700E-1 -0.711889201
3.800E-1 -0.710583291
3.900E-1 -0.708650578
4.000E-1 -0.705789763
4.100E-1 -0.701554704
4.200E-1 -0.695284819
4.300E-1 -0.686002035
4.400E-1 -0.672258295
4.500E-1 -0.651909911
4.600E-1 -0.621783795
4.700E-1 -0.577184101
4.800E-1 -0.511163391
4.900E-1 -0.413447234
5.000E-1 -0.268849849
5.100E-1 -0.0549450762
5.200E-1 0.26134629
