0.000E+0 -0.72173374
1.000E-2 -0.721732456
2.000E-2 -0.721731167
3.000E-2 -0.721729868
4.000E-2 -0.721728557
5.000E-2 -0.721727234
6.000E-2 -0.721725897
7.000E-2 -0.721724545
8.000E-2 -0.721723173
9.000E-2 -0.721721779
1.000E-1 -0.721720358
1.100E-1 -0.7217189
1.200E-1 -0.721717394
1.300E-1 -0.721715824
1.400E-1 -0.721714165
1.500E-1 -0.721712381
1.600E-1 -0.72171042
1.700E-1 -0.721708206
1.800E-1 -0.721705626
1.900E-1 -0.721702516
2.000E-1 -0.721698634
2.100E-1 -0.721693624
2.200E-1 -0.721686966
2.300E-1 -0.721677891
2.400E-1 -0.721665273
2.500E-1 -0.721647454
2.600E-1 -0.721621996
2.700E-1 -0.721585314
2.800E-1 -0.721532137
2.900E-1 -0.721454711
3.000E-1 -0.721341635
3.100E-1 -0.721176142
3.200E-1 -0.720933575
3.300E-1 -0.720577686
3.400E-1 -0.720055187
3.500E-1 -0.719287783
3.600E-1 -0.718160475
3.700E-1 -0.716504497
3.800E-1 -0.714072431
3.900E-1 -0.710502131
4.000E-1 -0.705264702
4.100E-1 -0.697590147
4.200E-1 -0.686362301
4.300E-1 -0.669972441
4.400E-1 -0.646118466
4.500E-1 -0.61153263
4.600E-1 -0.561611567
4.700E-1 -0.489897934
4.800E-1 -0.387309029
4.900E-1 -0.240917843
5.000E-1 -0.0319946733
5.100E-1 0.267027129
