0.000E+0 0
1.000E-2 2.52461447E-14
2.000E-2 6.03288062E-14
3.000E-2 1.09137164E-13
4.000E-2 1.77098715E-13
5.000E-2 2.71788654E-13
6.000E-2 4.03781639E-13
7.000E-2 5.87843055E-13
8.000E-2 8.44596188E-13
9.000E-2 1.202857E-12
1.000E-1 1.70290604E-12
1.100E-1 2.40107644E-12
1.200E-1 3.37619101E-12
1.300E-1 4.73859791E-12
1.400E-1 6.64285826E-12
1.500E-1 9.30556671E-12
1.600E-1 1.30303859E-11
1.700E-1 1.82432198E-11
1.800E-1 2.55416348E-11
1.900E-1 3.57643058E-11
2.000E-1 5.00886036E-11
2.100E-1 7.01677318E-11
2.200E-1 9.832345E-11
2.300E-1 1.3781692E-10
2.400E-1 1.93229346E-10
2.500E-1 2.70996932E-10
2.600E-1 3.80162704E-10
2.700E-1 5.33433082E-10
2.800E-1 7.48662662E-10
2.900E-1 1.05094058E-9
3.000E-1 1.47552177E-9
3.100E-1 2.07194454E-9
3.200E-1 2.9098128E-9
3.300E-1 4.08691269E-9
3.400E-1 5.7405995E-9
3.500E-1 8.06375897E-9
3.600E-1 1.13271549E-8
3.700E-1 1.5910666E-8
3.800E-1 2.23468459E-8
3.900E-1 3.13814652E-8
4.000E-1 4.4057259E-8
4.100E-1 6.18289889E-8
4.200E-1 8.67199914E-8
4.300E-1 1.21532154E-7
4.400E-1 1.70121662E-7
4.500E-1 2.37749641E-7
