0.000E+0 0
1.000E-2 2.43916057E-13
2.000E-2 5.82728228E-13
3.000E-2 1.0539201E-12
4.000E-2 1.7097868E-12
5.000E-2 2.62329675E-12
6.000E-2 3.89628306E-12
7.000E-2 5.67089752E-12
8.000E-2 8.14563742E-12
9.000E-2 1.15977868E-11
1.000E-1 1.64148605E-11
1.100E-1 2.31386923E-11
1.200E-1 3.25272867E-11
1.300E-1 4.5641632E-11
1.400E-1 6.39675973E-11
1.500E-1 8.95871352E-11
1.600E-1 1.25418784E-10
1.700E-1 1.75555556E-10
1.800E-1 2.45739697E-10
1.900E-1 3.44029787E-10
2.000E-1 4.81738155E-10
2.100E-1 6.74748183E-10
2.200E-1 9.45365529E-10
2.300E-1 1.32491973E-9
2.400E-1 1.85742043E-9
2.500E-1 2.60469584E-9
2.600E-1 3.65361421E-9
2.700E-1 5.12623273E-9
2.800E-1 7.19405951E-9
2.900E-1 1.00980946E-8
3.000E-1 1.4176988E-8
3.100E-1 1.99065941E-8
3.200E-1 2.79555235E-8
3.300E-1 3.92631282E-8
3.400E-1 5.51489246E-8
3.500E-1 7.74660072E-8
3.600E-1 1.08815908E-7
3.700E-1 1.52849047E-7
3.800E-1 2.14683967E-7
3.900E-1 3.01490503E-7
4.000E-1 4.23297448E-7
4.100E-1 5.94104159E-7
4.200E-1 8.33396719E-7
4.300E-1 1.16818894E-6
4.400E-1 1.63571707E-6
4.500E-1 2.28689458E-6
